Crime ID,Month,Reported by,Falls within,Longitude,Latitude,Location,LSOA code,LSOA name,Crime type,Last outcome category,Context
,2012-12,Wiltshire Police,Wiltshire Police,-1.717849,51.930816,On or near Shepherds Way,E01022177,Cotswold 002A,Anti-social behaviour,,
,2012-12,Wiltshire Police,Wiltshire Police,-1.693527,51.698356,On or near Gassons Way,E01022210,Cotswold 009F,Anti-social behaviour,,
,2012-12,Wiltshire Police,Wiltshire Police,-1.930577,51.667562,On or near Beverstone Close,E01022223,Cotswold 010B,Anti-social behaviour,,
10554f6a04afaeb978ebf0077c1884b37c6af5bac7018a91ebfafa5e5b2c358f,2012-12,Wiltshire Police,Wiltshire Police,-1.987378,51.647873,On or near Park/Open Space,E01022224,Cotswold 010C,Other theft,Investigation complete; no suspect identified,
,2012-12,Wiltshire Police,Wiltshire Police,-1.932557,50.990432,On or near Howgare Road,E01023011,New Forest 001A,Anti-social behaviour,,
298b12310a6868fbd694b9109ab786cd0c051287bcfbc823f12a280ba4e9c8e6,2012-12,Wiltshire Police,Wiltshire Police,-0.767617,51.313185,On or near Ratcliffe Road,E01023106,Rushmoor 001C,Drugs,Offender given a drugs possession warning,
6ce7cda6ee954973c7d5d5b197206471c885531285232be24ac129d2769e81f6,2012-12,Wiltshire Police,Wiltshire Police,-0.767617,51.313185,On or near Ratcliffe Road,E01023106,Rushmoor 001C,Drugs,Offender given a caution,
,2012-12,Wiltshire Police,Wiltshire Police,-1.713694,51.632141,On or near The Archers,E01015519,Swindon 001A,Anti-social behaviour,,
f373fc6240f019fbfbf7a923b598d89daaa60bc176016333878c40d0a1fd6040,2012-12,Wiltshire Police,Wiltshire Police,-1.708699,51.635968,On or near Vorda Road,E01015519,Swindon 001A,Criminal damage and arson,Investigation complete; no suspect identified,
534d2491e8c32094c01a344dd8287c55c9c48bd4da3950a840d5f5f7e35f4adc,2012-12,Wiltshire Police,Wiltshire Police,-1.715289,51.631291,On or near Stapleton Close,E01015519,Swindon 001A,Other theft,Investigation complete; no suspect identified,
3a3a76a0c7208ee309e314453244fb330d09686d0bf5192a896ef0cc8785086c,2012-12,Wiltshire Police,Wiltshire Police,-1.715072,51.633583,On or near Supermarket,E01015519,Swindon 001A,Shoplifting,Investigation complete; no suspect identified,
,2012-12,Wiltshire Police,Wiltshire Police,-1.709933,51.630585,On or near High Street,E01015520,Swindon 001B,Anti-social behaviour,,
b80c9db1e67f202f693ef9860fd44909028a96a8d34603c2c868845fa681ff1f,2012-12,Wiltshire Police,Wiltshire Police,-1.710535,51.629121,On or near Supermarket,E01015520,Swindon 001B,Criminal damage and arson,Investigation complete; no suspect identified,
d3c7c525f4fecd8557e2a5ada8b31ede16fa54fd392dde5a68aa97c76aa2e2dd,2012-12,Wiltshire Police,Wiltshire Police,-1.710535,51.629121,On or near Supermarket,E01015520,Swindon 001B,Criminal damage and arson,Investigation complete; no suspect identified,
ea472c32650f6132e8e18bbd06ce3b27658b24d29cd633ddff8045b03d3a8aa2,2012-12,Wiltshire Police,Wiltshire Police,-1.710535,51.629121,On or near Supermarket,E01015520,Swindon 001B,Shoplifting,Offender given penalty notice,
d6ceb6db21fdf16e2657793be3af54f2423b9eca7a4965ad6a4e57ab16c69789,2012-12,Wiltshire Police,Wiltshire Police,-1.710535,51.629121,On or near Supermarket,E01015520,Swindon 001B,Shoplifting,Investigation complete; no suspect identified,
94cc6c9f4b045909d7fb2e8ec30d62970da66d4df2ae9fd26e34c92ef7921a5b,2012-12,Wiltshire Police,Wiltshire Police,-1.709933,51.630585,On or near High Street,E01015520,Swindon 001B,Violent crime,Court case unable to proceed,
,2012-12,Wiltshire Police,Wiltshire Police,-1.720719,51.634046,On or near Barra Close,E01015521,Swindon 001C,Anti-social behaviour,,
1a51c1fa18c29db7ea94354b7d1d1d3396f81a2ad55ea5cd1a00bd10a2a77e45,2012-12,Wiltshire Police,Wiltshire Police,-1.713616,51.635360,On or near Brookfield,E01015521,Swindon 001C,Burglary,Investigation complete; no suspect identified,
2dc5fc7153506556b3a394ac59053c6b920feff89a12cf1ec074568b13b5eef2,2012-12,Wiltshire Police,Wiltshire Police,-1.710007,51.637095,On or near Folly Way,E01015521,Swindon 001C,Burglary,Investigation complete; no suspect identified,
639afb5c02902f46c2e84b2b298755dc314525a4fb9bf798284e120ad4226769,2012-12,Wiltshire Police,Wiltshire Police,-1.711015,51.637682,On or near Henley Drive,E01015521,Swindon 001C,Burglary,Investigation complete; no suspect identified,
f00513dbce75d4cde1069f045258bf36e0ceb46fb6ae61930f8dc80fd78007de,2012-12,Wiltshire Police,Wiltshire Police,-1.711039,51.640757,On or near Blackworth,E01015521,Swindon 001C,Violent crime,Investigation complete; no suspect identified,
,2012-12,Wiltshire Police,Wiltshire Police,-1.706201,51.638030,On or near Knowlands,E01015522,Swindon 001D,Anti-social behaviour,,
,2012-12,Wiltshire Police,Wiltshire Police,-1.704167,51.639715,On or near Edencroft,E01015522,Swindon 001D,Anti-social behaviour,,
fddb2e128956d0c3ebca6a3f7ae5a4e232ee5fdf85682b62726a8f3b4e24fa55,2012-12,Wiltshire Police,Wiltshire Police,-1.704167,51.639715,On or near Edencroft,E01015522,Swindon 001D,Criminal damage and arson,Offender given suspended prison sentence,
95e0772b186cf6cbf5562d182997efc136639a94c00e2dea593188cfe8780ab6,2012-12,Wiltshire Police,Wiltshire Police,-1.706883,51.639749,On or near Sevenfields,E01015522,Swindon 001D,Drugs,Investigation complete; no suspect identified,
1ee29fd78c7b33cc148aa4449cf328af00c9ee69a8e2a2d01ba7b4da59d0248b,2012-12,Wiltshire Police,Wiltshire Police,-1.705281,51.635016,On or near The Dormers,E01015522,Swindon 001D,Shoplifting,Local resolution,
,2012-12,Wiltshire Police,Wiltshire Police,-1.717643,51.619770,On or near Swindon Road,E01015523,Swindon 001E,Anti-social behaviour,,
b9bbe365058445dd8af3065492ec164cd3e1a2816e30ee76102629bb9d11b33e,2012-12,Wiltshire Police,Wiltshire Police,-1.697447,51.609344,On or near Park/Open Space,E01015523,Swindon 001E,Drugs,Offender given penalty notice,
,2012-12,Wiltshire Police,Wiltshire Police,-1.784297,51.590482,On or near Westbury Road,E01015543,Swindon 003A,Anti-social behaviour,,
,2012-12,Wiltshire Police,Wiltshire Police,-1.784297,51.590482,On or near Westbury Road,E01015543,Swindon 003A,Anti-social behaviour,,
,2012-12,Wiltshire Police,Wiltshire Police,-1.785273,51.591644,On or near Winterslow Road,E01015543,Swindon 003A,Anti-social behaviour,,
,2012-12,Wiltshire Police,Wiltshire Police,-1.775835,51.585081,On or near Whitworth Road,E01015543,Swindon 003A,Anti-social behaviour,,
,2012-12,Wiltshire Police,Wiltshire Police,-1.784297,51.590482,On or near Westbury Road,E01015543,Swindon 003A,Anti-social behaviour,,
87b8153f872f9a8eeaa69bfc430255767c4beb8c1a610d0c4577c113b24f67a0,2012-12,Wiltshire Police,Wiltshire Police,-1.785273,51.591644,On or near Winterslow Road,E01015543,Swindon 003A,Burglary,Investigation complete; no suspect identified,
10fb2ba8d33390d34bf0212fb8e6a2fbc3275614c50d75e7d8e574626a7bb636,2012-12,Wiltshire Police,Wiltshire Police,-1.777276,51.588518,On or near Somerford Close,E01015543,Swindon 003A,Burglary,Investigation complete; no suspect identified,
e0ef3c031bcd38119517b0448e991b34165d32c7d69d0e348a44d1c69732826d,2012-12,Wiltshire Police,Wiltshire Police,-1.778166,51.589563,On or near Bremhill Close,E01015543,Swindon 003A,Criminal damage and arson,Investigation complete; no suspect identified,
2aba534b619dfa5834614b28750f127ad0d15a538cd72ecbbc4135ad0e187a1e,2012-12,Wiltshire Police,Wiltshire Police,-1.784349,51.585438,On or near Haydon View Road,E01015543,Swindon 003A,Criminal damage and arson,Investigation complete; no suspect identified,
3f9881fef5bb16dd6f28a8849a40ce030d5f4870bb90c55c06a3decfa23766eb,2012-12,Wiltshire Police,Wiltshire Police,-1.778166,51.589563,On or near Bremhill Close,E01015543,Swindon 003A,Criminal damage and arson,Investigation complete; no suspect identified,
02ffac5cac681b42682e42771ebfe4e4a401988c50b1a02b76a499ec337bb9d3,2012-12,Wiltshire Police,Wiltshire Police,-1.774868,51.588118,On or near Bradley Road,E01015543,Swindon 003A,Other theft,Investigation complete; no suspect identified,
c7550b4912ee73b11e5542671ddbf13a5d2f90be6eb10ef40f1c1a0713ae386e,2012-12,Wiltshire Police,Wiltshire Police,-1.778166,51.589563,On or near Bremhill Close,E01015543,Swindon 003A,Other theft,Investigation complete; no suspect identified,
,2012-12,Wiltshire Police,Wiltshire Police,-1.775934,51.591501,On or near Charlton Close,E01015544,Swindon 003B,Anti-social behaviour,,
,2012-12,Wiltshire Police,Wiltshire Police,-1.780850,51.589730,On or near Oaksey Road,E01015544,Swindon 003B,Anti-social behaviour,,
,2012-12,Wiltshire Police,Wiltshire Police,-1.781048,51.590530,On or near Penhill Drive,E01015544,Swindon 003B,Anti-social behaviour,,
,2012-12,Wiltshire Police,Wiltshire Police,-1.779733,51.588001,On or near Newton Way,E01015544,Swindon 003B,Anti-social behaviour,,
,2012-12,Wiltshire Police,Wiltshire Police,-1.777645,51.592880,On or near Durnford Road,E01015544,Swindon 003B,Anti-social behaviour,,
,2012-12,Wiltshire Police,Wiltshire Police,-1.780850,51.589730,On or near Oaksey Road,E01015544,Swindon 003B,Anti-social behaviour,,
,2012-12,Wiltshire Police,Wiltshire Police,-1.777645,51.592880,On or near Durnford Road,E01015544,Swindon 003B,Anti-social behaviour,,
,2012-12,Wiltshire Police,Wiltshire Police,-1.780094,51.590825,On or near Winsley Close,E01015544,Swindon 003B,Anti-social behaviour,,
,2012-12,Wiltshire Police,Wiltshire Police,-1.780850,51.589730,On or near Oaksey Road,E01015544,Swindon 003B,Anti-social behaviour,,
,2012-12,Wiltshire Police,Wiltshire Police,-1.780551,51.591923,On or near Corsham Road,E01015544,Swindon 003B,Anti-social behaviour,,
,2012-12,Wiltshire Police,Wiltshire Police,-1.779733,51.588001,On or near Newton Way,E01015544,Swindon 003B,Anti-social behaviour,,
,2012-12,Wiltshire Police,Wiltshire Police,-1.779796,51.592722,On or near Everleigh Road,E01015544,Swindon 003B,Anti-social behaviour,,
,2012-12,Wiltshire Police,Wiltshire Police,-1.777645,51.592880,On or near Durnford Road,E01015544,Swindon 003B,Anti-social behaviour,,
,2012-12,Wiltshire Police,Wiltshire Police,-1.781048,51.590530,On or near Penhill Drive,E01015544,Swindon 003B,Anti-social behaviour,,
,2012-12,Wiltshire Police,Wiltshire Police,-1.781048,51.590530,On or near Penhill Drive,E01015544,Swindon 003B,Anti-social behaviour,,
,2012-12,Wiltshire Police,Wiltshire Police,-1.779796,51.592722,On or near Everleigh Road,E01015544,Swindon 003B,Anti-social behaviour,,
,2012-12,Wiltshire Police,Wiltshire Police,-1.781048,51.590530,On or near Penhill Drive,E01015544,Swindon 003B,Anti-social behaviour,,
,2012-12,Wiltshire Police,Wiltshire Police,-1.781405,51.588499,On or near Inglesham Road,E01015544,Swindon 003B,Anti-social behaviour,,
d1820775f7737a5353334e4b631926bca927bd17e28367f7c9daaf9f98044aef,2012-12,Wiltshire Police,Wiltshire Police,-1.780850,51.589730,On or near Oaksey Road,E01015544,Swindon 003B,Burglary,Investigation complete; no suspect identified,
362cb5ec1e1cccc2d9c64f5f92810e2aab0c6ca10fd09cf03a7c99990682491c,2012-12,Wiltshire Police,Wiltshire Police,-1.781405,51.588499,On or near Inglesham Road,E01015544,Swindon 003B,Burglary,Investigation complete; no suspect identified,
f55f946ecafc5bfcbfa3aa5e3c4ce23986e162ea8c6256293ed2c117b2963ab0,2012-12,Wiltshire Police,Wiltshire Police,-1.775934,51.591501,On or near Charlton Close,E01015544,Swindon 003B,Burglary,Investigation complete; no suspect identified,
1de5c4b031070374dde4f0c7fe0ee0f5ce6c3079635fc0e07317c858abb308cd,2012-12,Wiltshire Police,Wiltshire Police,-1.781048,51.590530,On or near Penhill Drive,E01015544,Swindon 003B,Criminal damage and arson,Under investigation,
1b402d04e285017d4ca90a5defbace47bd94394a07ca808b4c6392f6a4a5414b,2012-12,Wiltshire Police,Wiltshire Police,-1.780094,51.590825,On or near Winsley Close,E01015544,Swindon 003B,Criminal damage and arson,Investigation complete; no suspect identified,
901139ce5dedb18f572fcdf66ad3df3601a690fc30323b16683a14ab6cdf465c,2012-12,Wiltshire Police,Wiltshire Police,-1.779796,51.592722,On or near Everleigh Road,E01015544,Swindon 003B,Criminal damage and arson,Investigation complete; no suspect identified,
a376e2015d8df6900eecee69d038bc101d93a9710968a63edc74070e51925eaa,2012-12,Wiltshire Police,Wiltshire Police,-1.781048,51.590530,On or near Penhill Drive,E01015544,Swindon 003B,Criminal damage and arson,Investigation complete; no suspect identified,
9cefffa6c27e0c3395a374d0935475ae59736c6442aa65f9b380ca1024bcdd56,2012-12,Wiltshire Police,Wiltshire Police,-1.781048,51.590530,On or near Penhill Drive,E01015544,Swindon 003B,Criminal damage and arson,Investigation complete; no suspect identified,
5ba904056f54186eeff77f10480fb6107063631ceaa95c27f6497a60753bf43d,2012-12,Wiltshire Police,Wiltshire Police,-1.780850,51.589730,On or near Oaksey Road,E01015544,Swindon 003B,Other theft,Under investigation,
cce8be9122c5371646e30fcede37ba2178074e5c544d64d9d3c463fc5b0d9ac4,2012-12,Wiltshire Police,Wiltshire Police,-1.777645,51.592880,On or near Durnford Road,E01015544,Swindon 003B,Other theft,Investigation complete; no suspect identified,
d48389a51c42e5143e40b0dbf065e195e369f23e069a4c657eba60cc5701d52b,2012-12,Wiltshire Police,Wiltshire Police,-1.781048,51.590530,On or near Penhill Drive,E01015544,Swindon 003B,Other theft,Investigation complete; no suspect identified,
546f1cf6dd172e4816ff676b24d4ba9e037e00881c3a30d0e3dda2a302a5329b,2012-12,Wiltshire Police,Wiltshire Police,-1.781048,51.590530,On or near Penhill Drive,E01015544,Swindon 003B,Public disorder and weapons,Offender given community sentence,
1e2e9d01d77993226c886fbb65adccf6203152895e33fd70d5516a3f21a9ef50,2012-12,Wiltshire Police,Wiltshire Police,-1.777645,51.592880,On or near Durnford Road,E01015544,Swindon 003B,Violent crime,Investigation complete; no suspect identified,
bf47c55b1c8f136e2941707449b0bfb90009068e6b23d7c50a80db9078cf1288,2012-12,Wiltshire Police,Wiltshire Police,-1.775934,51.591501,On or near Charlton Close,E01015544,Swindon 003B,Violent crime,Local resolution,
9134ef64e3cc4090acfeb03e8d901fbd2c82b8ff22a45eda1a65d086902e2670,2012-12,Wiltshire Police,Wiltshire Police,-1.781048,51.590530,On or near Penhill Drive,E01015544,Swindon 003B,Violent crime,Court result unavailable,
bf226f101335033a17ac5fd531ff62066cf61a3b114d4399ad09049b53694e86,2012-12,Wiltshire Police,Wiltshire Police,-1.779796,51.592722,On or near Everleigh Road,E01015544,Swindon 003B,Violent crime,Local resolution,
bf26a339d3e0b5350f8ac49bcf612d4c87f39b2b6416861f1e294bc2fba43238,2012-12,Wiltshire Police,Wiltshire Police,-1.781405,51.588499,On or near Inglesham Road,E01015544,Swindon 003B,Violent crime,Investigation complete; no suspect identified,
c14eea8d1237a0f11aa445d642af78f219b97ad39786671f4171efa9c37dc805,2012-12,Wiltshire Police,Wiltshire Police,-1.779733,51.588001,On or near Newton Way,E01015544,Swindon 003B,Violent crime,Offender given a caution,
,2012-12,Wiltshire Police,Wiltshire Police,-1.789114,51.594339,On or near Minety Road,E01015545,Swindon 003C,Anti-social behaviour,,
,2012-12,Wiltshire Police,Wiltshire Police,-1.789114,51.594339,On or near Minety Road,E01015545,Swindon 003C,Anti-social behaviour,,
,2012-12,Wiltshire Police,Wiltshire Police,-1.781937,51.594794,On or near Hilmarton Avenue,E01015545,Swindon 003C,Anti-social behaviour,,
,2012-12,Wiltshire Police,Wiltshire Police,-1.780208,51.594224,On or near Alton Close,E01015545,Swindon 003C,Anti-social behaviour,,
,2012-12,Wiltshire Police,Wiltshire Police,-1.780208,51.594224,On or near Alton Close,E01015545,Swindon 003C,Anti-social behaviour,,
,2012-12,Wiltshire Police,Wiltshire Police,-1.782851,51.596927,On or near Tisbury Close,E01015545,Swindon 003C,Anti-social behaviour,,
,2012-12,Wiltshire Police,Wiltshire Police,-1.780208,51.594224,On or near Alton Close,E01015545,Swindon 003C,Anti-social behaviour,,
,2012-12,Wiltshire Police,Wiltshire Police,-1.786285,51.594217,On or near Allington Road,E01015545,Swindon 003C,Anti-social behaviour,,
80f47584a6e673b5b9bf5c47576f4f2785e2e31942034854e5e893ec6073946e,2012-12,Wiltshire Police,Wiltshire Police,-1.780125,51.596454,On or near Kencot Court,E01015545,Swindon 003C,Criminal damage and arson,Investigation complete; no suspect identified,
b715a015878b04cc8f32adddb9853bb34f267b1454685e1c9508c1f533169497,2012-12,Wiltshire Police,Wiltshire Police,-1.786285,51.594217,On or near Allington Road,E01015545,Swindon 003C,Criminal damage and arson,Investigation complete; no suspect identified,
3c7c634aadf28637bfe752a1958fd20e3b5245537efb1e1d0ec1f70a6316b1a3,2012-12,Wiltshire Police,Wiltshire Police,-1.779279,51.595167,On or near Warminster Avenue,E01015545,Swindon 003C,Criminal damage and arson,Investigation complete; no suspect identified,
fe1902b8fdf5f5da978258f77713a881587e89784b81ff8454908adc1cb02ce3,2012-12,Wiltshire Police,Wiltshire Police,-1.779279,51.595167,On or near Warminster Avenue,E01015545,Swindon 003C,Criminal damage and arson,Investigation complete; no suspect identified,
1af385bccb5651eebed355e1c99b8f688d461a002c41326ea4779158bd707a1f,2012-12,Wiltshire Police,Wiltshire Police,-1.782030,51.596520,On or near Staverton Way,E01015545,Swindon 003C,Criminal damage and arson,Investigation complete; no suspect identified,
148d7148fd923abd497fe2f27e21885fe977d2d9b0eca0340544af43e449e2d1,2012-12,Wiltshire Police,Wiltshire Police,-1.779279,51.595167,On or near Warminster Avenue,E01015545,Swindon 003C,Criminal damage and arson,Investigation complete; no suspect identified,
775312e37601bb94d2cc93fe9aa0b223d1dc9eb59505e68f1bda5319caa7cc9d,2012-12,Wiltshire Police,Wiltshire Police,-1.782851,51.596927,On or near Tisbury Close,E01015545,Swindon 003C,Other theft,Investigation complete; no suspect identified,
11280cd8d35ac08205d5ae744122f4cc4cf80c3cbc84b7bb23812c47a5c90272,2012-12,Wiltshire Police,Wiltshire Police,-1.783492,51.595768,On or near Odstock Road,E01015545,Swindon 003C,Vehicle crime,Investigation complete; no suspect identified,
3cb0d0e6450243aa996b88976a823cebd440e30d3610c1886cf2361ab27f9af6,2012-12,Wiltshire Police,Wiltshire Police,-1.779233,51.595760,On or near Woodford Close,E01015545,Swindon 003C,Vehicle crime,Investigation complete; no suspect identified,
2f901be589d461a3072ab57f64166557c573d14971b01b54c3896d25e7bd4106,2012-12,Wiltshire Police,Wiltshire Police,-1.785051,51.595780,On or near Lyneham Close,E01015545,Swindon 003C,Violent crime,Investigation complete; no suspect identified,
830cc7d02a217b52062bbd3fa16ff61801ac4478a0c43c81b6c757379efd94fb,2012-12,Wiltshire Police,Wiltshire Police,-1.780208,51.594224,On or near Alton Close,E01015545,Swindon 003C,Violent crime,Investigation complete; no suspect identified,
41cd13de8fc9c80684ac1490ea1b02a033e0c2f8722dff176ec91caef380926e,2012-12,Wiltshire Police,Wiltshire Police,-1.779233,51.595760,On or near Woodford Close,E01015545,Swindon 003C,Violent crime,Offender given a caution,
fa71a2e1fdc559eb79ba3a474dd6952635ef7f9523a3b1cf2c29b5db41741a7a,2012-12,Wiltshire Police,Wiltshire Police,-1.779233,51.595760,On or near Woodford Close,E01015545,Swindon 003C,Violent crime,Offender given a caution,
89abe72dbd0a28d3077c2c6f22b7f5bdeaf79acd41ab0100ac87f15a7b0c2bf4,2012-12,Wiltshire Police,Wiltshire Police,-1.785051,51.595780,On or near Lyneham Close,E01015545,Swindon 003C,Violent crime,Investigation complete; no suspect identified,
,2012-12,Wiltshire Police,Wiltshire Police,-1.788025,51.595866,On or near Ramsbury Avenue,E01015546,Swindon 003D,Anti-social behaviour,,
,2012-12,Wiltshire Police,Wiltshire Police,-1.781936,51.592087,On or near Sherston Avenue,E01015546,Swindon 003D,Anti-social behaviour,,
,2012-12,Wiltshire Police,Wiltshire Police,-1.787213,51.593446,On or near Southwick Avenue,E01015546,Swindon 003D,Anti-social behaviour,,
,2012-12,Wiltshire Police,Wiltshire Police,-1.784485,51.593450,On or near Heddington Close,E01015546,Swindon 003D,Anti-social behaviour,,
,2012-12,Wiltshire Police,Wiltshire Police,-1.784485,51.593450,On or near Heddington Close,E01015546,Swindon 003D,Anti-social behaviour,,
,2012-12,Wiltshire Police,Wiltshire Police,-1.790274,51.593298,On or near Avebury Road,E01015546,Swindon 003D,Anti-social behaviour,,
,2012-12,Wiltshire Police,Wiltshire Police,-1.789740,51.593369,On or near Heywood Close,E01015546,Swindon 003D,Anti-social behaviour,,
,2012-12,Wiltshire Police,Wiltshire Police,-1.791606,51.595630,On or near Latton Close,E01015546,Swindon 003D,Anti-social behaviour,,
,2012-12,Wiltshire Police,Wiltshire Police,-1.781936,51.592087,On or near Sherston Avenue,E01015546,Swindon 003D,Anti-social behaviour,,
,2012-12,Wiltshire Police,Wiltshire Police,-1.789815,51.595743,On or near Melksham Close,E01015546,Swindon 003D,Anti-social behaviour,,
,2012-12,Wiltshire Police,Wiltshire Police,-1.788025,51.595866,On or near Ramsbury Avenue,E01015546,Swindon 003D,Anti-social behaviour,,
,2012-12,Wiltshire Police,Wiltshire Police,-1.788127,51.592530,On or near Rushall Close,E01015546,Swindon 003D,Anti-social behaviour,,
,2012-12,Wiltshire Police,Wiltshire Police,-1.784105,51.594375,On or near Redlynch Close,E01015546,Swindon 003D,Anti-social behaviour,,
,2012-12,Wiltshire Police,Wiltshire Police,-1.781936,51.592087,On or near Sherston Avenue,E01015546,Swindon 003D,Anti-social behaviour,,
,2012-12,Wiltshire Police,Wiltshire Police,-1.781936,51.592087,On or near Sherston Avenue,E01015546,Swindon 003D,Anti-social behaviour,,
8ab151075c36e92ad807708d27a98330345c5f8a01ab052aece41c1991632011,2012-12,Wiltshire Police,Wiltshire Police,-1.788025,51.595866,On or near Ramsbury Avenue,E01015546,Swindon 003D,Burglary,Investigation complete; no suspect identified,
0cb4949eb0a761fc809be8564b17b0ef25941465ed352da051255fff5ade4005,2012-12,Wiltshire Police,Wiltshire Police,-1.784105,51.594375,On or near Redlynch Close,E01015546,Swindon 003D,Criminal damage and arson,Investigation complete; no suspect identified,
1550e9f4a3d77c78b37171746454a1d70fe8462efd80136062ccf121ddb240e3,2012-12,Wiltshire Police,Wiltshire Police,-1.784105,51.594375,On or near Redlynch Close,E01015546,Swindon 003D,Criminal damage and arson,Investigation complete; no suspect identified,
88fa1aea7fcfda7bda9b4c0e0ebeb0a93c9a286135e80b760f60c1833e7a536c,2012-12,Wiltshire Police,Wiltshire Police,-1.788025,51.595866,On or near Ramsbury Avenue,E01015546,Swindon 003D,Criminal damage and arson,Investigation complete; no suspect identified,
133a1810e63b35549597deebacf4b2447023ba4e7043b9cb730a055f7aeb826d,2012-12,Wiltshire Police,Wiltshire Police,-1.783681,51.592522,On or near Milston Avenue,E01015546,Swindon 003D,Criminal damage and arson,Investigation complete; no suspect identified,
58eba3ac02d9455251d3b16bdbb76b41c12c94cdb9dc8130315773c7de700425,2012-12,Wiltshire Police,Wiltshire Police,-1.781936,51.592087,On or near Sherston Avenue,E01015546,Swindon 003D,Criminal damage and arson,Investigation complete; no suspect identified,
b2477db08d7c5359844c4aa13f771715a48e9823a766a641160739b96bde7170,2012-12,Wiltshire Police,Wiltshire Police,-1.783681,51.592522,On or near Milston Avenue,E01015546,Swindon 003D,Drugs,Offender given community sentence,
d4f53a12faf9c3922e73ba3d4ae64e9dec559823f5412eec8bd1f66ef5964c24,2012-12,Wiltshire Police,Wiltshire Police,-1.786722,51.593382,On or near Bratton Close,E01015546,Swindon 003D,Vehicle crime,Investigation complete; no suspect identified,
f2b633132b9aaee25c93014b9ac4286daba9e169ec022be829925c196849f22e,2012-12,Wiltshire Police,Wiltshire Police,-1.784105,51.594375,On or near Redlynch Close,E01015546,Swindon 003D,Vehicle crime,Under investigation,
258d778148879c2b8cabaa1328f81386f81422818b0e542a2eed3e8af9a0a378,2012-12,Wiltshire Police,Wiltshire Police,-1.790274,51.593298,On or near Avebury Road,E01015546,Swindon 003D,Violent crime,Investigation complete; no suspect identified,
31c1ecdbd6e498e85599c45b0cf11519e6b1e5e2573a7be48905f5d873c02556,2012-12,Wiltshire Police,Wiltshire Police,-1.789815,51.595743,On or near Melksham Close,E01015546,Swindon 003D,Violent crime,Court result unavailable,
b5ae3e1e7e35a39cf5830056cffdcaadd7ba015d711667acd6e22933b65f7337,2012-12,Wiltshire Police,Wiltshire Police,-1.791606,51.595630,On or near Latton Close,E01015546,Swindon 003D,Violent crime,Investigation complete; no suspect identified,
d04e0f5be5dc436861cb88573d0e20df451da8b00c3bde20a8ea326b63427d59,2012-12,Wiltshire Police,Wiltshire Police,-1.787213,51.593446,On or near Southwick Avenue,E01015546,Swindon 003D,Violent crime,Offender sent to prison,
c6da0bf58c12cde253bb5d28d273f7eb385e95338f38733a49dd1ce9086af02a,2012-12,Wiltshire Police,Wiltshire Police,-1.786722,51.593382,On or near Bratton Close,E01015546,Swindon 003D,Violent crime,Offender sent to prison,
5f450e14c735aadab464a5c360316ba44232d6ed760418c8128b3d903433f534,2012-12,Wiltshire Police,Wiltshire Police,-1.787213,51.593446,On or near Southwick Avenue,E01015546,Swindon 003D,Violent crime,Offender sent to prison,
2eff3c0ef976a6db89d9376da9a719500f3326e698c00801b5ca776c9f71a918,2012-12,Wiltshire Police,Wiltshire Police,-1.789815,51.595743,On or near Melksham Close,E01015546,Swindon 003D,Violent crime,Investigation complete; no suspect identified,
52f78f115e77855356a36e7e06302873e5a4c8314c65d5f5bcf4dc381e425f02,2012-12,Wiltshire Police,Wiltshire Police,-1.789740,51.593369,On or near Heywood Close,E01015546,Swindon 003D,Violent crime,Offender given community sentence,
a090b17617205e65c4b5e7cf4367bd2df48562f3e683793d70d87ae6302e53d6,2012-12,Wiltshire Police,Wiltshire Police,-1.787213,51.593446,On or near Southwick Avenue,E01015546,Swindon 003D,Violent crime,Court result unavailable,
48c9c16428fc72f8a3faf81763d6c2a4e70605acc3c72676edcc5b2956c57f6b,2012-12,Wiltshire Police,Wiltshire Police,-1.786722,51.593382,On or near Bratton Close,E01015546,Swindon 003D,Violent crime,Investigation complete; no suspect identified,
56e7ba64835c5e629337f56513c33f8c7dc064fd7344baf055104d9505c118d3,2012-12,Wiltshire Police,Wiltshire Police,-1.787213,51.593446,On or near Southwick Avenue,E01015546,Swindon 003D,Violent crime,Court result unavailable,
9dd752dabe76a62fc8704f72968853a13af22bc3e0c8ebd3ee1bb301d6787b47,2012-12,Wiltshire Police,Wiltshire Police,-1.789815,51.595743,On or near Melksham Close,E01015546,Swindon 003D,Violent crime,Court result unavailable,
7a20926575cf9c6b8bccc5372280cf291a23bbaa12ae6716888e683da41ceb6a,2012-12,Wiltshire Police,Wiltshire Police,-1.788025,51.595866,On or near Ramsbury Avenue,E01015546,Swindon 003D,Violent crime,Investigation complete; no suspect identified,
43c80387a6c83294b33f5ae4f67027eb1529ad80c36a50305198ac266c833488,2012-12,Wiltshire Police,Wiltshire Police,-1.790274,51.593298,On or near Avebury Road,E01015546,Swindon 003D,Violent crime,Offender given a caution,
962770ab51aa8abbc52b0a1981f682a954c3536a4045b283aa0ca16c6781d809,2012-12,Wiltshire Police,Wiltshire Police,-1.789740,51.593369,On or near Heywood Close,E01015546,Swindon 003D,Other crime,Investigation complete; no suspect identified,
,2012-12,Wiltshire Police,Wiltshire Police,-1.811589,51.591491,On or near Mellow Ground,E01015513,Swindon 004A,Anti-social behaviour,,
9b6e190207e6a3edb13ac3ba45329132191d16afabbf4b9da6766913ae283e60,2012-12,Wiltshire Police,Wiltshire Police,-1.812185,51.593920,On or near Speedwell Close,E01015513,Swindon 004A,Burglary,Investigation complete; no suspect identified,
5e50da988d7f6014cc8c85438c9ef75a8d0d803d95ecfa508569c63a87783ac5,2012-12,Wiltshire Police,Wiltshire Police,-1.810079,51.593413,On or near Pedestrian Subway,E01015513,Swindon 004A,Criminal damage and arson,Investigation complete; no suspect identified,
d5041e259c3135909cf3007d779c38e36808f2ef3ae74b7742560b1472b2ec41,2012-12,Wiltshire Police,Wiltshire Police,-1.815494,51.593125,On or near Primrose Close,E01015513,Swindon 004A,Criminal damage and arson,Investigation complete; no suspect identified,
c402acb797fb6d28f03ec18da3c0376b3e712e8241cde61ee15d5032dee9d6b7,2012-12,Wiltshire Police,Wiltshire Police,-1.810079,51.593413,On or near Pedestrian Subway,E01015513,Swindon 004A,Shoplifting,Investigation complete; no suspect identified,
d8af2c38668fa7f4728890da3d1eb850365a219fcfac110d176919ed55ff2ea3,2012-12,Wiltshire Police,Wiltshire Police,-1.811589,51.591491,On or near Mellow Ground,E01015513,Swindon 004A,Violent crime,Offender given community sentence,
,2012-12,Wiltshire Police,Wiltshire Police,-1.796217,51.587923,On or near Trent Road,E01015514,Swindon 004B,Anti-social behaviour,,
,2012-12,Wiltshire Police,Wiltshire Police,-1.796217,51.587923,On or near Trent Road,E01015514,Swindon 004B,Anti-social behaviour,,
,2012-12,Wiltshire Police,Wiltshire Police,-1.803342,51.592539,On or near Pond Street,E01015514,Swindon 004B,Anti-social behaviour,,
c4e199d595385b0c1227e0186bd376b5196e0f97b580479eaef83ace00131b3f,2012-12,Wiltshire Police,Wiltshire Police,-1.801852,51.586404,On or near Medway Road,E01015514,Swindon 004B,Burglary,Investigation complete; no suspect identified,
337ade1806d01aba793335457f7207c4c077d4706c79ce52c261341279bb330c,2012-12,Wiltshire Police,Wiltshire Police,-1.796217,51.587923,On or near Trent Road,E01015514,Swindon 004B,Burglary,Investigation complete; no suspect identified,
e4652c59a5321b543c08caaf42aa0248696b031f9eb887cb614d376db86a4183,2012-12,Wiltshire Police,Wiltshire Police,-1.802721,51.589157,On or near Green Valley Avenue,E01015514,Swindon 004B,Criminal damage and arson,Local resolution,
faec4d95d53df96f3dfbe452e825f2b9e3e67556b08b7d9589a6c441acdb6248,2012-12,Wiltshire Police,Wiltshire Police,-1.796217,51.587923,On or near Trent Road,E01015514,Swindon 004B,Criminal damage and arson,Investigation complete; no suspect identified,
8c608e9454b39a68fa141fadf872553507c00558c9acd8dca467b37bdfe8d18c,2012-12,Wiltshire Police,Wiltshire Police,-1.796217,51.587923,On or near Trent Road,E01015514,Swindon 004B,Other theft,Investigation complete; no suspect identified,
bbe9ade79bf6f80f9957122812be5d6e8ab608f5df09fabe5d402aedac550f88,2012-12,Wiltshire Police,Wiltshire Police,-1.802262,51.591935,On or near Seaton Close,E01015514,Swindon 004B,Violent crime,Unable to prosecute suspect,
5a68b924408aff747cbdde3f1fb71d319af0ab8cbdb20694ad2cc793061e0a0c,2012-12,Wiltshire Police,Wiltshire Police,-1.803342,51.592539,On or near Pond Street,E01015514,Swindon 004B,Violent crime,Investigation complete; no suspect identified,
,2012-12,Wiltshire Police,Wiltshire Police,-1.817602,51.593029,On or near Sage Close,E01015515,Swindon 004C,Anti-social behaviour,,
,2012-12,Wiltshire Police,Wiltshire Police,-1.809596,51.591605,On or near Haydon Court,E01015516,Swindon 004D,Anti-social behaviour,,
,2012-12,Wiltshire Police,Wiltshire Police,-1.809596,51.591605,On or near Haydon Court,E01015516,Swindon 004D,Anti-social behaviour,,
,2012-12,Wiltshire Police,Wiltshire Police,-1.809596,51.591605,On or near Haydon Court,E01015516,Swindon 004D,Anti-social behaviour,,
cf6f435f4b39fb5e504c619e3c04dee28d00ceff2c06296f8358ef4cabdab983,2012-12,Wiltshire Police,Wiltshire Police,-1.808205,51.589436,On or near Sports/Recreation Area,E01015516,Swindon 004D,Other theft,Investigation complete; no suspect identified,
,2012-12,Wiltshire Police,Wiltshire Police,-1.791480,51.588400,On or near Stour Walk,E01015517,Swindon 004E,Anti-social behaviour,,
7e22afdcb5ffd98c419a85d12ae9a11fb3689f0ae0117ea78273d458c3e3e05b,2012-12,Wiltshire Police,Wiltshire Police,-1.792299,51.586136,On or near Dart Avenue,E01015517,Swindon 004E,Vehicle crime,Investigation complete; no suspect identified,
,2012-12,Wiltshire Police,Wiltshire Police,-1.773954,51.591911,On or near Petrol Station,E01015555,Swindon 005A,Anti-social behaviour,,
,2012-12,Wiltshire Police,Wiltshire Police,-1.768183,51.588411,On or near Beechcroft Road,E01015555,Swindon 005A,Anti-social behaviour,,
01c937173cc804fdc45fa7b4c486de4d20c4d8e5ed2e422305dfe97a088a4c97,2012-12,Wiltshire Police,Wiltshire Police,-1.768183,51.588411,On or near Beechcroft Road,E01015555,Swindon 005A,Criminal damage and arson,Investigation complete; no suspect identified,
eb1e8f73929b5c00805df2a11568189fdb96ad2deec1b339da7368597eacfd5a,2012-12,Wiltshire Police,Wiltshire Police,-1.773954,51.591911,On or near Petrol Station,E01015555,Swindon 005A,Violent crime,Investigation complete; no suspect identified,
,2012-12,Wiltshire Police,Wiltshire Police,-1.762303,51.595124,On or near Hare Close,E01015556,Swindon 005B,Anti-social behaviour,,
,2012-12,Wiltshire Police,Wiltshire Police,-1.763927,51.593572,On or near Hyde Road,E01015556,Swindon 005B,Anti-social behaviour,,
03b2426f9491565f5a62ce7fe6d69cfd93d3ae0b3a90fa0374b4aeb963d99e21,2012-12,Wiltshire Police,Wiltshire Police,-1.764896,51.596128,On or near Pearce Close,E01015556,Swindon 005B,Criminal damage and arson,Investigation complete; no suspect identified,
bda526ab45b2790894d0471dfc17a8f12b84b9a63847d90f44f7acf450dd2444,2012-12,Wiltshire Police,Wiltshire Police,-1.763734,51.594705,On or near Jole Close,E01015556,Swindon 005B,Criminal damage and arson,Investigation complete; no suspect identified,
edb40766a65c949347d3335782baf3f844e88c8b8e0abec60d16a0f647bdbe46,2012-12,Wiltshire Police,Wiltshire Police,-1.766627,51.593542,On or near Ridgeway Road,E01015556,Swindon 005B,Criminal damage and arson,Investigation complete; no suspect identified,
bc74488e33b81820ac58a49213cc2f6a18b3d56bb8974a8214855e2da0227969,2012-12,Wiltshire Police,Wiltshire Police,-1.776384,51.593848,On or near Cricklade Road,E01015556,Swindon 005B,Violent crime,Court result unavailable,
9e2553fc46242985c775aebda9bd3ab1d9212a7facc2a84c2b148cff57602b98,2012-12,Wiltshire Police,Wiltshire Police,-1.776384,51.593848,On or near Cricklade Road,E01015556,Swindon 005B,Violent crime,Court result unavailable,
3b71d0920d05688e87e264c18c0081bc497f12578ba36aa8e49c383da121724e,2012-12,Wiltshire Police,Wiltshire Police,-1.769025,51.593214,On or near Dukes Close,E01015556,Swindon 005B,Violent crime,Offender given suspended prison sentence,
24f14e5276322ee6045783470f754f9d6a34911fd537c2e3ca212d037db94ab5,2012-12,Wiltshire Police,Wiltshire Police,-1.776384,51.593848,On or near Cricklade Road,E01015556,Swindon 005B,Violent crime,Offender otherwise dealt with,
,2012-12,Wiltshire Police,Wiltshire Police,-1.763080,51.595585,On or near Boundary Close,E01015557,Swindon 005C,Anti-social behaviour,,
,2012-12,Wiltshire Police,Wiltshire Police,-1.752232,51.596713,On or near Kingsdown Road,E01015557,Swindon 005C,Anti-social behaviour,,
,2012-12,Wiltshire Police,Wiltshire Police,-1.754990,51.588456,On or near Oak Garden,E01015557,Swindon 005C,Anti-social behaviour,,
,2012-12,Wiltshire Police,Wiltshire Police,-1.763080,51.595585,On or near Boundary Close,E01015557,Swindon 005C,Anti-social behaviour,,
850bb6d6e61dd5ab18bce0c7eb6d3b1dec99762ec039f725d895115e02ccb5fc,2012-12,Wiltshire Police,Wiltshire Police,-1.760417,51.594096,On or near Archer Close,E01015557,Swindon 005C,Burglary,Under investigation,
967a50d9d53ba7e3100f6e9a1d835c8109e8c811bd38a328439e6902927c4da4,2012-12,Wiltshire Police,Wiltshire Police,-1.755138,51.595973,On or near Parking Area,E01015557,Swindon 005C,Burglary,Investigation complete; no suspect identified,
308b97ce1fb53a56926446d068857dc78c2a2020142745c1064460865ab3f0fb,2012-12,Wiltshire Police,Wiltshire Police,-1.759906,51.595093,On or near Fuller Close,E01015557,Swindon 005C,Vehicle crime,Investigation complete; no suspect identified,
e1c5c1439ca341084791f34cd1ac68afd2d289338d5cd5e6d54338d145c754bd,2012-12,Wiltshire Police,Wiltshire Police,-1.759906,51.595093,On or near Fuller Close,E01015557,Swindon 005C,Vehicle crime,Investigation complete; no suspect identified,
,2012-12,Wiltshire Police,Wiltshire Police,-1.762607,51.581018,On or near Gower Close,E01015558,Swindon 005D,Anti-social behaviour,,
,2012-12,Wiltshire Police,Wiltshire Police,-1.758464,51.586656,On or near Pinnock'S Place,E01015558,Swindon 005D,Anti-social behaviour,,
,2012-12,Wiltshire Police,Wiltshire Police,-1.758464,51.586656,On or near Pinnock'S Place,E01015558,Swindon 005D,Anti-social behaviour,,
,2012-12,Wiltshire Police,Wiltshire Police,-1.758464,51.586656,On or near Pinnock'S Place,E01015558,Swindon 005D,Anti-social behaviour,,
,2012-12,Wiltshire Police,Wiltshire Police,-1.758464,51.586656,On or near Pinnock'S Place,E01015558,Swindon 005D,Anti-social behaviour,,
,2012-12,Wiltshire Police,Wiltshire Police,-1.767042,51.585801,On or near Clays Close,E01015558,Swindon 005D,Anti-social behaviour,,
,2012-12,Wiltshire Police,Wiltshire Police,-1.762607,51.581018,On or near Gower Close,E01015558,Swindon 005D,Anti-social behaviour,,
b9e58f453765bf24b5ccf1866ab4f1efb77db6b8bbe1e354313876bd48adc659,2012-12,Wiltshire Police,Wiltshire Police,-1.758464,51.586656,On or near Pinnock'S Place,E01015558,Swindon 005D,Criminal damage and arson,Offender given a caution,
b0d737c0a37675d946571edac6106bf8fc3927cd359f1fbde59b06ba9b77bd92,2012-12,Wiltshire Police,Wiltshire Police,-1.764025,51.585975,On or near Sports/Recreation Area,E01015558,Swindon 005D,Other theft,Investigation complete; no suspect identified,
236b76eae04e714b896803ad716974a0c10f32c3c7a7e68a7830454cc283edfa,2012-12,Wiltshire Police,Wiltshire Police,-1.762752,51.583598,On or near Church Walk,E01015558,Swindon 005D,Vehicle crime,Investigation complete; no suspect identified,
,2012-12,Wiltshire Police,Wiltshire Police,-1.769174,51.586686,On or near Haig Close,E01015559,Swindon 005E,Anti-social behaviour,,
,2012-12,Wiltshire Police,Wiltshire Police,-1.761546,51.587948,On or near Lansbury Drive,E01015559,Swindon 005E,Anti-social behaviour,,
,2012-12,Wiltshire Police,Wiltshire Police,-1.769174,51.586686,On or near Haig Close,E01015559,Swindon 005E,Anti-social behaviour,,
3a318188ed191106383775d54f139cdb2597aba90667d7a452e71063528aedca,2012-12,Wiltshire Police,Wiltshire Police,-1.762784,51.588517,On or near Dockle Way,E01015559,Swindon 005E,Criminal damage and arson,Offender sent to prison,
c9f9c86db7e51cf2e858aa4d6a3c727e554a841ad40c98011617c1ebd50077e6,2012-12,Wiltshire Police,Wiltshire Police,-1.764310,51.589302,On or near Burns Way,E01015559,Swindon 005E,Criminal damage and arson,Investigation complete; no suspect identified,
6e53a9c437a869cb9127e66ec06e29bd362021711eb0ec6919e91a17c0a55d14,2012-12,Wiltshire Police,Wiltshire Police,-1.764842,51.589807,On or near Supermarket,E01015559,Swindon 005E,Shoplifting,Offender sent to prison,
c1fcc69e80ed6441de86640bf5cc302cd3c1143c724dccff0e554f4060e85aba,2012-12,Wiltshire Police,Wiltshire Police,-1.764842,51.589807,On or near Supermarket,E01015559,Swindon 005E,Shoplifting,Offender sent to prison,
c5961de51e8f7ae840414fbfffdfe59d5751df6c06e2346b29ffe94dc4bb6776,2012-12,Wiltshire Police,Wiltshire Police,-1.764842,51.589807,On or near Supermarket,E01015559,Swindon 005E,Vehicle crime,Investigation complete; no suspect identified,
8415bc0439defa40090f2ceb2e49c6665b10e233bdaaf58732c54aad07d43b43,2012-12,Wiltshire Police,Wiltshire Police,-1.775137,51.583245,On or near Cricklade Road,E01015560,Swindon 005F,Other theft,Investigation complete; no suspect identified,
d7e3ca9623afe83a34d809e056ad0b5f01d8a3de803268a6ba64c09bc52d94cb,2012-12,Wiltshire Police,Wiltshire Police,-1.764008,51.580859,On or near Constable Road,E01015560,Swindon 005F,Other theft,Investigation complete; no suspect identified,
f6c2b04a75ad9860608c7403d598dbf3424386fc274ab87bb50352e18f919519,2012-12,Wiltshire Police,Wiltshire Police,-1.765185,51.582066,On or near Wise Close,E01015560,Swindon 005F,Vehicle crime,Investigation complete; no suspect identified,
,2012-12,Wiltshire Police,Wiltshire Police,-1.821733,51.584961,On or near Daisy Close,E01015526,Swindon 006A,Anti-social behaviour,,
f3f7a539b2fe762cb7ef463e61bb8980330bf4ec85cb842dc6a17fc579d53270,2012-12,Wiltshire Police,Wiltshire Police,-1.819547,51.586640,On or near Downland Road,E01015526,Swindon 006A,Burglary,Investigation complete; no suspect identified,
dd753b8928b15b4ded87cd7ebca806c5f35ba1ed6a9ad82e04ed781862f2c66c,2012-12,Wiltshire Police,Wiltshire Police,-1.818525,51.585919,On or near Hartshorn Close,E01015526,Swindon 006A,Burglary,Investigation complete; no suspect identified,
,2012-12,Wiltshire Police,Wiltshire Police,-1.813498,51.583420,On or near Jubilee Road,E01015528,Swindon 006B,Anti-social behaviour,,
,2012-12,Wiltshire Police,Wiltshire Police,-1.812741,51.584921,On or near Silbury Mews,E01015528,Swindon 006B,Anti-social behaviour,,
,2012-12,Wiltshire Police,Wiltshire Police,-1.813498,51.583420,On or near Jubilee Road,E01015528,Swindon 006B,Anti-social behaviour,,
,2012-12,Wiltshire Police,Wiltshire Police,-1.813498,51.583420,On or near Jubilee Road,E01015528,Swindon 006B,Anti-social behaviour,,
,2012-12,Wiltshire Police,Wiltshire Police,-1.813498,51.583420,On or near Jubilee Road,E01015528,Swindon 006B,Anti-social behaviour,,
,2012-12,Wiltshire Police,Wiltshire Police,-1.813498,51.583420,On or near Jubilee Road,E01015528,Swindon 006B,Anti-social behaviour,,
,2012-12,Wiltshire Police,Wiltshire Police,-1.812741,51.584921,On or near Silbury Mews,E01015528,Swindon 006B,Anti-social behaviour,,
,2012-12,Wiltshire Police,Wiltshire Police,-1.813498,51.583420,On or near Jubilee Road,E01015528,Swindon 006B,Anti-social behaviour,,
,2012-12,Wiltshire Police,Wiltshire Police,-1.812741,51.584921,On or near Silbury Mews,E01015528,Swindon 006B,Anti-social behaviour,,
,2012-12,Wiltshire Police,Wiltshire Police,-1.808686,51.584932,On or near Cheddar Road,E01015528,Swindon 006B,Anti-social behaviour,,
,2012-12,Wiltshire Police,Wiltshire Police,-1.813498,51.583420,On or near Jubilee Road,E01015528,Swindon 006B,Anti-social behaviour,,
,2012-12,Wiltshire Police,Wiltshire Police,-1.812741,51.584921,On or near Silbury Mews,E01015528,Swindon 006B,Anti-social behaviour,,
a8fb0c67c70dfae130b751f47858eab51a9e488dee50306f0d9bf9a2e2e2ffb5,2012-12,Wiltshire Police,Wiltshire Police,-1.812741,51.584921,On or near Silbury Mews,E01015528,Swindon 006B,Burglary,Investigation complete; no suspect identified,
046867f201d18be8c57bb2602f092a50b8decacce408a941e5033451d6d434ce,2012-12,Wiltshire Police,Wiltshire Police,-1.809690,51.586255,On or near Poole Road,E01015528,Swindon 006B,Burglary,Investigation complete; no suspect identified,
e7bdb55da6a5a64e08b3fc05cb3d2d80abf6d987220165aeb690fa9bdb06a579,2012-12,Wiltshire Police,Wiltshire Police,-1.810024,51.585806,On or near Barton Road,E01015528,Swindon 006B,Other theft,Investigation complete; no suspect identified,
aa5df611d2c1aa5155785db7deb845b6a8dd3352e22dfe83ab804c69ae05ceb1,2012-12,Wiltshire Police,Wiltshire Police,-1.807100,51.584417,On or near Sports/Recreation Area,E01015528,Swindon 006B,Other theft,Investigation complete; no suspect identified,
58f2138ad49f2ee10008da9e41f61f8954ebaa60e005c3f5d68e78a2da078eb1,2012-12,Wiltshire Police,Wiltshire Police,-1.807365,51.583123,On or near Pembroke Gardens,E01015528,Swindon 006B,Other theft,Investigation complete; no suspect identified,
,2012-12,Wiltshire Police,Wiltshire Police,-1.805669,51.584963,On or near Abbey View Road,E01015529,Swindon 006C,Anti-social behaviour,,
,2012-12,Wiltshire Police,Wiltshire Police,-1.798952,51.583001,On or near Supermarket,E01015529,Swindon 006C,Anti-social behaviour,,
,2012-12,Wiltshire Police,Wiltshire Police,-1.798094,51.584501,On or near The Gardens,E01015529,Swindon 006C,Anti-social behaviour,,
,2012-12,Wiltshire Police,Wiltshire Police,-1.798952,51.583001,On or near Supermarket,E01015529,Swindon 006C,Anti-social behaviour,,
4ec9acfb938e6e62aff197d31cf36bb66b45a9ce72fb5ed98ec5e2b0ec33bc6c,2012-12,Wiltshire Police,Wiltshire Police,-1.800345,51.581259,On or near Church Walk South,E01015529,Swindon 006C,Burglary,Investigation complete; no suspect identified,
616bdb4260389a2e690658543580261e993e347fb89cb5d5761cc4c49f2aca04,2012-12,Wiltshire Police,Wiltshire Police,-1.800598,51.586069,On or near Harbour Meadow,E01015529,Swindon 006C,Burglary,Investigation complete; no suspect identified,
d23e263e883798b1bcef8783ba9786aa6d0bfa630de8703fdbe30149a30d3cb2,2012-12,Wiltshire Police,Wiltshire Police,-1.800598,51.586069,On or near Harbour Meadow,E01015529,Swindon 006C,Burglary,Investigation complete; no suspect identified,
2f9859694e1671376153f8ff07aed6da4b1bf9cc940ab913a0e1a84d6c3030a4,2012-12,Wiltshire Police,Wiltshire Police,-1.800598,51.586069,On or near Harbour Meadow,E01015529,Swindon 006C,Burglary,Investigation complete; no suspect identified,
601f521af7feb09b08d3b6bc97e35789f10241aed47a123919c007517aa65f78,2012-12,Wiltshire Police,Wiltshire Police,-1.801171,51.583859,On or near Church Walk North,E01015529,Swindon 006C,Criminal damage and arson,Unable to prosecute suspect,
70239c7aa0cd83e5f50a2c756118714315a3b47e81f9cb5b126e143d58cd1d76,2012-12,Wiltshire Police,Wiltshire Police,-1.805669,51.584963,On or near Abbey View Road,E01015529,Swindon 006C,Robbery,Defendant found not guilty,
34e720b0b4a1c0c5f94ce09e009b2bb28ac2032c01577efa802c966dabb05ae2,2012-12,Wiltshire Police,Wiltshire Police,-1.800555,51.582716,On or near Supermarket,E01015529,Swindon 006C,Shoplifting,Investigation complete; no suspect identified,
,2012-12,Wiltshire Police,Wiltshire Police,-1.805034,51.581698,On or near Chantry Road,E01015530,Swindon 006D,Anti-social behaviour,,
,2012-12,Wiltshire Police,Wiltshire Police,-1.802537,51.581550,On or near North Leaze Close,E01015530,Swindon 006D,Anti-social behaviour,,
,2012-12,Wiltshire Police,Wiltshire Police,-1.805034,51.581698,On or near Chantry Road,E01015530,Swindon 006D,Anti-social behaviour,,
18ca326a6ca419758088e4c275ff4161f74fa01bcaecd0b4c957dae989fe90fa,2012-12,Wiltshire Police,Wiltshire Police,-1.805561,51.579874,On or near Bourne Road,E01015530,Swindon 006D,Criminal damage and arson,Investigation complete; no suspect identified,
06ac006ee2225ff1393f49601c826cc57ada3c018143834a40a9785caa8f86dc,2012-12,Wiltshire Police,Wiltshire Police,-1.802537,51.581550,On or near North Leaze Close,E01015530,Swindon 006D,Violent crime,Offender given community sentence,
74dc402c9dcae8c3a9f4479506694992d166b173afe64301bfee5cf888ccfbf2,2012-12,Wiltshire Police,Wiltshire Police,-1.805796,51.582383,On or near Moredon Road,E01015530,Swindon 006D,Violent crime,Investigation complete; no suspect identified,
,2012-12,Wiltshire Police,Wiltshire Police,-1.775636,51.584622,On or near Supermarket,E01015506,Swindon 007A,Anti-social behaviour,,
,2012-12,Wiltshire Police,Wiltshire Police,-1.775636,51.584622,On or near Supermarket,E01015506,Swindon 007A,Anti-social behaviour,,
,2012-12,Wiltshire Police,Wiltshire Police,-1.775636,51.584622,On or near Supermarket,E01015506,Swindon 007A,Anti-social behaviour,,
,2012-12,Wiltshire Police,Wiltshire Police,-1.781413,51.583787,On or near Hazel Grove,E01015506,Swindon 007A,Anti-social behaviour,,
,2012-12,Wiltshire Police,Wiltshire Police,-1.775636,51.584622,On or near Supermarket,E01015506,Swindon 007A,Anti-social behaviour,,
,2012-12,Wiltshire Police,Wiltshire Police,-1.777458,51.583888,On or near Willows Avenue,E01015506,Swindon 007A,Anti-social behaviour,,
,2012-12,Wiltshire Police,Wiltshire Police,-1.780387,51.581079,On or near Sycamore Grove,E01015506,Swindon 007A,Anti-social behaviour,,
,2012-12,Wiltshire Police,Wiltshire Police,-1.777458,51.583888,On or near Willows Avenue,E01015506,Swindon 007A,Anti-social behaviour,,
,2012-12,Wiltshire Police,Wiltshire Police,-1.775636,51.584622,On or near Supermarket,E01015506,Swindon 007A,Anti-social behaviour,,
,2012-12,Wiltshire Police,Wiltshire Police,-1.780387,51.581079,On or near Sycamore Grove,E01015506,Swindon 007A,Anti-social behaviour,,
,2012-12,Wiltshire Police,Wiltshire Police,-1.779675,51.582076,On or near The Circle,E01015506,Swindon 007A,Anti-social behaviour,,
056e5f265008ee0e5a8a70a23e900f4857828e9e4688eb65226080a1a9e6c8c2,2012-12,Wiltshire Police,Wiltshire Police,-1.783490,51.583980,On or near Haydon View Road,E01015506,Swindon 007A,Criminal damage and arson,Investigation complete; no suspect identified,
89aa2ed3d61b8714a56d2f4128f11e8f6117646ace1b87260fa6eab1fbfe5d9a,2012-12,Wiltshire Police,Wiltshire Police,-1.777167,51.581424,On or near Cadley Close,E01015506,Swindon 007A,Other theft,Investigation complete; no suspect identified,
2679f4c57db2ca2818ad16fc8d684a2918b480794c50590df4447b3d51382737,2012-12,Wiltshire Police,Wiltshire Police,-1.777458,51.583888,On or near Willows Avenue,E01015506,Swindon 007A,Other theft,Investigation complete; no suspect identified,
32d572a3d7c6c7b7948e16cf09462c318eb1c9390e2c29a1d4f877da4a1b3ff6,2012-12,Wiltshire Police,Wiltshire Police,-1.775636,51.584622,On or near Supermarket,E01015506,Swindon 007A,Shoplifting,Offender sent to prison,
0ea0e3e4b56acef80b96bc09d43ed5c7a38d1b09e33d0f24f15873c37be0bd1e,2012-12,Wiltshire Police,Wiltshire Police,-1.775636,51.584622,On or near Supermarket,E01015506,Swindon 007A,Shoplifting,Investigation complete; no suspect identified,
2842a8ec032b4773a660b2122da0ef08a3df9f9997171726370b09549604b84b,2012-12,Wiltshire Police,Wiltshire Police,-1.775636,51.584622,On or near Supermarket,E01015506,Swindon 007A,Shoplifting,Investigation complete; no suspect identified,
c2e8ae1ccbf71c475344f303ce3ea5fae6de5decb67bb7476825adb94483a991,2012-12,Wiltshire Police,Wiltshire Police,-1.777167,51.581424,On or near Cadley Close,E01015506,Swindon 007A,Violent crime,Offender given a caution,
d3d9714404373c5e07372d849a17523c6d70205e9659e8be22d3642bb0dcdcd7,2012-12,Wiltshire Police,Wiltshire Police,-1.776742,51.579661,On or near Menham Close,E01015506,Swindon 007A,Violent crime,Offender given a caution,
,2012-12,Wiltshire Police,Wiltshire Police,-1.786481,51.580155,On or near Doris Archer Court,E01015507,Swindon 007B,Anti-social behaviour,,
,2012-12,Wiltshire Police,Wiltshire Police,-1.784383,51.581401,On or near Beech Avenue,E01015507,Swindon 007B,Anti-social behaviour,,
,2012-12,Wiltshire Police,Wiltshire Police,-1.784092,51.581805,On or near Linden Avenue,E01015507,Swindon 007B,Anti-social behaviour,,
,2012-12,Wiltshire Police,Wiltshire Police,-1.784092,51.581805,On or near Linden Avenue,E01015507,Swindon 007B,Anti-social behaviour,,
,2012-12,Wiltshire Police,Wiltshire Police,-1.784092,51.581805,On or near Linden Avenue,E01015507,Swindon 007B,Anti-social behaviour,,
,2012-12,Wiltshire Police,Wiltshire Police,-1.786481,51.580155,On or near Doris Archer Court,E01015507,Swindon 007B,Anti-social behaviour,,
,2012-12,Wiltshire Police,Wiltshire Police,-1.783858,51.582443,On or near Hurst Crescent,E01015507,Swindon 007B,Anti-social behaviour,,
941d475162e8e2b9217c6d8dcae3479e04b0e6f2a54742dec1a4db9d6bee8e13,2012-12,Wiltshire Police,Wiltshire Police,-1.783858,51.582443,On or near Hurst Crescent,E01015507,Swindon 007B,Shoplifting,Offender given suspended prison sentence,
2c4a60d3f8ee746109ae70ac7823c956f7709482c21ace23bfc510297bae3de4,2012-12,Wiltshire Police,Wiltshire Police,-1.783858,51.582443,On or near Hurst Crescent,E01015507,Swindon 007B,Shoplifting,Offender fined,
fd596ac88d8e0c0bf152130782971f7151da44424df7e8bd6465cdf1f543a73d,2012-12,Wiltshire Police,Wiltshire Police,-1.785276,51.581664,On or near Limes Avenue,E01015507,Swindon 007B,Violent crime,Offender given community sentence,
55a21f575ebe1bcb6c3841698cf6abdfc772db8636cd20c35cbfc67822492b7c,2012-12,Wiltshire Police,Wiltshire Police,-1.786481,51.580155,On or near Doris Archer Court,E01015507,Swindon 007B,Violent crime,Investigation complete; no suspect identified,
fd9cb3e18962c5b3c9d0d36a0350b0a6af9f8f7cf91075df845f618f23efb6cf,2012-12,Wiltshire Police,Wiltshire Police,-1.780635,51.580459,On or near Cherry Tree Grove,E01015507,Swindon 007B,Violent crime,Under investigation,
46f919bb4583ae3f303941fc0da25d6563c42e2244c8f6f3b784fcbb820413d4,2012-12,Wiltshire Police,Wiltshire Police,-1.787886,51.582190,On or near Olive Grove,E01015507,Swindon 007B,Violent crime,Investigation complete; no suspect identified,
ddee4847e997d0c830662f3dd111a1a02b3e524e2199fdb0ce5fbbeb8853349b,2012-12,Wiltshire Police,Wiltshire Police,-1.787886,51.582190,On or near Olive Grove,E01015507,Swindon 007B,Violent crime,Investigation complete; no suspect identified,
0f523b3d2a381b7e66dab7847216d3fdaf6a9a54f5e5ed217f70f8c75063ee6b,2012-12,Wiltshire Police,Wiltshire Police,-1.785276,51.581664,On or near Limes Avenue,E01015507,Swindon 007B,Other crime,Investigation complete; no suspect identified,
,2012-12,Wiltshire Police,Wiltshire Police,-1.792438,51.580975,On or near Sports/Recreation Area,E01015527,Swindon 007C,Anti-social behaviour,,
a48479215ce93db3d2e10ce2625ec3de509ff44c10a821916b7eddaf584d98af,2012-12,Wiltshire Police,Wiltshire Police,-1.788272,51.582955,On or near Olive Grove,E01015527,Swindon 007C,Burglary,Investigation complete; no suspect identified,
fadefb34eebad069806aadf2ab74cb42a9587900fb1e456663137fff00c80a0d,2012-12,Wiltshire Police,Wiltshire Police,-1.794810,51.579721,On or near Elm Road,E01015527,Swindon 007C,Criminal damage and arson,Investigation complete; no suspect identified,
,2012-12,Wiltshire Police,Wiltshire Police,-1.789392,51.578066,On or near Tedder Close,E01015580,Swindon 007D,Anti-social behaviour,,
,2012-12,Wiltshire Police,Wiltshire Police,-1.788520,51.579206,On or near Wavell Road,E01015580,Swindon 007D,Anti-social behaviour,,
,2012-12,Wiltshire Police,Wiltshire Police,-1.789392,51.578066,On or near Tedder Close,E01015580,Swindon 007D,Anti-social behaviour,,
,2012-12,Wiltshire Police,Wiltshire Police,-1.789392,51.578066,On or near Tedder Close,E01015580,Swindon 007D,Anti-social behaviour,,
,2012-12,Wiltshire Police,Wiltshire Police,-1.789392,51.578066,On or near Tedder Close,E01015580,Swindon 007D,Anti-social behaviour,,
,2012-12,Wiltshire Police,Wiltshire Police,-1.789779,51.578579,On or near Montgomery Avenue,E01015580,Swindon 007D,Anti-social behaviour,,
,2012-12,Wiltshire Police,Wiltshire Police,-1.794091,51.576078,On or near Churchward Avenue,E01015580,Swindon 007D,Anti-social behaviour,,
,2012-12,Wiltshire Police,Wiltshire Police,-1.789392,51.578066,On or near Tedder Close,E01015580,Swindon 007D,Anti-social behaviour,,
,2012-12,Wiltshire Police,Wiltshire Police,-1.789392,51.578066,On or near Tedder Close,E01015580,Swindon 007D,Anti-social behaviour,,
,2012-12,Wiltshire Police,Wiltshire Police,-1.792537,51.578179,On or near Portal Road,E01015580,Swindon 007D,Anti-social behaviour,,
,2012-12,Wiltshire Police,Wiltshire Police,-1.789392,51.578066,On or near Tedder Close,E01015580,Swindon 007D,Anti-social behaviour,,
,2012-12,Wiltshire Police,Wiltshire Police,-1.789392,51.578066,On or near Tedder Close,E01015580,Swindon 007D,Anti-social behaviour,,
,2012-12,Wiltshire Police,Wiltshire Police,-1.788520,51.579206,On or near Wavell Road,E01015580,Swindon 007D,Anti-social behaviour,,
,2012-12,Wiltshire Police,Wiltshire Police,-1.789392,51.578066,On or near Tedder Close,E01015580,Swindon 007D,Anti-social behaviour,,
,2012-12,Wiltshire Police,Wiltshire Police,-1.789392,51.578066,On or near Tedder Close,E01015580,Swindon 007D,Anti-social behaviour,,
,2012-12,Wiltshire Police,Wiltshire Police,-1.789392,51.578066,On or near Tedder Close,E01015580,Swindon 007D,Anti-social behaviour,,
10e84ef214ad52e7cecceaed74fad61e61bbfd0a61a126be7dcc5239fa3592c3,2012-12,Wiltshire Police,Wiltshire Police,-1.786111,51.576037,On or near Pinehurst Road,E01015580,Swindon 007D,Burglary,Investigation complete; no suspect identified,
5a311724ef2f7261d6fb2e4f40c297fdf2642b54f907bd8a008f924562479ecb,2012-12,Wiltshire Police,Wiltshire Police,-1.797032,51.576577,On or near Little Avenue,E01015580,Swindon 007D,Criminal damage and arson,Investigation complete; no suspect identified,
6bb1b2f2de5dbf8bf700bd5019b5e283751a3df5b7e3efbe8674ef27a2014e7e,2012-12,Wiltshire Police,Wiltshire Police,-1.794091,51.576078,On or near Churchward Avenue,E01015580,Swindon 007D,Criminal damage and arson,Investigation complete; no suspect identified,
59593eb809fbd045795cfa171204c516ff9308e7642c5e9896925f5ab9690d8d,2012-12,Wiltshire Police,Wiltshire Police,-1.792563,51.578844,On or near Cunningham Road,E01015580,Swindon 007D,Criminal damage and arson,Investigation complete; no suspect identified,
e1a6f13abf6af6936a452bf5e79ed8e3b046f427ee5b7df25709e809fa29cf0d,2012-12,Wiltshire Police,Wiltshire Police,-1.792563,51.578844,On or near Cunningham Road,E01015580,Swindon 007D,Criminal damage and arson,Investigation complete; no suspect identified,
edf26998d70a73c28fabc8063f1163e73a73b42a1fb458fedaa1b97ae69860a6,2012-12,Wiltshire Police,Wiltshire Police,-1.788520,51.579206,On or near Wavell Road,E01015580,Swindon 007D,Other theft,Investigation complete; no suspect identified,
84fba0de45ade4c70fa5e8d881f962a7fe7f8aaa6c2e28efaf3164ce90136c8d,2012-12,Wiltshire Police,Wiltshire Police,-1.789392,51.578066,On or near Tedder Close,E01015580,Swindon 007D,Other theft,Investigation complete; no suspect identified,
3294ae2b9e4a975497c8396f392bd8debe3b197fea7cf3cf287b3c9b02064554,2012-12,Wiltshire Police,Wiltshire Police,-1.788520,51.579206,On or near Wavell Road,E01015580,Swindon 007D,Other theft,Investigation complete; no suspect identified,
7c6612354ceb76e1a84d270b9d62aa8dfe583c679570dbca0e0b9f0afc3557bd,2012-12,Wiltshire Police,Wiltshire Police,-1.788520,51.579206,On or near Wavell Road,E01015580,Swindon 007D,Vehicle crime,Investigation complete; no suspect identified,
,2012-12,Wiltshire Police,Wiltshire Police,-1.725176,51.594504,On or near Highworth Road,E01015473,Swindon 008A,Anti-social behaviour,,
40871a6805f9d2bbab3f7d1eb25afd21d6c61b685019b6e2e79ad1f0a692b576,2012-12,Wiltshire Police,Wiltshire Police,-1.773843,51.596766,On or near Hargreaves Road,E01015473,Swindon 008A,Burglary,Investigation complete; no suspect identified,
d8fb1d79ab0ea4d0da3d1b5d40d8fc8ecf61b74b7a5a47d5618ee6d130feeafb,2012-12,Wiltshire Police,Wiltshire Police,-1.725815,51.586764,On or near Ash Gardens,E01015473,Swindon 008A,Criminal damage and arson,Court result unavailable,
c329cdee81f82c272f1078b08e3437ab6b59f2c40f8a962fb1f0a341fe9801de,2012-12,Wiltshire Police,Wiltshire Police,-1.725815,51.586764,On or near Ash Gardens,E01015473,Swindon 008A,Criminal damage and arson,Offender fined,
0b6b9f8701bb1a27b83ddcc0c8a3ea2faaa711d3f16e92a51092ed0461f0eb2a,2012-12,Wiltshire Police,Wiltshire Police,-1.738740,51.595569,On or near Supermarket,E01015473,Swindon 008A,Other theft,Offender given a caution,
ee0400b91a9173ecd90f1542c2bffb583e849641564afbc27c4a93d18871d9c9,2012-12,Wiltshire Police,Wiltshire Police,-1.773843,51.596766,On or near Hargreaves Road,E01015473,Swindon 008A,Other theft,Investigation complete; no suspect identified,
83dff7b94489f9a7850536173d62b933e6d87cf95e38376b282577b40a6e88ff,2012-12,Wiltshire Police,Wiltshire Police,-1.787841,51.613552,On or near The Ridge,E01015473,Swindon 008A,Vehicle crime,Investigation complete; no suspect identified,
de018f25df0e8f7682b2d2ebd2ef00d7a7ebe30f5aece7176ced6740d2caa17e,2012-12,Wiltshire Police,Wiltshire Police,-1.782581,51.611141,On or near Beech Lea,E01015473,Swindon 008A,Violent crime,Offender given a caution,
53b9e48db1f9db7b1bac61241e110ea51617dcd14d92c307dbcb58d7591548d8,2012-12,Wiltshire Police,Wiltshire Police,-1.725815,51.586764,On or near Ash Gardens,E01015473,Swindon 008A,Violent crime,Offender sent to prison,
7f173bacb31004b2216e0be48c9db808082398b56d05c8cae0d1fae055d887a0,2012-12,Wiltshire Police,Wiltshire Police,-1.725815,51.586764,On or near Ash Gardens,E01015473,Swindon 008A,Violent crime,Offender given a caution,
3fae9875e458c22f06e17a4283090592fc7c89f6c8903729f984e551b7d5f7b2,2012-12,Wiltshire Police,Wiltshire Police,-1.725176,51.594504,On or near Highworth Road,E01015473,Swindon 008A,Violent crime,Under investigation,
96e634e63a528bc57eee89b1188b0c2f635c593bdb2f607daa410592e32b8c54,2012-12,Wiltshire Police,Wiltshire Police,-1.725815,51.586764,On or near Ash Gardens,E01015473,Swindon 008A,Other crime,Offender given a caution,
8a955a1a12cede461d627159e0c701b821dadb5ec05726aa2f65a8724865761b,2012-12,Wiltshire Police,Wiltshire Police,-1.746334,51.636955,On or near Skinner'S Close,E01015474,Swindon 008B,Burglary,Investigation complete; no suspect identified,
ff833296ff80a85e5cdd28374f60f2b9b01bc39df3561fce4ee594736562e7bb,2012-12,Wiltshire Police,Wiltshire Police,-1.789578,51.609554,On or near Lady Lane,E01015474,Swindon 008B,Other theft,Local resolution,
70d9943b892c0da5027fb612fdf81fb6d9cf9c4dd16eed2c3ff17c0c98165b45,2012-12,Wiltshire Police,Wiltshire Police,-1.788863,51.661000,On or near Long Row,E01015474,Swindon 008B,Violent crime,Investigation complete; no suspect identified,
4cc13e414ee9d9b329b578aac5dc81d5f2925f7aadb8e7dc3608a90151f5859b,2012-12,Wiltshire Police,Wiltshire Police,-1.746334,51.636955,On or near Skinner'S Close,E01015474,Swindon 008B,Violent crime,Offender given a caution,
,2012-12,Wiltshire Police,Wiltshire Police,-1.724176,51.521258,On or near Marlborough Road,E01015547,Swindon 008C,Anti-social behaviour,,
,2012-12,Wiltshire Police,Wiltshire Police,-1.713231,51.535870,On or near Purley Road,E01015547,Swindon 008C,Anti-social behaviour,,
,2012-12,Wiltshire Police,Wiltshire Police,-1.727707,51.538152,On or near Hospital,E01015547,Swindon 008C,Anti-social behaviour,,
,2012-12,Wiltshire Police,Wiltshire Police,-1.699856,51.541797,On or near Southdown,E01015547,Swindon 008C,Anti-social behaviour,,
,2012-12,Wiltshire Police,Wiltshire Police,-1.722200,51.528509,On or near Meadow Way,E01015547,Swindon 008C,Anti-social behaviour,,
,2012-12,Wiltshire Police,Wiltshire Police,-1.727707,51.538152,On or near Hospital,E01015547,Swindon 008C,Anti-social behaviour,,
,2012-12,Wiltshire Police,Wiltshire Police,-1.727707,51.538152,On or near Hospital,E01015547,Swindon 008C,Anti-social behaviour,,
,2012-12,Wiltshire Police,Wiltshire Police,-1.727707,51.538152,On or near Hospital,E01015547,Swindon 008C,Anti-social behaviour,,
,2012-12,Wiltshire Police,Wiltshire Police,-1.727707,51.538152,On or near Hospital,E01015547,Swindon 008C,Anti-social behaviour,,
,2012-12,Wiltshire Police,Wiltshire Police,-1.722200,51.528509,On or near Meadow Way,E01015547,Swindon 008C,Anti-social behaviour,,
,2012-12,Wiltshire Police,Wiltshire Police,-1.727707,51.538152,On or near Hospital,E01015547,Swindon 008C,Anti-social behaviour,,
af227f1f2490c6186334db9392f1525c416e45c37657151d787a83f58ba9eea4,2012-12,Wiltshire Police,Wiltshire Police,-1.724176,51.521258,On or near Marlborough Road,E01015547,Swindon 008C,Burglary,Investigation complete; no suspect identified,
f3de8fe93ff53263878aa3861ca62cb4876055b5e312d083beab6d3579e1a871,2012-12,Wiltshire Police,Wiltshire Police,-1.727707,51.538152,On or near Hospital,E01015547,Swindon 008C,Criminal damage and arson,Under investigation,
52fec354ed383eac58d059b62d5a137b4b5a0ebd8487f80257b2fcc46312c9a7,2012-12,Wiltshire Police,Wiltshire Police,-1.669649,51.505688,On or near Parking Area,E01015547,Swindon 008C,Criminal damage and arson,Local resolution,
0f5b8a6ceb57f7972d4b8bd517e7450db6b3abd3bc19da9a6cd7c51e81116afe,2012-12,Wiltshire Police,Wiltshire Police,-1.665143,51.528711,On or near The Gallops,E01015547,Swindon 008C,Criminal damage and arson,Investigation complete; no suspect identified,
2d072fcbb76d473e421eafe7f97079ec6ff9bf0c462a38a2b671d64e3f02ff94,2012-12,Wiltshire Police,Wiltshire Police,-1.713793,51.526682,On or near Medbourne Lane,E01015547,Swindon 008C,Other theft,Investigation complete; no suspect identified,
18d9f457554150cb2a05c47cf744c690d1a53ac6786df862fe4c1d5be2d68687,2012-12,Wiltshire Police,Wiltshire Police,-1.727707,51.538152,On or near Hospital,E01015547,Swindon 008C,Other theft,Investigation complete; no suspect identified,
1ce6d404b6c68f78a79aea3c77a69087a7572b5613aad390604095213a93b08e,2012-12,Wiltshire Police,Wiltshire Police,-1.727707,51.538152,On or near Hospital,E01015547,Swindon 008C,Other theft,Investigation complete; no suspect identified,
46e19ec0a4f188c3976e6f95866fc26d00b1ab2c785b1ce28e894f02a887ec20,2012-12,Wiltshire Police,Wiltshire Police,-1.721234,51.540358,On or near Pack Hill,E01015547,Swindon 008C,Public disorder and weapons,Offender given a caution,
2051a97659af2f96a00502af908ea71efae501934e0394b0cc2b472f3dfb8e54,2012-12,Wiltshire Police,Wiltshire Police,-1.721234,51.540358,On or near Pack Hill,E01015547,Swindon 008C,Vehicle crime,Investigation complete; no suspect identified,
c9e9a7fab1005a75ec8194470e0c7696e3417db4faa41052b9b6bda7dfa0a5aa,2012-12,Wiltshire Police,Wiltshire Police,-1.721234,51.540358,On or near Pack Hill,E01015547,Swindon 008C,Vehicle crime,Investigation complete; no suspect identified,
e844b20f00964df556badaba74e3bbff921517c7cb79681ab9aa483cfc172b2d,2012-12,Wiltshire Police,Wiltshire Police,-1.721234,51.540358,On or near Pack Hill,E01015547,Swindon 008C,Vehicle crime,Investigation complete; no suspect identified,
6bb5d7550c1cebc2ebce9443f7dddbb7593fac60bdd1aceb7979f240d1c94771,2012-12,Wiltshire Police,Wiltshire Police,-1.721234,51.540358,On or near Pack Hill,E01015547,Swindon 008C,Vehicle crime,Investigation complete; no suspect identified,
3249bbe7f5b0ae595eb5450cdacc72261ef8bda0ee97b4ed727c7cabbf3486b8,2012-12,Wiltshire Police,Wiltshire Police,-1.721234,51.540358,On or near Pack Hill,E01015547,Swindon 008C,Vehicle crime,Investigation complete; no suspect identified,
53d522e8e57bc96d91568787d71369318b95cb2ba5630e9f534682f7ab27c0e9,2012-12,Wiltshire Police,Wiltshire Police,-1.727707,51.538152,On or near Hospital,E01015547,Swindon 008C,Violent crime,Investigation complete; no suspect identified,
,2012-12,Wiltshire Police,Wiltshire Police,-1.695034,51.549095,On or near Somerset Court,E01015548,Swindon 008D,Anti-social behaviour,,
,2012-12,Wiltshire Police,Wiltshire Police,-1.700177,51.547742,On or near Wild Acre,E01015548,Swindon 008D,Anti-social behaviour,,
,2012-12,Wiltshire Police,Wiltshire Police,-1.750830,51.575895,On or near John Herring Crescent,E01015549,Swindon 009A,Anti-social behaviour,,
,2012-12,Wiltshire Police,Wiltshire Police,-1.755805,51.571050,On or near Parking Area,E01015549,Swindon 009A,Anti-social behaviour,,
,2012-12,Wiltshire Police,Wiltshire Police,-1.757196,51.572779,On or near Stratton Road,E01015549,Swindon 009A,Anti-social behaviour,,
,2012-12,Wiltshire Police,Wiltshire Police,-1.754366,51.573052,On or near Shopping Area,E01015549,Swindon 009A,Anti-social behaviour,,
,2012-12,Wiltshire Police,Wiltshire Police,-1.747286,51.574755,On or near Winchester Close,E01015549,Swindon 009A,Anti-social behaviour,,
,2012-12,Wiltshire Police,Wiltshire Police,-1.755805,51.571050,On or near Parking Area,E01015549,Swindon 009A,Anti-social behaviour,,
,2012-12,Wiltshire Police,Wiltshire Police,-1.755805,51.571050,On or near Parking Area,E01015549,Swindon 009A,Anti-social behaviour,,
,2012-12,Wiltshire Police,Wiltshire Police,-1.755805,51.571050,On or near Parking Area,E01015549,Swindon 009A,Anti-social behaviour,,
79fce06a29fffc4a4d5cede4b702c9906f5b6ae117b042ac1dc6ed7ea6702320,2012-12,Wiltshire Police,Wiltshire Police,-1.754763,51.577045,On or near Tilleys Lane,E01015549,Swindon 009A,Burglary,Investigation complete; no suspect identified,
eb0a4a1b2e9da9e616a3448c0de669e908aca38ff51de3248d782e82cf2f2021,2012-12,Wiltshire Police,Wiltshire Police,-1.761264,51.570171,On or near Shrivenham Road,E01015549,Swindon 009A,Burglary,Investigation complete; no suspect identified,
251e89ed4675639e743a849878aeb378d990726dddf8c9100d6d01fe6412bb51,2012-12,Wiltshire Police,Wiltshire Police,-1.759044,51.569807,On or near Marshgate,E01015549,Swindon 009A,Burglary,Investigation complete; no suspect identified,
43b62c4661982cb965e3717720aeef875f45ee116a3fd9ce74751998f6be2f28,2012-12,Wiltshire Police,Wiltshire Police,-1.757196,51.572779,On or near Stratton Road,E01015549,Swindon 009A,Criminal damage and arson,Offender given a caution,
2ffa277692c657dbcd824b344c778e60c42be7dad71f8ef7eaa902cc024033cc,2012-12,Wiltshire Police,Wiltshire Police,-1.754366,51.573052,On or near Shopping Area,E01015549,Swindon 009A,Other theft,Investigation complete; no suspect identified,
eab0d75ea64d89e95bd4e9d1f103bcaa2eee33612fe6049f7ab57a78e505bb2b,2012-12,Wiltshire Police,Wiltshire Police,-1.754730,51.569825,On or near Shopping Area,E01015549,Swindon 009A,Other theft,Local resolution,
3aeafea2eb722efcca9dafe10f576d1f7c3ea98e39158570039ddd3f91c4a3e4,2012-12,Wiltshire Police,Wiltshire Police,-1.757196,51.572779,On or near Stratton Road,E01015549,Swindon 009A,Other theft,Investigation complete; no suspect identified,
0196e51090056c9edbec098c665df50115f630ce71d8edf95b50cfff11f495c9,2012-12,Wiltshire Police,Wiltshire Police,-1.754730,51.569825,On or near Shopping Area,E01015549,Swindon 009A,Shoplifting,Investigation complete; no suspect identified,
543b2f69450daf985d3742f72fd806cb73601097a9c53ec5581e9c2fbd0e6513,2012-12,Wiltshire Police,Wiltshire Police,-1.755805,51.571050,On or near Parking Area,E01015549,Swindon 009A,Shoplifting,Offender given penalty notice,
ff79869ba7b8e1d1feecf91882f8123a45f370054e1710ab4bfbe81afeb52139,2012-12,Wiltshire Police,Wiltshire Police,-1.754730,51.569825,On or near Shopping Area,E01015549,Swindon 009A,Shoplifting,Investigation complete; no suspect identified,
cc7159fc6d8ef8ccc4e4d56a8f8d359fa88767eae8706b130973078411a4f4dc,2012-12,Wiltshire Police,Wiltshire Police,-1.755805,51.571050,On or near Parking Area,E01015549,Swindon 009A,Shoplifting,Investigation complete; no suspect identified,
a2eb20dfa127e93079ed1a8ec7ec75359b60c6c528b4134c34a5abbcf36e2ed1,2012-12,Wiltshire Police,Wiltshire Police,-1.748442,51.574460,On or near Burgess Close,E01015549,Swindon 009A,Vehicle crime,Investigation complete; no suspect identified,
d38c0a1315ff33828668db5e51ae81d402eca9139530a2c982bcf0a98b0a370f,2012-12,Wiltshire Police,Wiltshire Police,-1.755805,51.571050,On or near Parking Area,E01015549,Swindon 009A,Violent crime,Investigation complete; no suspect identified,
,2012-12,Wiltshire Police,Wiltshire Police,-1.744123,51.575305,On or near Sandgate,E01015550,Swindon 009B,Anti-social behaviour,,
,2012-12,Wiltshire Police,Wiltshire Police,-1.746214,51.567712,On or near Sports/Recreation Area,E01015550,Swindon 009B,Anti-social behaviour,,
,2012-12,Wiltshire Police,Wiltshire Police,-1.745714,51.569563,On or near Petrol Station,E01015550,Swindon 009B,Anti-social behaviour,,
c4f230c470dcbdb623a74ec7379139016dbb5c0b5d32a68b74310fad7c576750,2012-12,Wiltshire Police,Wiltshire Police,-1.745714,51.569563,On or near Petrol Station,E01015550,Swindon 009B,Public disorder and weapons,Offender given community sentence,
,2012-12,Wiltshire Police,Wiltshire Police,-1.735150,51.574872,On or near Wanborough Road,E01015551,Swindon 009C,Anti-social behaviour,,
,2012-12,Wiltshire Police,Wiltshire Police,-1.735150,51.574872,On or near Wanborough Road,E01015551,Swindon 009C,Anti-social behaviour,,
,2012-12,Wiltshire Police,Wiltshire Police,-1.742986,51.579978,On or near Ermin Street,E01015551,Swindon 009C,Anti-social behaviour,,
219c4c2de10ec80ba00e682b5264997f799499c006f4f2b8197f6da1d3186529,2012-12,Wiltshire Police,Wiltshire Police,-1.735150,51.574872,On or near Wanborough Road,E01015551,Swindon 009C,Criminal damage and arson,Investigation complete; no suspect identified,
d26a2965d972cf42320f346bba3513829f17312c359b751d19becc56f9b62ecb,2012-12,Wiltshire Police,Wiltshire Police,-1.735150,51.574872,On or near Wanborough Road,E01015551,Swindon 009C,Shoplifting,Local resolution,
cf9262dd09c334b14aadb2e555fde1aefb2a881dd63fee1ce5a5fa71eb86478e,2012-12,Wiltshire Police,Wiltshire Police,-1.735150,51.574872,On or near Wanborough Road,E01015551,Swindon 009C,Vehicle crime,Investigation complete; no suspect identified,
fc7c7acecdbee52a97dc672b3f6b1e38467d2e25db64c0db13ca6f32981620b3,2012-12,Wiltshire Police,Wiltshire Police,-1.742986,51.579978,On or near Ermin Street,E01015551,Swindon 009C,Violent crime,Investigation complete; no suspect identified,
2ae6a0c81ad61f686ceb52056c0437652b8113efce92b13a0ab14afa7467f8a0,2012-12,Wiltshire Police,Wiltshire Police,-1.735150,51.574872,On or near Wanborough Road,E01015551,Swindon 009C,Other crime,Local resolution,
,2012-12,Wiltshire Police,Wiltshire Police,-1.749913,51.579858,On or near Chamberlain Road,E01015552,Swindon 009D,Anti-social behaviour,,
,2012-12,Wiltshire Police,Wiltshire Police,-1.749569,51.587374,On or near Highworth Road,E01015552,Swindon 009D,Anti-social behaviour,,
,2012-12,Wiltshire Police,Wiltshire Police,-1.749107,51.582087,On or near Parkside,E01015552,Swindon 009D,Anti-social behaviour,,
,2012-12,Wiltshire Police,Wiltshire Police,-1.749796,51.580299,On or near Stratton Orchard,E01015552,Swindon 009D,Anti-social behaviour,,
,2012-12,Wiltshire Police,Wiltshire Police,-1.751028,51.579159,On or near Casson Road,E01015552,Swindon 009D,Anti-social behaviour,,
,2012-12,Wiltshire Police,Wiltshire Police,-1.749107,51.582087,On or near Parkside,E01015552,Swindon 009D,Anti-social behaviour,,
d267dbfde9f92276db396390f4799fcd023b2991a6cd7cc7d17cbf1db209d6b8,2012-12,Wiltshire Police,Wiltshire Police,-1.747775,51.588063,On or near Hospital,E01015552,Swindon 009D,Criminal damage and arson,Investigation complete; no suspect identified,
36acda50e30e8a4174393a7406ebaa8d0911384ff8af81554e14dcfb97fe1afc,2012-12,Wiltshire Police,Wiltshire Police,-1.749107,51.582087,On or near Parkside,E01015552,Swindon 009D,Criminal damage and arson,Investigation complete; no suspect identified,
19d10cadbc3560cbfeba606769ecd185bf70c8707e27102f93289e18950ca8b7,2012-12,Wiltshire Police,Wiltshire Police,-1.747875,51.585716,On or near Delamere Drive,E01015552,Swindon 009D,Criminal damage and arson,Investigation complete; no suspect identified,
52c22e45cf82df073a1c5ed6fc57d376dba75f2b0aa21fb88b8d3d9205810253,2012-12,Wiltshire Police,Wiltshire Police,-1.756235,51.582380,On or near Radway Road,E01015552,Swindon 009D,Other theft,Investigation complete; no suspect identified,
a69d19f2fb91162fe8b2d53a163c633ae51ef355c7c4baa76b297ef32da14ebb,2012-12,Wiltshire Police,Wiltshire Police,-1.751134,51.583619,On or near Supermarket,E01015552,Swindon 009D,Violent crime,Investigation complete; no suspect identified,
,2012-12,Wiltshire Police,Wiltshire Police,-1.747828,51.583738,On or near Frank Warman Court,E01015553,Swindon 009E,Anti-social behaviour,,
494ec1cbf0daa609623ddf952d5fcdf76f02fb8b62a6143ca61f31c99d3aac59,2012-12,Wiltshire Police,Wiltshire Police,-1.745296,51.584983,On or near Godwin Road,E01015553,Swindon 009E,Drugs,Offender given a drugs possession warning,
cccf0e288af1b33204c915d47e081fd147bd74f3f1a3959a4dde68ee8d175f83,2012-12,Wiltshire Police,Wiltshire Police,-1.743876,51.583244,On or near Azelin Court,E01015553,Swindon 009E,Public disorder and weapons,Local resolution,
7ee56938d24c9abced51eb04782170a02af9715fcb664d372753f6e0e6e8fb61,2012-12,Wiltshire Police,Wiltshire Police,-1.747828,51.583738,On or near Frank Warman Court,E01015553,Swindon 009E,Violent crime,Investigation complete; no suspect identified,
953e84cc3d76959aef73c08b1fec922a67b6be05528744cf64aadc8a734cbc60,2012-12,Wiltshire Police,Wiltshire Police,-1.743876,51.583244,On or near Azelin Court,E01015553,Swindon 009E,Violent crime,Offender given a caution,
,2012-12,Wiltshire Police,Wiltshire Police,-1.746222,51.581892,On or near Church Way,E01015554,Swindon 009F,Anti-social behaviour,,
,2012-12,Wiltshire Police,Wiltshire Police,-1.750588,51.577819,On or near The Paddocks,E01015554,Swindon 009F,Anti-social behaviour,,
2b466cf9063b6c59965ec61cc362b4ad651aeb0a9179c53b5819e23715ea8a6a,2012-12,Wiltshire Police,Wiltshire Police,-1.742466,51.577406,On or near Griffiths Close,E01015554,Swindon 009F,Burglary,Investigation complete; no suspect identified,
f7a689ccb38bf819d1f7c44f65e072c0c8a06164f81b5c478d141ebc0517a310,2012-12,Wiltshire Police,Wiltshire Police,-1.742466,51.577406,On or near Griffiths Close,E01015554,Swindon 009F,Burglary,Investigation complete; no suspect identified,
e4cd4d283a74b22e0204ea530d4ffd5c9b1e65abf1b4a0195590a1c81b2a3475,2012-12,Wiltshire Police,Wiltshire Police,-1.746002,51.577413,On or near Grange Drive,E01015554,Swindon 009F,Violent crime,Offender given a caution,
,2012-12,Wiltshire Police,Wiltshire Police,-1.783744,51.579206,On or near Pinehurst Road,E01015508,Swindon 010A,Anti-social behaviour,,
,2012-12,Wiltshire Police,Wiltshire Police,-1.778472,51.574071,On or near Tiverton Road,E01015508,Swindon 010A,Anti-social behaviour,,
,2012-12,Wiltshire Police,Wiltshire Police,-1.785456,51.574201,On or near Sports/Recreation Area,E01015508,Swindon 010A,Anti-social behaviour,,
,2012-12,Wiltshire Police,Wiltshire Police,-1.785456,51.574201,On or near Sports/Recreation Area,E01015508,Swindon 010A,Anti-social behaviour,,
,2012-12,Wiltshire Police,Wiltshire Police,-1.780137,51.579065,On or near Ash Grove,E01015508,Swindon 010A,Anti-social behaviour,,
abf6e26259585de675e00e93902eed7a44291157f237de453b921b5450e85bb8,2012-12,Wiltshire Police,Wiltshire Police,-1.783744,51.579206,On or near Pinehurst Road,E01015508,Swindon 010A,Criminal damage and arson,Investigation complete; no suspect identified,
c24817afe9a1c500606dc7f10b44d5094bb70adce7fc30ce29ea98966d700faa,2012-12,Wiltshire Police,Wiltshire Police,-1.783744,51.579206,On or near Pinehurst Road,E01015508,Swindon 010A,Criminal damage and arson,Investigation complete; no suspect identified,
6af6e049cde1033ea5274c1ad293942bc676a3b4223bcc9b54425534381124b3,2012-12,Wiltshire Police,Wiltshire Police,-1.783744,51.579206,On or near Pinehurst Road,E01015508,Swindon 010A,Public disorder and weapons,Offender given community sentence,
7b8bb5293709cf4fe3ca5c134d0b2fb3c3fad4038b2de7feb6bfbafee91cafff,2012-12,Wiltshire Police,Wiltshire Police,-1.783744,51.579206,On or near Pinehurst Road,E01015508,Swindon 010A,Violent crime,Local resolution,
,2012-12,Wiltshire Police,Wiltshire Police,-1.774098,51.577354,On or near A4311,E01015509,Swindon 010B,Anti-social behaviour,,
,2012-12,Wiltshire Police,Wiltshire Police,-1.766916,51.576477,On or near Moray Road,E01015509,Swindon 010B,Anti-social behaviour,,
,2012-12,Wiltshire Police,Wiltshire Police,-1.777271,51.574833,On or near Cricklade Road,E01015509,Swindon 010B,Anti-social behaviour,,
,2012-12,Wiltshire Police,Wiltshire Police,-1.774585,51.575341,On or near Tydeman Street,E01015509,Swindon 010B,Anti-social behaviour,,
c27d476dfd616ff6ad9db7eb554382dc63bd308c3db7c89e23c1fe0f9d9346da,2012-12,Wiltshire Police,Wiltshire Police,-1.777271,51.574833,On or near Cricklade Road,E01015509,Swindon 010B,Criminal damage and arson,Investigation complete; no suspect identified,
cb08f2b43e784f879eefd18717e01feab9a17b1057fd014452ab73650a64fb83,2012-12,Wiltshire Police,Wiltshire Police,-1.770061,51.573830,On or near Dunbeath Court,E01015509,Swindon 010B,Other theft,Offender given a caution,
c669bac70fff46aef7a619aa9bcc1e2a974dd6480837fca7e5180375886bf0f0,2012-12,Wiltshire Police,Wiltshire Police,-1.770061,51.573830,On or near Dunbeath Court,E01015509,Swindon 010B,Shoplifting,Investigation complete; no suspect identified,
daa6ceb1c7bfb0ffbe1c05c8ee415a88c9b2d24d39d37ba1b5aee8f109fe9f72,2012-12,Wiltshire Police,Wiltshire Police,-1.769907,51.578694,On or near Parking Area,E01015509,Swindon 010B,Vehicle crime,Investigation complete; no suspect identified,
e61f59294e74766011b939f268344f9e897be674ee9032bb2733b758ac812506,2012-12,Wiltshire Police,Wiltshire Police,-1.774588,51.574558,On or near Argyle Street,E01015509,Swindon 010B,Vehicle crime,Investigation complete; no suspect identified,
f604d8f13e65b172ed74f40c75dfc0414df338aa3c1dba08bd2217828b6896ed,2012-12,Wiltshire Police,Wiltshire Police,-1.766265,51.576889,On or near Barry Glen Close,E01015509,Swindon 010B,Vehicle crime,Investigation complete; no suspect identified,
1113be7955b175b1bfbe428047822c32b73b2d2d715d1358b9b67445173de627,2012-12,Wiltshire Police,Wiltshire Police,-1.766916,51.576477,On or near Moray Road,E01015509,Swindon 010B,Vehicle crime,Investigation complete; no suspect identified,
32056f5198fe97dbf30aaf3d4d29737f359a078223ccb982540af623e40337fa,2012-12,Wiltshire Police,Wiltshire Police,-1.774588,51.574558,On or near Argyle Street,E01015509,Swindon 010B,Vehicle crime,Investigation complete; no suspect identified,
d3e7300a98ae0b675074fdc5be959ab8f80fa782109ebc6d86916cb511011759,2012-12,Wiltshire Police,Wiltshire Police,-1.774588,51.574558,On or near Argyle Street,E01015509,Swindon 010B,Vehicle crime,Investigation complete; no suspect identified,
6408ccbf7b5b9606d9d35d2916e927ee85843705f77ae9c108f411e09be1a811,2012-12,Wiltshire Police,Wiltshire Police,-1.774588,51.574558,On or near Argyle Street,E01015509,Swindon 010B,Violent crime,Offender given a caution,
974d73df63e59126363c0191028a994473bdf72f9e19f0948a548f54729016be,2012-12,Wiltshire Police,Wiltshire Police,-1.774098,51.577354,On or near A4311,E01015509,Swindon 010B,Violent crime,Investigation complete; no suspect identified,
,2012-12,Wiltshire Police,Wiltshire Police,-1.777728,51.569808,On or near Handel Street,E01015510,Swindon 010C,Anti-social behaviour,,
,2012-12,Wiltshire Police,Wiltshire Police,-1.772115,51.572854,On or near Buller Street,E01015510,Swindon 010C,Anti-social behaviour,,
,2012-12,Wiltshire Police,Wiltshire Police,-1.777728,51.569808,On or near Handel Street,E01015510,Swindon 010C,Anti-social behaviour,,
,2012-12,Wiltshire Police,Wiltshire Police,-1.776055,51.572781,On or near Avening Street,E01015510,Swindon 010C,Anti-social behaviour,,
,2012-12,Wiltshire Police,Wiltshire Police,-1.780198,51.569399,On or near Beatrice Street,E01015510,Swindon 010C,Anti-social behaviour,,
,2012-12,Wiltshire Police,Wiltshire Police,-1.780198,51.569399,On or near Beatrice Street,E01015510,Swindon 010C,Anti-social behaviour,,
e2762e6c64a3a3b50d9f07636bd5dfe8b1d249b383f7e0bcc315b1ee12910554,2012-12,Wiltshire Police,Wiltshire Police,-1.776451,51.571379,On or near Carpenters Lane,E01015510,Swindon 010C,Burglary,Investigation complete; no suspect identified,
2064d9aa405a71e8ed2f7da85a8f31d93aea8618c362c30d8529eb9b0f90ca95,2012-12,Wiltshire Police,Wiltshire Police,-1.777767,51.570698,On or near Parking Area,E01015510,Swindon 010C,Burglary,Local resolution,
de80835b014cf83f0249e69b0f0b4f95cb17daedc2abbdc09ba99fb36e8d59b0,2012-12,Wiltshire Police,Wiltshire Police,-1.776055,51.572781,On or near Avening Street,E01015510,Swindon 010C,Criminal damage and arson,Investigation complete; no suspect identified,
a4227c7a1c5b7018c4116683e1e9207dee63ce33f4761c7d32bb24a7fcb26d37,2012-12,Wiltshire Police,Wiltshire Police,-1.780198,51.569399,On or near Beatrice Street,E01015510,Swindon 010C,Drugs,Offender given a drugs possession warning,
63d7b38b32ae6713af06988fae26729057027d160bcbbdff8fd3525bead3e139,2012-12,Wiltshire Police,Wiltshire Police,-1.777767,51.570698,On or near Parking Area,E01015510,Swindon 010C,Other theft,Under investigation,
bfb02ba8f1191f94750f19472aa0509d397c719e4acbdc8baaf423c23b39fdfc,2012-12,Wiltshire Police,Wiltshire Police,-1.780198,51.569399,On or near Beatrice Street,E01015510,Swindon 010C,Other theft,Investigation complete; no suspect identified,
77de5c00abb628d1329082861d0d52ba5413824f932080940bf22516a0d79ee5,2012-12,Wiltshire Police,Wiltshire Police,-1.780198,51.569399,On or near Beatrice Street,E01015510,Swindon 010C,Shoplifting,Local resolution,
12dcab6df1de3735ccd8df2b1ee765b0a4862aa6b2e324047730d8962a29be58,2012-12,Wiltshire Police,Wiltshire Police,-1.772471,51.570886,On or near Huddleston Close,E01015510,Swindon 010C,Shoplifting,Investigation complete; no suspect identified,
93d17d0f5d1d0c3b9ee2e91563030d18721348aa7cb9ccbc6ec5ea5680c2828c,2012-12,Wiltshire Police,Wiltshire Police,-1.780198,51.569399,On or near Beatrice Street,E01015510,Swindon 010C,Shoplifting,Offender given a caution,
7e53d0a91b44ea1d427f50f09200ed32c40c840d5a2818166cb4ab8b1816f905,2012-12,Wiltshire Police,Wiltshire Police,-1.772471,51.570886,On or near Huddleston Close,E01015510,Swindon 010C,Vehicle crime,Investigation complete; no suspect identified,
030cc9a871cf23a7bd9de6493f8d2a7bbb70541d9f67438a4d0fa2e781821323,2012-12,Wiltshire Police,Wiltshire Police,-1.777767,51.570698,On or near Parking Area,E01015510,Swindon 010C,Vehicle crime,Investigation complete; no suspect identified,
a27eebb26fba1ced1912b8920432b6aca436a2d28c6156cf56a841f59e33c1cc,2012-12,Wiltshire Police,Wiltshire Police,-1.777728,51.569808,On or near Handel Street,E01015510,Swindon 010C,Vehicle crime,Investigation complete; no suspect identified,
5eef42aeb493e96916595abb40863e09c3c7280d4410870c79d98d29b0b5b383,2012-12,Wiltshire Police,Wiltshire Police,-1.776678,51.572270,On or near Supermarket,E01015510,Swindon 010C,Violent crime,Investigation complete; no suspect identified,
,2012-12,Wiltshire Police,Wiltshire Police,-1.785927,51.572224,On or near St Marys Grove,E01015511,Swindon 010D,Anti-social behaviour,,
,2012-12,Wiltshire Police,Wiltshire Police,-1.777959,51.572857,On or near St Paul'S Street,E01015511,Swindon 010D,Anti-social behaviour,,
,2012-12,Wiltshire Police,Wiltshire Police,-1.783661,51.572382,On or near Kitchener Street,E01015511,Swindon 010D,Anti-social behaviour,,
2ab178b75bb83261dc6f271e75065a79cc679d520f860c7a595511e7236418ce,2012-12,Wiltshire Police,Wiltshire Police,-1.777959,51.572857,On or near St Paul'S Street,E01015511,Swindon 010D,Burglary,Investigation complete; no suspect identified,
ed8bd6d87931e617f5ae239a34ff4cd2fad0a42ab613e585a4a4cd77f877f239,2012-12,Wiltshire Police,Wiltshire Police,-1.777959,51.572857,On or near St Paul'S Street,E01015511,Swindon 010D,Burglary,Offender given community sentence,
6e0f48b04a2d598e966c8c395bf94e3fec2d5b4de4266092a4a8022e877b842f,2012-12,Wiltshire Police,Wiltshire Police,-1.780480,51.570622,On or near Florence Street,E01015511,Swindon 010D,Criminal damage and arson,Under investigation,
e4332a07eb40e643b4aacf07eac77156bbb570e743c7f47dd67450c5d64a96bd,2012-12,Wiltshire Police,Wiltshire Police,-1.777959,51.572857,On or near St Paul'S Street,E01015511,Swindon 010D,Drugs,Investigation complete; no suspect identified,
e5eb20943269456d5accb497fd900934df353d93cfab633b7c85d665149f320d,2012-12,Wiltshire Police,Wiltshire Police,-1.781312,51.571775,On or near Ferndale Road,E01015511,Swindon 010D,Other theft,Investigation complete; no suspect identified,
17faeb6392ec02dffbfbc9735814c6afce10e1b6dc60bd42ac1252534f6d9a90,2012-12,Wiltshire Police,Wiltshire Police,-1.783957,51.570836,On or near Ipswich Street,E01015511,Swindon 010D,Robbery,Investigation complete; no suspect identified,
43be19f4dc9e457f112b6544032ff5c5b13636f9019da7ec666899e378fcf19d,2012-12,Wiltshire Police,Wiltshire Police,-1.782778,51.569943,On or near Sports/Recreation Area,E01015511,Swindon 010D,Vehicle crime,Court result unavailable,
b0ddfb7d7256f3d67fd0697a07064fb7d0468c30b31aff8767a55aaacfbb17c6,2012-12,Wiltshire Police,Wiltshire Police,-1.783661,51.572382,On or near Kitchener Street,E01015511,Swindon 010D,Vehicle crime,Investigation complete; no suspect identified,
b4670a1528ffb685a75a0e533c9ba4b3f716a66e16f8eff501de6f690e846395,2012-12,Wiltshire Police,Wiltshire Police,-1.780297,51.572708,On or near Norman Road,E01015511,Swindon 010D,Vehicle crime,Investigation complete; no suspect identified,
23775876e9cba3cdf60e35dec18be4e1d1987de2e2313a65c26aa16298c2e02a,2012-12,Wiltshire Police,Wiltshire Police,-1.784529,51.571871,On or near Omdurman Street,E01015511,Swindon 010D,Violent crime,Offender given a caution,
32c64e25f6bb93d5fbb3704dad586399ef19134c8578a0928459548aa6348bc3,2012-12,Wiltshire Police,Wiltshire Police,-1.784529,51.571871,On or near Omdurman Street,E01015511,Swindon 010D,Violent crime,Offender given a caution,
5dc16e710ed173c27c76c8d02241ece14b08f015e775730db0de23d451ed1b5c,2012-12,Wiltshire Police,Wiltshire Police,-1.783661,51.572382,On or near Kitchener Street,E01015511,Swindon 010D,Violent crime,Offender given a caution,
,2012-12,Wiltshire Police,Wiltshire Police,-1.827733,51.578335,On or near Portmore Close,E01015562,Swindon 011A,Anti-social behaviour,,
08099eeac05cef41159dbee313dab629f4d87e65117d1b2a2207917ab501cd54,2012-12,Wiltshire Police,Wiltshire Police,-1.828733,51.577320,On or near Lomond Close,E01015562,Swindon 011A,Burglary,Investigation complete; no suspect identified,
,2012-12,Wiltshire Police,Wiltshire Police,-1.842237,51.578076,On or near Clayhill Copse,E01015563,Swindon 011B,Anti-social behaviour,,
e80ae26bf6d68f139a2e072aeeff0d4485eb2739f5e735bdc991a86280cf26af,2012-12,Wiltshire Police,Wiltshire Police,-1.836290,51.578644,On or near Webbs Wood,E01015563,Swindon 011B,Burglary,Investigation complete; no suspect identified,
38aff666d9de2425871b650d0fc6706071d752eed93a202135f9bee24086bd73,2012-12,Wiltshire Police,Wiltshire Police,-1.841489,51.577383,On or near Chase Wood,E01015563,Swindon 011B,Vehicle crime,Investigation complete; no suspect identified,
64fe7e764370d6ee0acea875fcf3d770970fe0a56a7560b5d44cfbfe658f06c4,2012-12,Wiltshire Police,Wiltshire Police,-1.842677,51.576063,On or near Keycroft Copse,E01015563,Swindon 011B,Vehicle crime,Investigation complete; no suspect identified,
,2012-12,Wiltshire Police,Wiltshire Police,-1.841212,51.569974,On or near Elm Grove,E01015565,Swindon 011C,Anti-social behaviour,,
,2012-12,Wiltshire Police,Wiltshire Police,-1.837988,51.567695,On or near Parking Area,E01015565,Swindon 011C,Anti-social behaviour,,
,2012-12,Wiltshire Police,Wiltshire Police,-1.836919,51.568026,On or near Pilgrim Close,E01015565,Swindon 011C,Anti-social behaviour,,
,2012-12,Wiltshire Police,Wiltshire Police,-1.837988,51.567695,On or near Parking Area,E01015565,Swindon 011C,Anti-social behaviour,,
,2012-12,Wiltshire Police,Wiltshire Police,-1.842746,51.568600,On or near Fenland Close,E01015565,Swindon 011C,Anti-social behaviour,,
949f36436df225a430b78a833ce97af5eada6ba04da48267505304d1456ae606,2012-12,Wiltshire Police,Wiltshire Police,-1.836919,51.568026,On or near Pilgrim Close,E01015565,Swindon 011C,Criminal damage and arson,Investigation complete; no suspect identified,
292e965bff7fa96e0f9c89d145adf6da08aa0c9e436c7e86aac2c243779f9614,2012-12,Wiltshire Police,Wiltshire Police,-1.846716,51.567796,On or near Danestone Close,E01015565,Swindon 011C,Other theft,Investigation complete; no suspect identified,
51a2a05a1f2551944586f73633635002b5e83a2b6639fe27d17fc0506c23ed07,2012-12,Wiltshire Police,Wiltshire Police,-1.843225,51.567846,On or near Middleleaze Drive,E01015565,Swindon 011C,Vehicle crime,Investigation complete; no suspect identified,
3e877589cc834b5c4e330f6729c6ac17baac6debdebbe82dc4e0f60c5fe238e7,2012-12,Wiltshire Police,Wiltshire Police,-1.841212,51.569974,On or near Elm Grove,E01015565,Swindon 011C,Vehicle crime,Investigation complete; no suspect identified,
,2012-12,Wiltshire Police,Wiltshire Police,-1.842186,51.567997,On or near Yeoman Close,E01015566,Swindon 011D,Anti-social behaviour,,
,2012-12,Wiltshire Police,Wiltshire Police,-1.800213,51.565281,On or near Supermarket,E01015578,Swindon 012B,Anti-social behaviour,,
,2012-12,Wiltshire Police,Wiltshire Police,-1.790954,51.567872,On or near Pedestrian Subway,E01015578,Swindon 012B,Anti-social behaviour,,
,2012-12,Wiltshire Police,Wiltshire Police,-1.797148,51.569960,On or near Harcourt Road,E01015578,Swindon 012B,Anti-social behaviour,,
f8f67629fc68a6ed149edaadbe6d2a7e59b088976771a305f5943c7032667465,2012-12,Wiltshire Police,Wiltshire Police,-1.797527,51.572325,On or near Surrey Road,E01015578,Swindon 012B,Burglary,Investigation complete; no suspect identified,
3180312a828b55a9f264d3a8e7f01af98060db1fa43ed51d837e5d9cfa0d6a6c,2012-12,Wiltshire Police,Wiltshire Police,-1.798256,51.570618,On or near Cobden Road,E01015578,Swindon 012B,Criminal damage and arson,Investigation complete; no suspect identified,
76395b5dbc276fe0dc7170ed9e877d74be97a60cfe9f825c1fa2caed4ec5f0bb,2012-12,Wiltshire Police,Wiltshire Police,-1.801188,51.569985,On or near Rodbourne Road,E01015578,Swindon 012B,Criminal damage and arson,Investigation complete; no suspect identified,
427926fc202b1db8318f6a4c8b1d64d81af9368238fe8d8b691aaa33ec091aa0,2012-12,Wiltshire Police,Wiltshire Police,-1.801530,51.570912,On or near B4006,E01015578,Swindon 012B,Criminal damage and arson,Investigation complete; no suspect identified,
6788766ec5d43d9aeefb051a124ec73ee1c032f40511b7da6275d6b1764acfcf,2012-12,Wiltshire Police,Wiltshire Police,-1.800213,51.565281,On or near Supermarket,E01015578,Swindon 012B,Other theft,Investigation complete; no suspect identified,
42e8e65dcad42eea798d8d3ad15a0032a056abbbb84ccdfd82f932ea14835a6d,2012-12,Wiltshire Police,Wiltshire Police,-1.800398,51.565892,On or near Thomas Street,E01015578,Swindon 012B,Public disorder and weapons,Offender given community sentence,
a001e9c5335a64c392bb13ab461a6bb554f373ecf3f2900d3d59edf2949a3158,2012-12,Wiltshire Police,Wiltshire Police,-1.795228,51.563825,On or near Kemble Drive,E01015578,Swindon 012B,Public disorder and weapons,Investigation complete; no suspect identified,
d692e4ae7ded71a6c32dd114efef5d4cfe9d8998c91b997a94bf431f77baee86,2012-12,Wiltshire Police,Wiltshire Police,-1.800213,51.565281,On or near Supermarket,E01015578,Swindon 012B,Shoplifting,Offender given suspended prison sentence,
f1d052063c9756d421526fde3623f2b11f28b34f65b90a20f8d3fb629e97fe49,2012-12,Wiltshire Police,Wiltshire Police,-1.807057,51.570660,On or near Galton Way,E01015578,Swindon 012B,Vehicle crime,Investigation complete; no suspect identified,
0e09ffdffd5edf3e5049f2fdaf6d3ba26250adfd2649802bed3371fce2740123,2012-12,Wiltshire Police,Wiltshire Police,-1.800335,51.567133,On or near Manton Street,E01015578,Swindon 012B,Vehicle crime,Investigation complete; no suspect identified,
06496e3ea13d0093c3930ca8fabcd06858228ac553eadd6a66347e1b1862a6ef,2012-12,Wiltshire Police,Wiltshire Police,-1.798274,51.566590,On or near Barnum Court,E01015578,Swindon 012B,Vehicle crime,Investigation complete; no suspect identified,
1f8b7454c6ac1db218778890425dab51900c3686fc684b02e03af07eee768b41,2012-12,Wiltshire Police,Wiltshire Police,-1.801188,51.569985,On or near Rodbourne Road,E01015578,Swindon 012B,Violent crime,Local resolution,
22ec1c810873d938c5f00a1a867099c6b6ac2c2dcfcaf607640719d7aa96374c,2012-12,Wiltshire Police,Wiltshire Police,-1.800121,51.569785,On or near Wembley Street,E01015578,Swindon 012B,Violent crime,Investigation complete; no suspect identified,
d61979c819bd894803c7e615adf822946906563f7df3b5449e7e29597312df40,2012-12,Wiltshire Police,Wiltshire Police,-1.798256,51.570618,On or near Cobden Road,E01015578,Swindon 012B,Violent crime,Court result unavailable,
cfbc50401af288490f7ad5ad4a30ca4a92e46a8febd4d66febecf28c61b21ea9,2012-12,Wiltshire Police,Wiltshire Police,-1.798274,51.566590,On or near Barnum Court,E01015578,Swindon 012B,Violent crime,Offender given conditional discharge,
ab325062062650e7c0275e2235fd262ccc29fce7c8a52fd218e18fb2a1cad20d,2012-12,Wiltshire Police,Wiltshire Police,-1.790954,51.567872,On or near Pedestrian Subway,E01015578,Swindon 012B,Violent crime,Court case unable to proceed,
4167c160c8ead7e9d933e56d446b7c112a8b97e6995a74921d8fef1ddf01bcc5,2012-12,Wiltshire Police,Wiltshire Police,-1.801188,51.569985,On or near Rodbourne Road,E01015578,Swindon 012B,Violent crime,Investigation complete; no suspect identified,
25f679aa7ce519e3b1a3324161e29ed912c4bdfb3973fe6d51a2c58da93f57d9,2012-12,Wiltshire Police,Wiltshire Police,-1.795228,51.563825,On or near Kemble Drive,E01015578,Swindon 012B,Violent crime,Investigation complete; no suspect identified,
83d631a858d1259e44a1557d7f4dea0e32bd76ba2583d2cd59ec0726ecadfb66,2012-12,Wiltshire Police,Wiltshire Police,-1.798256,51.570618,On or near Cobden Road,E01015578,Swindon 012B,Violent crime,Offender given community sentence,
f9d34a05ffd8adff931db3606bc25c72d54c8d69496a0f66a8b5cbdfb88a0159,2012-12,Wiltshire Police,Wiltshire Police,-1.790954,51.567872,On or near Pedestrian Subway,E01015578,Swindon 012B,Other crime,Local resolution,
,2012-12,Wiltshire Police,Wiltshire Police,-1.804265,51.565764,On or near Hughes Street,E01015579,Swindon 012C,Anti-social behaviour,,
23e699c026d4dedf83093757403d1067b585cbfd15fdf2b78be924f9fc54b271,2012-12,Wiltshire Police,Wiltshire Police,-1.806270,51.562405,On or near Watling Close,E01015579,Swindon 012C,Burglary,Investigation complete; no suspect identified,
a3bb9d45d06e80f6b00428eb68528c8a4011ae1cfc94614bd7a400b127c02170,2012-12,Wiltshire Police,Wiltshire Police,-1.809213,51.565826,On or near Wayside Close,E01015579,Swindon 012C,Criminal damage and arson,Investigation complete; no suspect identified,
21ed81de95924b6eb37c4d22523153af08c4b9070b65d4d1832c52750c9813b0,2012-12,Wiltshire Police,Wiltshire Police,-1.808071,51.559431,On or near Callenders,E01015579,Swindon 012C,Shoplifting,Offender given community sentence,
82e3f41d1297810a60d2389e7f03406915b9e8be8d0d4e22c2cab6e22412c4dc,2012-12,Wiltshire Police,Wiltshire Police,-1.806270,51.562405,On or near Watling Close,E01015579,Swindon 012C,Vehicle crime,Investigation complete; no suspect identified,
466d93ef52d32bb28e7c00fff616f8c23d6bc58fa79a04a4d1678f8cca08b361,2012-12,Wiltshire Police,Wiltshire Police,-1.807993,51.564341,On or near St Albans Close,E01015579,Swindon 012C,Vehicle crime,Investigation complete; no suspect identified,
,2012-12,Wiltshire Police,Wiltshire Police,-1.799854,51.574874,On or near Somerset Road,E01015581,Swindon 012D,Anti-social behaviour,,
,2012-12,Wiltshire Police,Wiltshire Police,-1.800049,51.572995,On or near Whitby Grove,E01015581,Swindon 012D,Anti-social behaviour,,
,2012-12,Wiltshire Police,Wiltshire Police,-1.798791,51.576850,On or near Vicarage Road,E01015581,Swindon 012D,Anti-social behaviour,,
,2012-12,Wiltshire Police,Wiltshire Police,-1.819237,51.584670,On or near Purton Road,E01015581,Swindon 012D,Anti-social behaviour,,
,2012-12,Wiltshire Police,Wiltshire Police,-1.798791,51.576850,On or near Vicarage Road,E01015581,Swindon 012D,Anti-social behaviour,,
58ae5f153ae5cf464e0190cdfebc3e5d37d588eef66f19969656a04c50522195,2012-12,Wiltshire Police,Wiltshire Police,-1.800678,51.577780,On or near Cheney Manor Road,E01015581,Swindon 012D,Burglary,Investigation complete; no suspect identified,
28f0526b474e461a66881b773ca00cb335c5b860a12773e9c75f17dc2029c7ee,2012-12,Wiltshire Police,Wiltshire Police,-1.813150,51.573313,On or near Brindley Close,E01015581,Swindon 012D,Burglary,Investigation complete; no suspect identified,
07caeb81764868e1e41deb9a94f29851856f1b8a5e769064528a0d9cdff0d7df,2012-12,Wiltshire Police,Wiltshire Police,-1.813150,51.573313,On or near Brindley Close,E01015581,Swindon 012D,Burglary,Investigation complete; no suspect identified,
3899bc46609c9bd30049c13c4dcb820265b43f62dbd49b77b495fe5c4deb9dec,2012-12,Wiltshire Police,Wiltshire Police,-1.802201,51.575876,On or near Aubrey Gardens,E01015581,Swindon 012D,Criminal damage and arson,Investigation complete; no suspect identified,
51ad55e845483c954371a8fc9f172aa82bc119726a6d1f519df1e4198ff6f12e,2012-12,Wiltshire Police,Wiltshire Police,-1.814140,51.581650,On or near Parking Area,E01015581,Swindon 012D,Criminal damage and arson,Investigation complete; no suspect identified,
cdd04f94ad719646ccf828ec40a6d4810b69ad958fbc8808c9df936d1d4924c9,2012-12,Wiltshire Police,Wiltshire Police,-1.813150,51.573313,On or near Brindley Close,E01015581,Swindon 012D,Drugs,Offender given a drugs possession warning,
c91fb7d2be5813a0d4d0ed18db73669f4fd700bb8c7433f6de9bc00a2c499287,2012-12,Wiltshire Police,Wiltshire Police,-1.799855,51.577724,On or near Harvey Grove,E01015581,Swindon 012D,Robbery,Investigation complete; no suspect identified,
c359342fc8e3158627f84dbd5a9e48309d1b7f61255e0e21cabc469b34836436,2012-12,Wiltshire Police,Wiltshire Police,-1.798040,51.573747,On or near Bessemer Close,E01015581,Swindon 012D,Vehicle crime,Investigation complete; no suspect identified,
9f3cc0319b6f9caa34d3d51e0646dfde6f82c1a0f3437d2fc3414ff8c2b7007e,2012-12,Wiltshire Police,Wiltshire Police,-1.814140,51.581650,On or near Parking Area,E01015581,Swindon 012D,Vehicle crime,Investigation complete; no suspect identified,
8f69e2b00e23007362dd36c091d28ad1fb332e04f176b75022a34be2e560976c,2012-12,Wiltshire Police,Wiltshire Police,-1.801535,51.573159,On or near Cheney Manor Road,E01015581,Swindon 012D,Vehicle crime,Investigation complete; no suspect identified,
cb79465472f8c4cbc629394bf56da004c5c3b945c693a8753a1018bc2b686fdc,2012-12,Wiltshire Police,Wiltshire Police,-1.807537,51.576793,On or near Lynton Road,E01015581,Swindon 012D,Vehicle crime,Investigation complete; no suspect identified,
80dc6a52db86cc7ad6cddabc9a617363d981cd5de97d902fcdfbe66721f88d36,2012-12,Wiltshire Police,Wiltshire Police,-1.796881,51.574905,On or near Collett Avenue,E01015581,Swindon 012D,Vehicle crime,Investigation complete; no suspect identified,
30e19fa1c5b44449b171974a8384a23dba75a32fb4ece3a13c7497c876a2e104,2012-12,Wiltshire Police,Wiltshire Police,-1.798040,51.573747,On or near Bessemer Close,E01015581,Swindon 012D,Vehicle crime,Investigation complete; no suspect identified,
d3ddce563b579a066d8b33fc525a30c2b2a61b3bad02e3fd23a32f7c02108b15,2012-12,Wiltshire Police,Wiltshire Police,-1.813150,51.573313,On or near Brindley Close,E01015581,Swindon 012D,Vehicle crime,Investigation complete; no suspect identified,
,2012-12,Wiltshire Police,Wiltshire Police,-1.786800,51.570571,On or near Osborne Street,E01015582,Swindon 012E,Anti-social behaviour,,
,2012-12,Wiltshire Police,Wiltshire Police,-1.785556,51.571270,On or near St Marys Grove,E01015582,Swindon 012E,Anti-social behaviour,,
a813f5c15cae30ecc19d93ebca5f420d3ed43ae708303e68d8afad12918bc55a,2012-12,Wiltshire Police,Wiltshire Police,-1.790408,51.570335,On or near Sports/Recreation Area,E01015582,Swindon 012E,Burglary,Investigation complete; no suspect identified,
ee644d168154e10a874f94d151f5d0937407c43b9badce515fc5a7decbb03f5d,2012-12,Wiltshire Police,Wiltshire Police,-1.793508,51.570988,On or near Ferndale Road,E01015582,Swindon 012E,Criminal damage and arson,Under investigation,
134df65de6cb16518bafaebe754f21232af49fee7486e5bd3c674c6adcbc06e8,2012-12,Wiltshire Police,Wiltshire Police,-1.784702,51.568895,On or near Petrol Station,E01015582,Swindon 012E,Criminal damage and arson,Investigation complete; no suspect identified,
6d401855a61dc65c8016cae223a3ef057068478646546c006860da7ec4fbed91,2012-12,Wiltshire Police,Wiltshire Police,-1.785556,51.571270,On or near St Marys Grove,E01015582,Swindon 012E,Drugs,Offender given a caution,
e638835dd80972eea4e17de6313c34805fce3fa3b17bd17429f9bff335556633,2012-12,Wiltshire Police,Wiltshire Police,-1.786909,51.571974,On or near Rayfield Grove,E01015582,Swindon 012E,Other theft,Investigation complete; no suspect identified,
4f6628adddda3902f969d30b4fa76802da5ee59a1b6161f0a7430f2702a2ef66,2012-12,Wiltshire Police,Wiltshire Police,-1.784702,51.568895,On or near Petrol Station,E01015582,Swindon 012E,Shoplifting,Investigation complete; no suspect identified,
504206def1d0f01715513440c36219459126779c106930ab9f2248ed37daf534,2012-12,Wiltshire Police,Wiltshire Police,-1.785556,51.571270,On or near St Marys Grove,E01015582,Swindon 012E,Vehicle crime,Investigation complete; no suspect identified,
56d1d31259f2a1fdbe159442a5cccbf9c4d5edb968cf141e911266c9d76ce422,2012-12,Wiltshire Police,Wiltshire Police,-1.793508,51.570988,On or near Ferndale Road,E01015582,Swindon 012E,Vehicle crime,Investigation complete; no suspect identified,
d4236109450297245cfe5d6dbc1d12654cf87eafad07735e3045dc20186917af,2012-12,Wiltshire Police,Wiltshire Police,-1.786909,51.571974,On or near Rayfield Grove,E01015582,Swindon 012E,Violent crime,Investigation complete; no suspect identified,
ac77448d8c43d99381f5a3749451231279a2c34ba4359fefe6968a8af1cc6627,2012-12,Wiltshire Police,Wiltshire Police,-1.784702,51.568895,On or near Petrol Station,E01015582,Swindon 012E,Violent crime,Investigation complete; no suspect identified,
da25abe029f33f3bb8c0ea9b19a83dc62f07f1d8bd060e80779967db7dff569e,2012-12,Wiltshire Police,Wiltshire Police,-1.804772,51.558563,On or near Padstow Road,E01032708,Swindon 012F,Other crime,Investigation complete; no suspect identified,
,2012-12,Wiltshire Police,Wiltshire Police,-1.802409,51.561229,On or near Redcliffe Street,E01032716,Swindon 012G,Anti-social behaviour,,
,2012-12,Wiltshire Police,Wiltshire Police,-1.800956,51.563529,On or near Guppy Street,E01032716,Swindon 012G,Anti-social behaviour,,
,2012-12,Wiltshire Police,Wiltshire Police,-1.798104,51.562589,On or near Shopping Area,E01032716,Swindon 012G,Anti-social behaviour,,
,2012-12,Wiltshire Police,Wiltshire Police,-1.801384,51.564698,On or near Percy Street,E01032716,Swindon 012G,Anti-social behaviour,,
,2012-12,Wiltshire Police,Wiltshire Police,-1.802991,51.563415,On or near Horace Street,E01032716,Swindon 012G,Anti-social behaviour,,
,2012-12,Wiltshire Police,Wiltshire Police,-1.802991,51.563415,On or near Horace Street,E01032716,Swindon 012G,Anti-social behaviour,,
,2012-12,Wiltshire Police,Wiltshire Police,-1.800956,51.563529,On or near Guppy Street,E01032716,Swindon 012G,Anti-social behaviour,,
,2012-12,Wiltshire Police,Wiltshire Police,-1.802447,51.565797,On or near Summers Street,E01032716,Swindon 012G,Anti-social behaviour,,
,2012-12,Wiltshire Police,Wiltshire Police,-1.801840,51.562667,On or near Linslade Street,E01032716,Swindon 012G,Anti-social behaviour,,
,2012-12,Wiltshire Police,Wiltshire Police,-1.800956,51.563529,On or near Guppy Street,E01032716,Swindon 012G,Anti-social behaviour,,
,2012-12,Wiltshire Police,Wiltshire Police,-1.802409,51.561229,On or near Redcliffe Street,E01032716,Swindon 012G,Anti-social behaviour,,
,2012-12,Wiltshire Police,Wiltshire Police,-1.800956,51.563529,On or near Guppy Street,E01032716,Swindon 012G,Anti-social behaviour,,
,2012-12,Wiltshire Police,Wiltshire Police,-1.801384,51.564698,On or near Percy Street,E01032716,Swindon 012G,Anti-social behaviour,,
8d8f44e8145ca89ecf58ed7d3e7c38e36b7fd7e58742cd0add2b3d766cbf8c7c,2012-12,Wiltshire Police,Wiltshire Police,-1.800956,51.563529,On or near Guppy Street,E01032716,Swindon 012G,Criminal damage and arson,Investigation complete; no suspect identified,
1d9ec1b39d0a709eb1f25be44bf26fd67ea3d8afe1c463adc1de75d9d366b806,2012-12,Wiltshire Police,Wiltshire Police,-1.801384,51.564698,On or near Percy Street,E01032716,Swindon 012G,Criminal damage and arson,Local resolution,
992d3de484d5ddb78cb381e8c2cfb883c2168ee8a19507913249901937fdda0e,2012-12,Wiltshire Police,Wiltshire Police,-1.802409,51.561229,On or near Redcliffe Street,E01032716,Swindon 012G,Criminal damage and arson,Investigation complete; no suspect identified,
356f72a3c11d582043882edd41ea1e594def8a1d463b4d7a627c85a6877a07e5,2012-12,Wiltshire Police,Wiltshire Police,-1.798104,51.562589,On or near Shopping Area,E01032716,Swindon 012G,Drugs,Offender given a drugs possession warning,
f0acbf12daaefad3344157291fe9ed866fbe517e7fc4c024925817d1d4c006df,2012-12,Wiltshire Police,Wiltshire Police,-1.798104,51.562589,On or near Shopping Area,E01032716,Swindon 012G,Other theft,Investigation complete; no suspect identified,
480a6d38a4f96c10a72eb986012c629aadc95278f7d0bb310082ebf08cc07085,2012-12,Wiltshire Police,Wiltshire Police,-1.798104,51.562589,On or near Shopping Area,E01032716,Swindon 012G,Other theft,Investigation complete; no suspect identified,
896c0721b36f81e442174d94131ac6da7c73423e8b6ae2c085baf8233c5c4d6b,2012-12,Wiltshire Police,Wiltshire Police,-1.798104,51.562589,On or near Shopping Area,E01032716,Swindon 012G,Other theft,Investigation complete; no suspect identified,
caf48ec0ab511da13f57e3184b0cc8faf4d16fd016927e0aaa995c2a726ffe75,2012-12,Wiltshire Police,Wiltshire Police,-1.798104,51.562589,On or near Shopping Area,E01032716,Swindon 012G,Other theft,Investigation complete; no suspect identified,
490770868ab160d6a058f538abbec3cba8cc38c820f0f1a69ec0d0c130ea0cb4,2012-12,Wiltshire Police,Wiltshire Police,-1.798104,51.562589,On or near Shopping Area,E01032716,Swindon 012G,Shoplifting,Offender given penalty notice,
081dbf03eb5894f7410a01a225e153a4eaef0f3ad07f51b64b9eb2c5cdc9461e,2012-12,Wiltshire Police,Wiltshire Police,-1.798104,51.562589,On or near Shopping Area,E01032716,Swindon 012G,Shoplifting,Offender given community sentence,
67bb2ae0a464298cbcf42c4ffda0c904c7f4a22d688a2e4c0ea0e013f711ce0d,2012-12,Wiltshire Police,Wiltshire Police,-1.801384,51.564698,On or near Percy Street,E01032716,Swindon 012G,Violent crime,Local resolution,
c62cf90ba7f8f56e8498c66b117f2064877966433880e06f99129553be73b504,2012-12,Wiltshire Police,Wiltshire Police,-1.801384,51.564698,On or near Percy Street,E01032716,Swindon 012G,Violent crime,Offender given a caution,
3c6ae566f327d13270d81b6e22fd35d6794396a94fe4bf45a32dcaea829b88e9,2012-12,Wiltshire Police,Wiltshire Police,-1.802991,51.563415,On or near Horace Street,E01032716,Swindon 012G,Other crime,Offender given a caution,
,2012-12,Wiltshire Police,Wiltshire Police,-1.738873,51.567354,On or near Supermarket,E01015481,Swindon 013A,Anti-social behaviour,,
,2012-12,Wiltshire Police,Wiltshire Police,-1.738873,51.567354,On or near Supermarket,E01015481,Swindon 013A,Anti-social behaviour,,
3c8d5869cea5a4bb86b2d4860289739bf2cc9b6d5b62f4b17c8d2b058e9fe3fa,2012-12,Wiltshire Police,Wiltshire Police,-1.735433,51.568417,On or near Falconscroft,E01015481,Swindon 013A,Other theft,Investigation complete; no suspect identified,
5c503cda47fa1ca5a09fa99432f63a2d284b2aec5386862b663d3cc59c44f9c7,2012-12,Wiltshire Police,Wiltshire Police,-1.741453,51.570273,On or near Swan Close,E01015481,Swindon 013A,Vehicle crime,Investigation complete; no suspect identified,
ed2cce51b804fc133ba35ee463dd58bdc549e101bccdf74573254d40f08f4589,2012-12,Wiltshire Police,Wiltshire Police,-1.739672,51.571492,On or near Welford Close,E01015481,Swindon 013A,Vehicle crime,Investigation complete; no suspect identified,
,2012-12,Wiltshire Police,Wiltshire Police,-1.728530,51.562206,On or near St Ambrose Close,E01015482,Swindon 013B,Anti-social behaviour,,
daca36afceeaa467d1f5f16fc88bc1b27c18a0e006117023f5ed9e2e9149ee2c,2012-12,Wiltshire Police,Wiltshire Police,-1.730600,51.570716,On or near Peregrine Close,E01015482,Swindon 013B,Burglary,Investigation complete; no suspect identified,
12381f1b053698093b36d22a233b1725fcb1fbbb04b230429b75aee115b8703b,2012-12,Wiltshire Police,Wiltshire Police,-1.727604,51.565027,On or near Poltondale,E01015482,Swindon 013B,Burglary,Investigation complete; no suspect identified,
ac288df72676eb0ac35cd7869a0e4e0575ab65889aec9128b661dae2bb101959,2012-12,Wiltshire Police,Wiltshire Police,-1.730600,51.570716,On or near Peregrine Close,E01015482,Swindon 013B,Criminal damage and arson,Investigation complete; no suspect identified,
46a1692ed1dfd595066520a0d09b2dd245eff1a5304f8f5d27516c9c576e2f6c,2012-12,Wiltshire Police,Wiltshire Police,-1.730600,51.570716,On or near Peregrine Close,E01015482,Swindon 013B,Vehicle crime,Defendant found not guilty,
,2012-12,Wiltshire Police,Wiltshire Police,-1.735362,51.573101,On or near Trajan Road,E01015483,Swindon 013C,Anti-social behaviour,,
,2012-12,Wiltshire Police,Wiltshire Police,-1.732426,51.569498,On or near Swanbrook,E01015483,Swindon 013C,Anti-social behaviour,,
683083326060c008eb81a588ddb851fb6b3bec820bce5b87b0cd8e87d711cf54,2012-12,Wiltshire Police,Wiltshire Police,-1.732426,51.569498,On or near Swanbrook,E01015483,Swindon 013C,Violent crime,Investigation complete; no suspect identified,
,2012-12,Wiltshire Police,Wiltshire Police,-1.741709,51.565850,On or near The Drive,E01015484,Swindon 013D,Anti-social behaviour,,
069265ef83ad4199875d6cc4a5a8926aa23ef14d25bd3d65f4a698d9c0440cc0,2012-12,Wiltshire Police,Wiltshire Police,-1.739097,51.566042,On or near Radley Close,E01015484,Swindon 013D,Criminal damage and arson,Investigation complete; no suspect identified,
9453e85ba593980f055c8a1fc91f04655e40e900ae73388b82f66fcee559821a,2012-12,Wiltshire Police,Wiltshire Police,-1.739097,51.566042,On or near Radley Close,E01015484,Swindon 013D,Criminal damage and arson,Under investigation,
9916298fc6aa83a683f50f74a92f74c9e5930020b7c3d000eba2c806aafd9f52,2012-12,Wiltshire Police,Wiltshire Police,-1.739097,51.566042,On or near Radley Close,E01015484,Swindon 013D,Criminal damage and arson,Investigation complete; no suspect identified,
6decd11d426034b0b34581657f2c4d42483f4d052d0a04673133f47d12364a05,2012-12,Wiltshire Police,Wiltshire Police,-1.743300,51.567796,On or near Northfield Way,E01015484,Swindon 013D,Other theft,Local resolution,
29d1cebbc8cbc0cbd5324ce56fb9b93bf5d85da62640fdb8eba5f9c13c2a70ed,2012-12,Wiltshire Police,Wiltshire Police,-1.746497,51.563622,On or near Ashbury Avenue,E01015484,Swindon 013D,Vehicle crime,Under investigation,
e0a07f6dc9e2caa2ec956d6515f822d1ec4e09c05ad24a4caf540534dbe9f960,2012-12,Wiltshire Police,Wiltshire Police,-1.738812,51.565358,On or near Nyland Road,E01015484,Swindon 013D,Vehicle crime,Investigation complete; no suspect identified,
dfef72c3f7bebbe8f4ea0001907045270ff86012b8efad34bb83dfa53466e9f3,2012-12,Wiltshire Police,Wiltshire Police,-1.743338,51.566033,On or near Fraser Close,E01015484,Swindon 013D,Vehicle crime,Investigation complete; no suspect identified,
fa7fadf428ba4a4cfd7917249ec72e48f520e26fceb4d5ca4f72bf017a76e903,2012-12,Wiltshire Police,Wiltshire Police,-1.743300,51.567796,On or near Northfield Way,E01015484,Swindon 013D,Other crime,Under investigation,
59833dced9912bac367e93e9e4f7e1facc454f71196c053318688e7596d30888,2012-12,Wiltshire Police,Wiltshire Police,-1.743300,51.567796,On or near Northfield Way,E01015484,Swindon 013D,Other crime,Local resolution,
401c488bd281477976eb548441989dc0e2974cb55b579506f7a5df369c8beac4,2012-12,Wiltshire Police,Wiltshire Police,-1.743300,51.567796,On or near Northfield Way,E01015484,Swindon 013D,Other crime,Local resolution,
34effe40052994ce8bc4d20f092850bf33e8d599275466428ab70d0d7b49935e,2012-12,Wiltshire Police,Wiltshire Police,-1.743300,51.567796,On or near Northfield Way,E01015484,Swindon 013D,Other crime,Local resolution,
,2012-12,Wiltshire Police,Wiltshire Police,-1.721114,51.562323,On or near Bittern Road,E01015485,Swindon 013E,Anti-social behaviour,,
,2012-12,Wiltshire Police,Wiltshire Police,-1.722143,51.564052,On or near Sandpiper Bridge,E01015485,Swindon 013E,Anti-social behaviour,,
,2012-12,Wiltshire Police,Wiltshire Police,-1.725443,51.559879,On or near Pheasant Close,E01015485,Swindon 013E,Anti-social behaviour,,
,2012-12,Wiltshire Police,Wiltshire Police,-1.741048,51.562801,On or near Tregantle Walk,E01015486,Swindon 013F,Anti-social behaviour,,
77cf5241bb6ce83d418f4afa182b0c5e18bf593e7b525666ca5bbc8133798782,2012-12,Wiltshire Police,Wiltshire Police,-1.730457,51.563244,On or near Cole Close,E01015486,Swindon 013F,Burglary,Investigation complete; no suspect identified,
f8ee38c58450dfb51ea819471576009498e8c8da5f9cc23a094a7dd3bc6ecf04,2012-12,Wiltshire Police,Wiltshire Police,-1.740986,51.563574,On or near Tyneham Road,E01015486,Swindon 013F,Burglary,Investigation complete; no suspect identified,
4fe232c8a8946f80e29f5586e2cf15c37642335dad30ae2d71aa19c934a629ce,2012-12,Wiltshire Police,Wiltshire Police,-1.740127,51.562439,On or near Saltram Close,E01015486,Swindon 013F,Burglary,Investigation complete; no suspect identified,
4edb3620d87f7c5aa85de101d7922b1b9cd6fcda4b5b8f71f047a8eb54672929,2012-12,Wiltshire Police,Wiltshire Police,-1.731443,51.564883,On or near Pedestrian Subway,E01015486,Swindon 013F,Criminal damage and arson,Investigation complete; no suspect identified,
5f22b0f30d5f04c0e27d1117695ad67d9904e089850951b20bf74ff6361f2c72,2012-12,Wiltshire Police,Wiltshire Police,-1.740986,51.563574,On or near Tyneham Road,E01015486,Swindon 013F,Criminal damage and arson,Offender given community sentence,
d9440bf918ffb65ea9ccd7cf950ea4236f1904b06092d30b493608669c5f03cc,2012-12,Wiltshire Police,Wiltshire Police,-1.732304,51.565568,On or near Martinfield,E01015486,Swindon 013F,Other theft,Offender fined,
548468737485ea07da3d5cbbc2739b7a8a0f8b796866d724473df3acc8835a44,2012-12,Wiltshire Police,Wiltshire Police,-1.734181,51.565285,On or near The Harriers,E01015486,Swindon 013F,Vehicle crime,Offender given community sentence,
00958cbee0f0bf7a8f1c509d53cc904805307f925eb32f6fa47d673da4fe971e,2012-12,Wiltshire Police,Wiltshire Police,-1.736649,51.562656,On or near Lytchett Way,E01015486,Swindon 013F,Vehicle crime,Investigation complete; no suspect identified,
,2012-12,Wiltshire Police,Wiltshire Police,-1.830738,51.561813,On or near Carronbridge Road,E01015561,Swindon 014A,Anti-social behaviour,,
,2012-12,Wiltshire Police,Wiltshire Police,-1.834537,51.564534,On or near Dexter Close,E01015561,Swindon 014A,Anti-social behaviour,,
,2012-12,Wiltshire Police,Wiltshire Police,-1.826908,51.563902,On or near Eastleaze Road,E01015561,Swindon 014A,Anti-social behaviour,,
,2012-12,Wiltshire Police,Wiltshire Police,-1.832553,51.574476,On or near Fenn Close,E01015561,Swindon 014A,Anti-social behaviour,,
,2012-12,Wiltshire Police,Wiltshire Police,-1.830738,51.561813,On or near Carronbridge Road,E01015561,Swindon 014A,Anti-social behaviour,,
,2012-12,Wiltshire Police,Wiltshire Police,-1.830738,51.561813,On or near Carronbridge Road,E01015561,Swindon 014A,Anti-social behaviour,,
,2012-12,Wiltshire Police,Wiltshire Police,-1.830738,51.561813,On or near Carronbridge Road,E01015561,Swindon 014A,Anti-social behaviour,,
,2012-12,Wiltshire Police,Wiltshire Police,-1.826908,51.563902,On or near Eastleaze Road,E01015561,Swindon 014A,Anti-social behaviour,,
c63a4014e08a8fdb3b576fd4c16928b47064019249f55ced9fd4c9ee3effbc4d,2012-12,Wiltshire Police,Wiltshire Police,-1.832553,51.574476,On or near Fenn Close,E01015561,Swindon 014A,Criminal damage and arson,Investigation complete; no suspect identified,
0590b5c1a87dccd4cd9213ac596bbcbfe907f6e5955b6cc58624b8793be33fba,2012-12,Wiltshire Police,Wiltshire Police,-1.830738,51.561813,On or near Carronbridge Road,E01015561,Swindon 014A,Criminal damage and arson,Investigation complete; no suspect identified,
822041d3dc655cd6b1e132b7fd9ee903ff217724d3669b0146b49b980ffc6bda,2012-12,Wiltshire Police,Wiltshire Police,-1.826750,51.563686,On or near Melrose Close,E01015561,Swindon 014A,Drugs,Offender given conditional discharge,
2c5dbc479e4348820e22de5a7aacb14bd132ad75fe4a593e6e7201e631bd4ebb,2012-12,Wiltshire Police,Wiltshire Police,-1.819787,51.569799,On or near Park/Open Space,E01015561,Swindon 014A,Other theft,Investigation complete; no suspect identified,
a5c45bce79696ab9fa27c47ecd3f7e1404bd8447e2848c8cdaa57624e8c270aa,2012-12,Wiltshire Police,Wiltshire Police,-1.827902,51.568085,On or near Nuffield Close,E01015561,Swindon 014A,Other theft,Investigation complete; no suspect identified,
31386b490c869953dee67abf7a6ec9f4a5259dd282c8753566aaecd3ae9c0a0c,2012-12,Wiltshire Police,Wiltshire Police,-1.828568,51.563545,On or near Denbeck Wood,E01015561,Swindon 014A,Vehicle crime,Investigation complete; no suspect identified,
94e6e4e9d65265d3d638c058253123232c80f4e3d2a7cb7b76092987829dd3d8,2012-12,Wiltshire Police,Wiltshire Police,-1.830000,51.562441,On or near Frampton Close,E01015561,Swindon 014A,Vehicle crime,Investigation complete; no suspect identified,
eaec3fd9c5a665efdd5e0355b380fc3cf46d63b083aae24183dc70f7d574c9cd,2012-12,Wiltshire Police,Wiltshire Police,-1.828821,51.565443,On or near Ridge Green,E01015561,Swindon 014A,Vehicle crime,Investigation complete; no suspect identified,
164ad46c8058efab2c08218079142d0bd3322a938ea596cc9d1918ba357c6fd3,2012-12,Wiltshire Police,Wiltshire Police,-1.826925,51.567040,On or near Winlaw Close,E01015561,Swindon 014A,Other crime,Local resolution,
5c43f2e00b1b942c014753106e19331ce23ca092318a354b12f4e1581ec3799f,2012-12,Wiltshire Police,Wiltshire Police,-1.826925,51.567040,On or near Winlaw Close,E01015561,Swindon 014A,Other crime,Local resolution,
,2012-12,Wiltshire Police,Wiltshire Police,-1.831802,51.570707,On or near Heathcote Close,E01015564,Swindon 014B,Anti-social behaviour,,
,2012-12,Wiltshire Police,Wiltshire Police,-1.834001,51.565207,On or near Ayrshire Close,E01015564,Swindon 014B,Anti-social behaviour,,
9c4ed60d820860d79b32c4791e1cbaed5117d6b8ebe881bcedb757d8bee33a30,2012-12,Wiltshire Police,Wiltshire Police,-1.831054,51.566201,On or near The Bramptons,E01015564,Swindon 014B,Burglary,Investigation complete; no suspect identified,
b6ba8ca99eaf26970d4d011f1d47df83df058b5fa7832b5ae7a8502752a2dcec,2012-12,Wiltshire Police,Wiltshire Police,-1.831054,51.566201,On or near The Bramptons,E01015564,Swindon 014B,Burglary,Investigation complete; no suspect identified,
47c5f37d60608ea0e4ab75e51ae7ed73baa1608824db8732697abf9f481e5714,2012-12,Wiltshire Police,Wiltshire Police,-1.833659,51.567994,On or near Packington Close,E01015564,Swindon 014B,Burglary,Investigation complete; no suspect identified,
c243097e38a12bad07102fbdf8bc3241ebdbcdf55759ecddce903c91931d26d1,2012-12,Wiltshire Police,Wiltshire Police,-1.830642,51.568494,On or near Hanson Close,E01015564,Swindon 014B,Criminal damage and arson,Investigation complete; no suspect identified,
d2d97b9801043da82e697ef671cd29775196888a9f284950c5e5991c9b27d2a5,2012-12,Wiltshire Police,Wiltshire Police,-1.834129,51.565756,On or near Whitbred Close,E01015564,Swindon 014B,Vehicle crime,Investigation complete; no suspect identified,
20228b94c0f80cdafd8e1dd652b44ae4840058738150e6b494391db2be375f58,2012-12,Wiltshire Police,Wiltshire Police,-1.831129,51.569267,On or near Jersey Park,E01015564,Swindon 014B,Vehicle crime,Investigation complete; no suspect identified,
,2012-12,Wiltshire Police,Wiltshire Police,-1.821447,51.562141,On or near Shaw Road,E01015567,Swindon 014C,Anti-social behaviour,,
,2012-12,Wiltshire Police,Wiltshire Police,-1.821902,51.560056,On or near Westlea Drive,E01015567,Swindon 014C,Anti-social behaviour,,
6bb4d36b66e97b08c10c86c553590c77068701a21b2e52a452d496d502de6905,2012-12,Wiltshire Police,Wiltshire Police,-1.826413,51.561249,On or near Silchester Way,E01015567,Swindon 014C,Criminal damage and arson,Investigation complete; no suspect identified,
6deda1c4d9c3c43bd646e4f801350930673a1a8d5140d82340367f5c7554ea2a,2012-12,Wiltshire Police,Wiltshire Police,-1.824750,51.558549,On or near Birdcombe Road,E01015567,Swindon 014C,Other theft,Investigation complete; no suspect identified,
ef15696412f9ddca7e8fad70e33938afea48746bbffc008bf4f215a90a3d30cf,2012-12,Wiltshire Police,Wiltshire Police,-1.821447,51.562141,On or near Shaw Road,E01015567,Swindon 014C,Vehicle crime,Investigation complete; no suspect identified,
5c2d45052b70d4f969383d39839521991e5dea2c4f9792245a64e46a6e29fc60,2012-12,Wiltshire Police,Wiltshire Police,-1.821447,51.562141,On or near Shaw Road,E01015567,Swindon 014C,Vehicle crime,Investigation complete; no suspect identified,
8ec94a8e937239c1731777e811a81235dc56f928cb8b268a72ab7858ec979de8,2012-12,Wiltshire Police,Wiltshire Police,-1.821447,51.562141,On or near Shaw Road,E01015567,Swindon 014C,Violent crime,Investigation complete; no suspect identified,
2216ca7b2b7829fdc8871928c2d6a679da492d7dccda5a94f5114690173083ab,2012-12,Wiltshire Police,Wiltshire Police,-1.824625,51.561067,On or near Langstone Way,E01015567,Swindon 014C,Violent crime,Investigation complete; no suspect identified,
,2012-12,Wiltshire Police,Wiltshire Police,-1.818513,51.556202,On or near Applewood Court,E01015568,Swindon 014D,Anti-social behaviour,,
,2012-12,Wiltshire Police,Wiltshire Police,-1.816697,51.559490,On or near Welton Road,E01015568,Swindon 014D,Anti-social behaviour,,
,2012-12,Wiltshire Police,Wiltshire Police,-1.818852,51.554431,On or near Longthorpe Close,E01015568,Swindon 014D,Anti-social behaviour,,
,2012-12,Wiltshire Police,Wiltshire Police,-1.818513,51.556202,On or near Applewood Court,E01015568,Swindon 014D,Anti-social behaviour,,
,2012-12,Wiltshire Police,Wiltshire Police,-1.818852,51.554431,On or near Longthorpe Close,E01015568,Swindon 014D,Anti-social behaviour,,
b87a95d5e78986d2d8b3cb48cf2b9a52b6154d816b4d03134015a4038b64f867,2012-12,Wiltshire Police,Wiltshire Police,-1.818513,51.556202,On or near Applewood Court,E01015568,Swindon 014D,Other theft,Investigation complete; no suspect identified,
40936f13bf3c8a38b498b5a8a40289147b286af23415ce940ab20abf5e8b35ff,2012-12,Wiltshire Police,Wiltshire Police,-1.819114,51.557471,On or near Stancombe Park,E01015568,Swindon 014D,Vehicle crime,Investigation complete; no suspect identified,
27eabc6e12f1c5a7ab7726493cf923d1c0cee39aed9c793d7a2433dec0236274,2012-12,Wiltshire Police,Wiltshire Police,-1.819114,51.557471,On or near Stancombe Park,E01015568,Swindon 014D,Vehicle crime,Investigation complete; no suspect identified,
a9a6e4ba585852e4700e3adf63c90526f1c1cf21ac339d3bedeee3f482a60c75,2012-12,Wiltshire Police,Wiltshire Police,-1.819114,51.557471,On or near Stancombe Park,E01015568,Swindon 014D,Vehicle crime,Investigation complete; no suspect identified,
2f3a3fceadf9bfba99e8e85387aad9ba70ae8cfdb049afd2490b75c63d2abd8d,2012-12,Wiltshire Police,Wiltshire Police,-1.818513,51.556202,On or near Applewood Court,E01015568,Swindon 014D,Vehicle crime,Investigation complete; no suspect identified,
85fc2f636eb66793d4e3bc448abd22fa635e37bc975ac119a4fce14f61c8df79,2012-12,Wiltshire Police,Wiltshire Police,-1.816697,51.559490,On or near Welton Road,E01015568,Swindon 014D,Violent crime,Investigation complete; no suspect identified,
,2012-12,Wiltshire Police,Wiltshire Police,-1.777307,51.564484,On or near Broad Street,E01015475,Swindon 015A,Anti-social behaviour,,
,2012-12,Wiltshire Police,Wiltshire Police,-1.783295,51.564325,On or near New Bridge Close,E01015475,Swindon 015A,Anti-social behaviour,,
,2012-12,Wiltshire Police,Wiltshire Police,-1.774445,51.565675,On or near County Road,E01015475,Swindon 015A,Anti-social behaviour,,
,2012-12,Wiltshire Police,Wiltshire Police,-1.774445,51.565675,On or near County Road,E01015475,Swindon 015A,Anti-social behaviour,,
,2012-12,Wiltshire Police,Wiltshire Police,-1.778888,51.562680,On or near Fleming Way,E01015475,Swindon 015A,Anti-social behaviour,,
,2012-12,Wiltshire Police,Wiltshire Police,-1.778888,51.562680,On or near Fleming Way,E01015475,Swindon 015A,Anti-social behaviour,,
,2012-12,Wiltshire Police,Wiltshire Police,-1.783295,51.564325,On or near New Bridge Close,E01015475,Swindon 015A,Anti-social behaviour,,
3d6264b811e3e819f435f63bee661e9daf3c22a7dd9abf03381caad1276355d5,2012-12,Wiltshire Police,Wiltshire Police,-1.774445,51.565675,On or near County Road,E01015475,Swindon 015A,Burglary,Investigation complete; no suspect identified,
458dee7e1ff7bdb4b74e0be4f20a62195b5bc532fc87db13063a5a0e53da434e,2012-12,Wiltshire Police,Wiltshire Police,-1.774445,51.565675,On or near County Road,E01015475,Swindon 015A,Burglary,Investigation complete; no suspect identified,
3f9bd35e2276e0463e287e0edf891b3b119e9bdb682c872e98258a3aba847c0a,2012-12,Wiltshire Police,Wiltshire Police,-1.775320,51.563662,On or near Bathurst Road,E01015475,Swindon 015A,Drugs,Court result unavailable,
e87a27ffd35d8224c2f60a8a2f7b193c8d11a4ed7560229f310ad7831f25bf85,2012-12,Wiltshire Police,Wiltshire Police,-1.775320,51.563662,On or near Bathurst Road,E01015475,Swindon 015A,Drugs,Offender given a drugs possession warning,
a764b62e18c7fdc69c68c2fb264aa080fc86a44769546d79f6a76442f0bb2c23,2012-12,Wiltshire Police,Wiltshire Police,-1.781571,51.562901,On or near Parking Area,E01015475,Swindon 015A,Other theft,Court case unable to proceed,
bf5961025fbc530630e9438202b3d4242a5e337e08df57ffbb9c9686179de5cb,2012-12,Wiltshire Police,Wiltshire Police,-1.783295,51.564325,On or near New Bridge Close,E01015475,Swindon 015A,Other theft,Investigation complete; no suspect identified,
b85b35be8b67208cb05b5502103d1ff8a717908a0c372a4f7368f7f8b3799182,2012-12,Wiltshire Police,Wiltshire Police,-1.781028,51.564824,On or near Corporation Street,E01015475,Swindon 015A,Other theft,Investigation complete; no suspect identified,
b60e47332d60cb5df3f8c85d5f168150b6bef94ef127ca6b88e9d31c0a2e91dc,2012-12,Wiltshire Police,Wiltshire Police,-1.783295,51.564325,On or near New Bridge Close,E01015475,Swindon 015A,Other theft,Investigation complete; no suspect identified,
9d023707f888b88d7a81bc4ccc01fc28b24aaa48a8d70fc9a7f2b6db5425e747,2012-12,Wiltshire Police,Wiltshire Police,-1.781028,51.564824,On or near Corporation Street,E01015475,Swindon 015A,Other theft,Investigation complete; no suspect identified,
fbb28e3f349963d829a47881a815aba384456b6879f81f71a9be4b785b536ca3,2012-12,Wiltshire Police,Wiltshire Police,-1.783295,51.564325,On or near New Bridge Close,E01015475,Swindon 015A,Other theft,Investigation complete; no suspect identified,
5ebfdcd8fc398e830898495a526f31f368ff1830d1bf469673421f27f651c916,2012-12,Wiltshire Police,Wiltshire Police,-1.781028,51.564824,On or near Corporation Street,E01015475,Swindon 015A,Robbery,Investigation complete; no suspect identified,
b52ebd300d5898066a8ece22ea75832c32be4130e5e91d07c09131e9e330c617,2012-12,Wiltshire Police,Wiltshire Police,-1.783295,51.564325,On or near New Bridge Close,E01015475,Swindon 015A,Vehicle crime,Offender fined,
f25a1f45ac823fb55067e9b24564bff7367c4598ed908520e585912540626e61,2012-12,Wiltshire Police,Wiltshire Police,-1.777307,51.564484,On or near Broad Street,E01015475,Swindon 015A,Vehicle crime,Investigation complete; no suspect identified,
f4d873c4aba8a5985c2db1a0134d0292bfdb5235f2240415e10d310c3ff78816,2012-12,Wiltshire Police,Wiltshire Police,-1.780792,51.562738,On or near Pedestrian Subway,E01015475,Swindon 015A,Violent crime,Local resolution,
e268a886074ebf58b6ebfec05d8ebbe913e68979f5273d70303ff78386fab09d,2012-12,Wiltshire Police,Wiltshire Police,-1.777307,51.564484,On or near Broad Street,E01015475,Swindon 015A,Violent crime,Investigation complete; no suspect identified,
eefbbc99802f991f54b72bbd45fc8585f5428312d7cf28f0fe6fcb3569e2b501,2012-12,Wiltshire Police,Wiltshire Police,-1.780792,51.562738,On or near Pedestrian Subway,E01015475,Swindon 015A,Violent crime,Local resolution,
dae1b24894be29fbe1e56e255c0342c19179c4d2ac29a45c9f147fd7f22ca357,2012-12,Wiltshire Police,Wiltshire Police,-1.773347,51.562984,On or near Gambia Street,E01015475,Swindon 015A,Violent crime,Investigation complete; no suspect identified,
0aeb273c4933debc482aa07d34a20ec676bb9bec93bf5e25dca9ff7317ff6808,2012-12,Wiltshire Police,Wiltshire Police,-1.781571,51.562901,On or near Parking Area,E01015475,Swindon 015A,Violent crime,Investigation complete; no suspect identified,
,2012-12,Wiltshire Police,Wiltshire Police,-1.785350,51.563016,On or near Nightclub,E01015476,Swindon 015B,Anti-social behaviour,,
,2012-12,Wiltshire Police,Wiltshire Police,-1.788608,51.563417,On or near Sheppard Street,E01015476,Swindon 015B,Anti-social behaviour,,
,2012-12,Wiltshire Police,Wiltshire Police,-1.787542,51.563110,On or near Bridge Street,E01015476,Swindon 015B,Anti-social behaviour,,
,2012-12,Wiltshire Police,Wiltshire Police,-1.787480,51.560889,On or near Shopping Area,E01015476,Swindon 015B,Anti-social behaviour,,
,2012-12,Wiltshire Police,Wiltshire Police,-1.785243,51.564256,On or near Gloucester Street,E01015476,Swindon 015B,Anti-social behaviour,,
,2012-12,Wiltshire Police,Wiltshire Police,-1.787214,51.562219,On or near Shopping Area,E01015476,Swindon 015B,Anti-social behaviour,,
,2012-12,Wiltshire Police,Wiltshire Police,-1.788608,51.563417,On or near Sheppard Street,E01015476,Swindon 015B,Anti-social behaviour,,
,2012-12,Wiltshire Police,Wiltshire Police,-1.785196,51.561954,On or near Shopping Area,E01015476,Swindon 015B,Anti-social behaviour,,
,2012-12,Wiltshire Police,Wiltshire Police,-1.786244,51.563044,On or near Nightclub,E01015476,Swindon 015B,Anti-social behaviour,,
,2012-12,Wiltshire Police,Wiltshire Police,-1.787480,51.560889,On or near Shopping Area,E01015476,Swindon 015B,Anti-social behaviour,,
,2012-12,Wiltshire Police,Wiltshire Police,-1.792125,51.560978,On or near Exeter Street,E01015476,Swindon 015B,Anti-social behaviour,,
,2012-12,Wiltshire Police,Wiltshire Police,-1.786799,51.561544,On or near Queen Street,E01015476,Swindon 015B,Anti-social behaviour,,
,2012-12,Wiltshire Police,Wiltshire Police,-1.792125,51.560978,On or near Exeter Street,E01015476,Swindon 015B,Anti-social behaviour,,
,2012-12,Wiltshire Police,Wiltshire Police,-1.787214,51.562219,On or near Shopping Area,E01015476,Swindon 015B,Anti-social behaviour,,
,2012-12,Wiltshire Police,Wiltshire Police,-1.788584,51.562428,On or near Henry Street,E01015476,Swindon 015B,Anti-social behaviour,,
,2012-12,Wiltshire Police,Wiltshire Police,-1.788183,51.561807,On or near Catherine Street,E01015476,Swindon 015B,Anti-social behaviour,,
,2012-12,Wiltshire Police,Wiltshire Police,-1.787214,51.562219,On or near Shopping Area,E01015476,Swindon 015B,Anti-social behaviour,,
,2012-12,Wiltshire Police,Wiltshire Police,-1.785640,51.562666,On or near John Street,E01015476,Swindon 015B,Anti-social behaviour,,
,2012-12,Wiltshire Police,Wiltshire Police,-1.787214,51.562219,On or near Shopping Area,E01015476,Swindon 015B,Anti-social behaviour,,
,2012-12,Wiltshire Police,Wiltshire Police,-1.790736,51.561794,On or near Emlyn Square,E01015476,Swindon 015B,Anti-social behaviour,,
,2012-12,Wiltshire Police,Wiltshire Police,-1.787542,51.563110,On or near Bridge Street,E01015476,Swindon 015B,Anti-social behaviour,,
,2012-12,Wiltshire Police,Wiltshire Police,-1.786244,51.563044,On or near Nightclub,E01015476,Swindon 015B,Anti-social behaviour,,
,2012-12,Wiltshire Police,Wiltshire Police,-1.786226,51.563755,On or near Parking Area,E01015476,Swindon 015B,Anti-social behaviour,,
,2012-12,Wiltshire Police,Wiltshire Police,-1.785640,51.562666,On or near John Street,E01015476,Swindon 015B,Anti-social behaviour,,
,2012-12,Wiltshire Police,Wiltshire Police,-1.786799,51.561544,On or near Queen Street,E01015476,Swindon 015B,Anti-social behaviour,,
,2012-12,Wiltshire Police,Wiltshire Police,-1.787214,51.562219,On or near Shopping Area,E01015476,Swindon 015B,Anti-social behaviour,,
,2012-12,Wiltshire Police,Wiltshire Police,-1.788584,51.562428,On or near Henry Street,E01015476,Swindon 015B,Anti-social behaviour,,
,2012-12,Wiltshire Police,Wiltshire Police,-1.786244,51.563044,On or near Nightclub,E01015476,Swindon 015B,Anti-social behaviour,,
,2012-12,Wiltshire Police,Wiltshire Police,-1.787214,51.562219,On or near Shopping Area,E01015476,Swindon 015B,Anti-social behaviour,,
,2012-12,Wiltshire Police,Wiltshire Police,-1.785640,51.562666,On or near John Street,E01015476,Swindon 015B,Anti-social behaviour,,
,2012-12,Wiltshire Police,Wiltshire Police,-1.787214,51.562219,On or near Shopping Area,E01015476,Swindon 015B,Anti-social behaviour,,
,2012-12,Wiltshire Police,Wiltshire Police,-1.790736,51.561794,On or near Emlyn Square,E01015476,Swindon 015B,Anti-social behaviour,,
,2012-12,Wiltshire Police,Wiltshire Police,-1.786244,51.563044,On or near Nightclub,E01015476,Swindon 015B,Anti-social behaviour,,
,2012-12,Wiltshire Police,Wiltshire Police,-1.786244,51.563044,On or near Nightclub,E01015476,Swindon 015B,Anti-social behaviour,,
,2012-12,Wiltshire Police,Wiltshire Police,-1.790871,51.560589,On or near Sports/Recreation Area,E01015476,Swindon 015B,Anti-social behaviour,,
,2012-12,Wiltshire Police,Wiltshire Police,-1.788584,51.562428,On or near Henry Street,E01015476,Swindon 015B,Anti-social behaviour,,
,2012-12,Wiltshire Police,Wiltshire Police,-1.787542,51.563110,On or near Bridge Street,E01015476,Swindon 015B,Anti-social behaviour,,
,2012-12,Wiltshire Police,Wiltshire Police,-1.786244,51.563044,On or near Nightclub,E01015476,Swindon 015B,Anti-social behaviour,,
,2012-12,Wiltshire Police,Wiltshire Police,-1.787214,51.562219,On or near Shopping Area,E01015476,Swindon 015B,Anti-social behaviour,,
,2012-12,Wiltshire Police,Wiltshire Police,-1.787214,51.562219,On or near Shopping Area,E01015476,Swindon 015B,Anti-social behaviour,,
,2012-12,Wiltshire Police,Wiltshire Police,-1.785640,51.562666,On or near John Street,E01015476,Swindon 015B,Anti-social behaviour,,
,2012-12,Wiltshire Police,Wiltshire Police,-1.787214,51.562219,On or near Shopping Area,E01015476,Swindon 015B,Anti-social behaviour,,
,2012-12,Wiltshire Police,Wiltshire Police,-1.790736,51.561794,On or near Emlyn Square,E01015476,Swindon 015B,Anti-social behaviour,,
,2012-12,Wiltshire Police,Wiltshire Police,-1.787214,51.562219,On or near Shopping Area,E01015476,Swindon 015B,Anti-social behaviour,,
,2012-12,Wiltshire Police,Wiltshire Police,-1.792125,51.560978,On or near Exeter Street,E01015476,Swindon 015B,Anti-social behaviour,,
,2012-12,Wiltshire Police,Wiltshire Police,-1.788812,51.562959,On or near Parking Area,E01015476,Swindon 015B,Anti-social behaviour,,
,2012-12,Wiltshire Police,Wiltshire Police,-1.785640,51.562666,On or near John Street,E01015476,Swindon 015B,Anti-social behaviour,,
,2012-12,Wiltshire Police,Wiltshire Police,-1.790056,51.562314,On or near Oxford Street,E01015476,Swindon 015B,Anti-social behaviour,,
,2012-12,Wiltshire Police,Wiltshire Police,-1.787214,51.562219,On or near Shopping Area,E01015476,Swindon 015B,Anti-social behaviour,,
,2012-12,Wiltshire Police,Wiltshire Police,-1.784317,51.564749,On or near Wellington Street,E01015476,Swindon 015B,Anti-social behaviour,,
,2012-12,Wiltshire Police,Wiltshire Police,-1.788906,51.561323,On or near Villett Street,E01015476,Swindon 015B,Anti-social behaviour,,
,2012-12,Wiltshire Police,Wiltshire Police,-1.787542,51.563110,On or near Bridge Street,E01015476,Swindon 015B,Anti-social behaviour,,
,2012-12,Wiltshire Police,Wiltshire Police,-1.791974,51.559251,On or near Maxwell Street,E01015476,Swindon 015B,Anti-social behaviour,,
,2012-12,Wiltshire Police,Wiltshire Police,-1.785196,51.561954,On or near Shopping Area,E01015476,Swindon 015B,Anti-social behaviour,,
,2012-12,Wiltshire Police,Wiltshire Police,-1.785350,51.563016,On or near Nightclub,E01015476,Swindon 015B,Anti-social behaviour,,
,2012-12,Wiltshire Police,Wiltshire Police,-1.785196,51.561954,On or near Shopping Area,E01015476,Swindon 015B,Anti-social behaviour,,
,2012-12,Wiltshire Police,Wiltshire Police,-1.788584,51.562428,On or near Henry Street,E01015476,Swindon 015B,Anti-social behaviour,,
,2012-12,Wiltshire Police,Wiltshire Police,-1.788584,51.562428,On or near Henry Street,E01015476,Swindon 015B,Anti-social behaviour,,
,2012-12,Wiltshire Police,Wiltshire Police,-1.788584,51.562428,On or near Henry Street,E01015476,Swindon 015B,Anti-social behaviour,,
,2012-12,Wiltshire Police,Wiltshire Police,-1.788812,51.562959,On or near Parking Area,E01015476,Swindon 015B,Anti-social behaviour,,
,2012-12,Wiltshire Police,Wiltshire Police,-1.788584,51.562428,On or near Henry Street,E01015476,Swindon 015B,Anti-social behaviour,,
,2012-12,Wiltshire Police,Wiltshire Police,-1.786244,51.563044,On or near Nightclub,E01015476,Swindon 015B,Anti-social behaviour,,
,2012-12,Wiltshire Police,Wiltshire Police,-1.785350,51.563016,On or near Nightclub,E01015476,Swindon 015B,Anti-social behaviour,,
,2012-12,Wiltshire Police,Wiltshire Police,-1.783306,51.565017,On or near Aylesbury Street,E01015476,Swindon 015B,Anti-social behaviour,,
,2012-12,Wiltshire Police,Wiltshire Police,-1.785640,51.562666,On or near John Street,E01015476,Swindon 015B,Anti-social behaviour,,
,2012-12,Wiltshire Police,Wiltshire Police,-1.785640,51.562666,On or near John Street,E01015476,Swindon 015B,Anti-social behaviour,,
,2012-12,Wiltshire Police,Wiltshire Police,-1.790871,51.560589,On or near Sports/Recreation Area,E01015476,Swindon 015B,Anti-social behaviour,,
,2012-12,Wiltshire Police,Wiltshire Police,-1.790736,51.561794,On or near Emlyn Square,E01015476,Swindon 015B,Anti-social behaviour,,
107ca47339ae00b9088309a225a4a4410fdf8f8539a338e5e9b2929f1106c78b,2012-12,Wiltshire Police,Wiltshire Police,-1.787214,51.562219,On or near Shopping Area,E01015476,Swindon 015B,Burglary,Investigation complete; no suspect identified,
72a25c0a34288d5e372dc2d2042eac678b6eadc5604159815c602530a26e1edf,2012-12,Wiltshire Police,Wiltshire Police,-1.787214,51.562219,On or near Shopping Area,E01015476,Swindon 015B,Burglary,Local resolution,
f32e00e8679160e5275b29cd2d82ac6fcd96862c8981aac414d73e022f5f2407,2012-12,Wiltshire Police,Wiltshire Police,-1.788608,51.563417,On or near Sheppard Street,E01015476,Swindon 015B,Burglary,Offender given suspended prison sentence,
ea71f642ec717ff8859e9df27fbc219e3a5ed46cc97e4ff5432d63a422788684,2012-12,Wiltshire Police,Wiltshire Police,-1.788608,51.563417,On or near Sheppard Street,E01015476,Swindon 015B,Criminal damage and arson,Offender otherwise dealt with,
89517b8d01c1c360d0df2d5eeea893830d8e279c1238e7aed3b86e1ff3773492,2012-12,Wiltshire Police,Wiltshire Police,-1.788608,51.563417,On or near Sheppard Street,E01015476,Swindon 015B,Criminal damage and arson,Offender ordered to pay compensation,
c5a1332a5799a857dd3bdbe110df06a4e64c8bbb2b36e739c11be28e33d8b552,2012-12,Wiltshire Police,Wiltshire Police,-1.787542,51.563110,On or near Bridge Street,E01015476,Swindon 015B,Criminal damage and arson,Offender given conditional discharge,
04673f151835118e44fa5bfb1373b43c7e48a19313afd174e53386ad9d684f77,2012-12,Wiltshire Police,Wiltshire Police,-1.790736,51.561794,On or near Emlyn Square,E01015476,Swindon 015B,Criminal damage and arson,Investigation complete; no suspect identified,
24db36b8af55655e520f059bc21779c08758eaa291874c69158b5848ab245ed9,2012-12,Wiltshire Police,Wiltshire Police,-1.789031,51.562519,On or near East Street,E01015476,Swindon 015B,Criminal damage and arson,Investigation complete; no suspect identified,
de497f7f1116b3f6f0f9df34ae2470222bb4c1d15015df809ec1d9439077f96f,2012-12,Wiltshire Police,Wiltshire Police,-1.783306,51.565017,On or near Aylesbury Street,E01015476,Swindon 015B,Criminal damage and arson,Investigation complete; no suspect identified,
e01e2492d5be944fa134e4c252a26cfeefb85b37810315810dc5a529b505aedf,2012-12,Wiltshire Police,Wiltshire Police,-1.783306,51.565017,On or near Aylesbury Street,E01015476,Swindon 015B,Criminal damage and arson,Investigation complete; no suspect identified,
d792b8686da713f1ed2ecb0f3d3c6d400be2268b7fe811827388561b22c95c89,2012-12,Wiltshire Police,Wiltshire Police,-1.785196,51.561954,On or near Shopping Area,E01015476,Swindon 015B,Criminal damage and arson,Investigation complete; no suspect identified,
443d29a30dbb8d650e53012ff6d573117f9ae2ce969794d27f7b9279fe7074c2,2012-12,Wiltshire Police,Wiltshire Police,-1.785640,51.562666,On or near John Street,E01015476,Swindon 015B,Criminal damage and arson,Investigation complete; no suspect identified,
7ee3e550f38c88b4dbbc283ed4ae9ddd2177ef7724e1ae75eea15468a3f43b0e,2012-12,Wiltshire Police,Wiltshire Police,-1.790871,51.560589,On or near Sports/Recreation Area,E01015476,Swindon 015B,Criminal damage and arson,Investigation complete; no suspect identified,
50a6cf17f55db21d9b19e10f433092fc6225cd8ef840d116ee3cefe67f7c0c61,2012-12,Wiltshire Police,Wiltshire Police,-1.785640,51.562666,On or near John Street,E01015476,Swindon 015B,Drugs,Offender given penalty notice,
597578b9c125a2ed6d2fd89fb660f8aa95fa4523f234d112abca278e31489f8c,2012-12,Wiltshire Police,Wiltshire Police,-1.787214,51.562219,On or near Shopping Area,E01015476,Swindon 015B,Drugs,Offender given a drugs possession warning,
8e2b9c7ba68cbb763948a3ac48baad739cbfe69314365c73a3898f9ce2ec28bd,2012-12,Wiltshire Police,Wiltshire Police,-1.788608,51.563417,On or near Sheppard Street,E01015476,Swindon 015B,Drugs,Offender given a drugs possession warning,
55909e8f21faa2f833e0e79e670d2af6c12b5a154685a65cb02a85feca7c3e63,2012-12,Wiltshire Police,Wiltshire Police,-1.785640,51.562666,On or near John Street,E01015476,Swindon 015B,Drugs,Investigation complete; no suspect identified,
53477bb71f65f04fdce2c5d2c0138d5b3cb7030f6278dcf267c95a32f203a8e9,2012-12,Wiltshire Police,Wiltshire Police,-1.787480,51.560889,On or near Shopping Area,E01015476,Swindon 015B,Drugs,Offender given penalty notice,
39639b493fbd563074e93a130ae3cd160f214086719515a9b8c2267b2cf3d757,2012-12,Wiltshire Police,Wiltshire Police,-1.787480,51.560889,On or near Shopping Area,E01015476,Swindon 015B,Drugs,Offender given a caution,
87de341075277b9bb114df8502533378b8f068793f2aee0c9aa604b0808e1732,2012-12,Wiltshire Police,Wiltshire Police,-1.786244,51.563044,On or near Nightclub,E01015476,Swindon 015B,Drugs,Offender given a caution,
1233e80c0a60d1db747735fc1a8189bf96f7c100fb250d66bf16bb0534f8976e,2012-12,Wiltshire Police,Wiltshire Police,-1.786244,51.563044,On or near Nightclub,E01015476,Swindon 015B,Drugs,Offender given a caution,
e282b2be376dbcea38fecd72e268dad25368d6399b621c257062f5497e33b2a5,2012-12,Wiltshire Police,Wiltshire Police,-1.788584,51.562428,On or near Henry Street,E01015476,Swindon 015B,Drugs,Offender given penalty notice,
7e5e3bc2615e81dd05366cc894fb0e1028ad7d75e45f78233ca75eab2ee8c1bc,2012-12,Wiltshire Police,Wiltshire Police,-1.786799,51.561544,On or near Queen Street,E01015476,Swindon 015B,Drugs,Under investigation,
5757ae86e603b39d77453fb002524adf50299acc5c128e46ddd50dcc6ce5fcb2,2012-12,Wiltshire Police,Wiltshire Police,-1.791294,51.559601,On or near Theobald Street,E01015476,Swindon 015B,Other theft,Investigation complete; no suspect identified,
10d547cd153d15c94e999a91ac2fa1ad3fd9c4347d534339de4bf79cc8a71fcf,2012-12,Wiltshire Police,Wiltshire Police,-1.788584,51.562428,On or near Henry Street,E01015476,Swindon 015B,Other theft,Investigation complete; no suspect identified,
a773c5a3c6096d764ce8efe8978a623e22eb04efb991484cb70b7bf45c89c308,2012-12,Wiltshire Police,Wiltshire Police,-1.787214,51.562219,On or near Shopping Area,E01015476,Swindon 015B,Other theft,Investigation complete; no suspect identified,
5b89fd9ca43ccf6f6093c2991c45f12553c913c6f819b957556275368b716ff4,2012-12,Wiltshire Police,Wiltshire Police,-1.786799,51.561544,On or near Queen Street,E01015476,Swindon 015B,Other theft,Investigation complete; no suspect identified,
d4946baf281a8327fafa7f4f663584fc8f6977d9db22c9e525ea1e28d5f6d58a,2012-12,Wiltshire Police,Wiltshire Police,-1.788584,51.562428,On or near Henry Street,E01015476,Swindon 015B,Other theft,Investigation complete; no suspect identified,
db9606168615c326f719c0de7d02dcd1d6e9751dfc1b2a3c0a98f8e73ddeacf5,2012-12,Wiltshire Police,Wiltshire Police,-1.788906,51.561323,On or near Villett Street,E01015476,Swindon 015B,Other theft,Investigation complete; no suspect identified,
a5459f23d4825bc7787392f6d810422feada7fe13bc2ce303693f3ca3fc6878a,2012-12,Wiltshire Police,Wiltshire Police,-1.785350,51.563016,On or near Nightclub,E01015476,Swindon 015B,Other theft,Investigation complete; no suspect identified,
eec31a04dbda89bc3eb98c8e3e24c71b1df1b42d49ffa541ab86dc9fbbf4f4a9,2012-12,Wiltshire Police,Wiltshire Police,-1.787214,51.562219,On or near Shopping Area,E01015476,Swindon 015B,Other theft,Investigation complete; no suspect identified,
26a98d65631211635a161bf2ab8a61557fae57441ada717469788205d192bcd2,2012-12,Wiltshire Police,Wiltshire Police,-1.785196,51.561954,On or near Shopping Area,E01015476,Swindon 015B,Other theft,Investigation complete; no suspect identified,
06ffed0e3954494e83ac88211fdb6dbb8aedd1b914a1a8473a55f5528bcadb39,2012-12,Wiltshire Police,Wiltshire Police,-1.788584,51.562428,On or near Henry Street,E01015476,Swindon 015B,Other theft,Investigation complete; no suspect identified,
5917cb0d9d8f907bd7a65f029fb7c761015ac61a76b78a66a2e9b4b97d3def3a,2012-12,Wiltshire Police,Wiltshire Police,-1.785640,51.562666,On or near John Street,E01015476,Swindon 015B,Other theft,Investigation complete; no suspect identified,
82ecc27ee68c51ec5b2150795bac25aa5461bbb350107a763d5d54fe7e44dee2,2012-12,Wiltshire Police,Wiltshire Police,-1.785196,51.561954,On or near Shopping Area,E01015476,Swindon 015B,Other theft,Investigation complete; no suspect identified,
25ca3d4ae288005122eaa8373e3d644f5bbb2291973bb8c3849b65d7db9f4d33,2012-12,Wiltshire Police,Wiltshire Police,-1.790871,51.560589,On or near Sports/Recreation Area,E01015476,Swindon 015B,Other theft,Investigation complete; no suspect identified,
b7dcc83a46ce8de6f8c892cd677f06b877cdea4b537f77f2a418afd9fdeffd6f,2012-12,Wiltshire Police,Wiltshire Police,-1.788584,51.562428,On or near Henry Street,E01015476,Swindon 015B,Other theft,Investigation complete; no suspect identified,
0456e82cd0a11cac9ced5f8efc151b854e4cbc67eda96fb381ecd8fd82ffe303,2012-12,Wiltshire Police,Wiltshire Police,-1.785350,51.563016,On or near Nightclub,E01015476,Swindon 015B,Other theft,Investigation complete; no suspect identified,
8182087573335f09a3d3f81fa4a3620889d36b83132abfa28e87b03ef430d6f5,2012-12,Wiltshire Police,Wiltshire Police,-1.788584,51.562428,On or near Henry Street,E01015476,Swindon 015B,Other theft,Investigation complete; no suspect identified,
2474f443c69e477ec9c5272c7bb29d90c553c0f1cfb1a5cf7541dc0ebac80f7c,2012-12,Wiltshire Police,Wiltshire Police,-1.787214,51.562219,On or near Shopping Area,E01015476,Swindon 015B,Other theft,Investigation complete; no suspect identified,
79b5b71570aa443153dd676c17268ebea972f8273f959a8ca6d12e336b040a86,2012-12,Wiltshire Police,Wiltshire Police,-1.787214,51.562219,On or near Shopping Area,E01015476,Swindon 015B,Other theft,Investigation complete; no suspect identified,
b1ddfb447cd4621081b4c6c9433cf6d0e18059e2f6ecffcb3dd3d265b401566e,2012-12,Wiltshire Police,Wiltshire Police,-1.787480,51.560889,On or near Shopping Area,E01015476,Swindon 015B,Other theft,Investigation complete; no suspect identified,
4ba99df307dc96f6593bdaf5683bc079cae64d98685ef8191688ca94867bb022,2012-12,Wiltshire Police,Wiltshire Police,-1.784317,51.564749,On or near Wellington Street,E01015476,Swindon 015B,Other theft,Investigation complete; no suspect identified,
c191b8b41ac1ea76b7faa39a813bb7677448371c4ad1927daaa1f0624bcd48ec,2012-12,Wiltshire Police,Wiltshire Police,-1.786799,51.561544,On or near Queen Street,E01015476,Swindon 015B,Other theft,Investigation complete; no suspect identified,
bb31e706609ba16432057c025749198647db9cf614d1cc9d1b82dca4c36396c6,2012-12,Wiltshire Police,Wiltshire Police,-1.788584,51.562428,On or near Henry Street,E01015476,Swindon 015B,Public disorder and weapons,Under investigation,
440be5b2f45c883a229027c746c270280fb5e2e6170e2d6ca81ea2d7b55931ae,2012-12,Wiltshire Police,Wiltshire Police,-1.787214,51.562219,On or near Shopping Area,E01015476,Swindon 015B,Public disorder and weapons,Court result unavailable,
777633b247ffbb56b07557b97506e219975f6860e77dbef43da1143755eed77b,2012-12,Wiltshire Police,Wiltshire Police,-1.785350,51.563016,On or near Nightclub,E01015476,Swindon 015B,Public disorder and weapons,Court result unavailable,
2ea06d9dd9cef003a2fcdfc7df51d5c2c491d263cd6efd60faa56e9aecb412ae,2012-12,Wiltshire Police,Wiltshire Police,-1.787214,51.562219,On or near Shopping Area,E01015476,Swindon 015B,Public disorder and weapons,Court result unavailable,
6534627affb501c1cd2b4e038bdbc512e56aef466eef233bcaa33cd11461bcfd,2012-12,Wiltshire Police,Wiltshire Police,-1.788584,51.562428,On or near Henry Street,E01015476,Swindon 015B,Public disorder and weapons,Investigation complete; no suspect identified,
fa92248389d7358fc08b19d1bd794975cf80aea9a4781fb9dc816ff8d4856d2d,2012-12,Wiltshire Police,Wiltshire Police,-1.784317,51.564749,On or near Wellington Street,E01015476,Swindon 015B,Robbery,Court result unavailable,
81ba6ed4f73d6d181739b6a00921e2c1322428d1920d99fb00fcd4090be4bfc6,2012-12,Wiltshire Police,Wiltshire Police,-1.788608,51.563417,On or near Sheppard Street,E01015476,Swindon 015B,Robbery,Investigation complete; no suspect identified,
5f3dc12e6a855aebd433031f8550aea38e4d99153bad32c90c69322f9cb4a10e,2012-12,Wiltshire Police,Wiltshire Police,-1.784317,51.564749,On or near Wellington Street,E01015476,Swindon 015B,Robbery,Court case unable to proceed,
d59e65a2c3b01f498dcb082faa17a0dea679c039152afeb250e4ae0f9eae2a2c,2012-12,Wiltshire Police,Wiltshire Police,-1.787214,51.562219,On or near Shopping Area,E01015476,Swindon 015B,Shoplifting,Investigation complete; no suspect identified,
3937ea88a4504be62a873edc09fdc18bdb10db052f81b2b87e28f89060f48b9c,2012-12,Wiltshire Police,Wiltshire Police,-1.785196,51.561954,On or near Shopping Area,E01015476,Swindon 015B,Shoplifting,Suspect charged as part of another case,
38f170bbb50f5a2f67bea7397514cc2c1455354eb40284a7b46aea5701e07c4a,2012-12,Wiltshire Police,Wiltshire Police,-1.785196,51.561954,On or near Shopping Area,E01015476,Swindon 015B,Shoplifting,Offender given conditional discharge,
a24362982cf0ca482549c732f2c2ebee8a2597157cd4f997d00af38c7064609e,2012-12,Wiltshire Police,Wiltshire Police,-1.787480,51.560889,On or near Shopping Area,E01015476,Swindon 015B,Shoplifting,Offender given a caution,
0402fc5d9f0b81de761aa364dc2b9a3c8dc1b335dbc006b6f23c9b2d1cb2796c,2012-12,Wiltshire Police,Wiltshire Police,-1.785196,51.561954,On or near Shopping Area,E01015476,Swindon 015B,Shoplifting,Investigation complete; no suspect identified,
5c4ba4afeb7d091a32dc5dea3ae2a5b7004e4bbac3e6a053cd1f33eacfa64581,2012-12,Wiltshire Police,Wiltshire Police,-1.785196,51.561954,On or near Shopping Area,E01015476,Swindon 015B,Shoplifting,Offender fined,
d4856664f6188b4722371f83456a44faec7ba8bad69fc9a11e41f1414ef4fd7c,2012-12,Wiltshire Police,Wiltshire Police,-1.785196,51.561954,On or near Shopping Area,E01015476,Swindon 015B,Shoplifting,Investigation complete; no suspect identified,
3e6020c5bd23a0610b7250d4380137cffbc0bc9bcd37395045ad22aa8f811fa9,2012-12,Wiltshire Police,Wiltshire Police,-1.786799,51.561544,On or near Queen Street,E01015476,Swindon 015B,Shoplifting,Investigation complete; no suspect identified,
13ef37c934d67fd1174b61ed813e2d173942cf572cc118c96f1ab1c9ad41588a,2012-12,Wiltshire Police,Wiltshire Police,-1.783157,51.566069,On or near Parking Area,E01015476,Swindon 015B,Shoplifting,Offender given community sentence,
76c3108238e797b3d732e6191fa39bc7cb67a6d92e7f956d280e8325deae8188,2012-12,Wiltshire Police,Wiltshire Police,-1.785196,51.561954,On or near Shopping Area,E01015476,Swindon 015B,Shoplifting,Investigation complete; no suspect identified,
d379d4ab9fe6e3c5c7e5065e580e5df802e848735c5766f0607f3b408717ff83,2012-12,Wiltshire Police,Wiltshire Police,-1.787214,51.562219,On or near Shopping Area,E01015476,Swindon 015B,Shoplifting,Investigation complete; no suspect identified,
05b8c9339352caa50a9f278538682bb81b90cb291a3d96bc7390bb5999a58bd5,2012-12,Wiltshire Police,Wiltshire Police,-1.785196,51.561954,On or near Shopping Area,E01015476,Swindon 015B,Shoplifting,Suspect charged as part of another case,
aceeb408c8b65a3ea27dfcd6b1b1a112d2b4b7103ab723499e3c29f568434716,2012-12,Wiltshire Police,Wiltshire Police,-1.787214,51.562219,On or near Shopping Area,E01015476,Swindon 015B,Shoplifting,Offender given penalty notice,
e63aea03f7e8343280b5a0d6e0d2c1726456af3bf0e814fe5da84b47c8b53d12,2012-12,Wiltshire Police,Wiltshire Police,-1.787480,51.560889,On or near Shopping Area,E01015476,Swindon 015B,Shoplifting,Investigation complete; no suspect identified,
e7831cd6c4808d5b1a9364ca5ef8a9bfdbb04ae689f29c75b0a27b05c11d0b86,2012-12,Wiltshire Police,Wiltshire Police,-1.788233,51.560270,On or near Parking Area,E01015476,Swindon 015B,Vehicle crime,Investigation complete; no suspect identified,
1fa9e77ddabc31600b327c8b511f3c68718aeaa9dc38b3c13df0536394379150,2012-12,Wiltshire Police,Wiltshire Police,-1.788584,51.562428,On or near Henry Street,E01015476,Swindon 015B,Vehicle crime,Investigation complete; no suspect identified,
8a772c03cdae9e7eeda63677d0ad23ec76dd8b6e79e9c9a31e6c44b378e72037,2012-12,Wiltshire Police,Wiltshire Police,-1.788233,51.560270,On or near Parking Area,E01015476,Swindon 015B,Vehicle crime,Investigation complete; no suspect identified,
8e78748da04313722978500996a22a2f6861c27594e6ad851612f66996a71fb4,2012-12,Wiltshire Police,Wiltshire Police,-1.787214,51.562219,On or near Shopping Area,E01015476,Swindon 015B,Vehicle crime,Investigation complete; no suspect identified,
333e19ebb53321d9e122b37aeaafe4135d55e4ed4b0acf2d913221978af03b20,2012-12,Wiltshire Police,Wiltshire Police,-1.786799,51.561544,On or near Queen Street,E01015476,Swindon 015B,Violent crime,Offender given a caution,
6b92baab7a8e9d4e22fae2c4c8c9ad488c582ee841c6311fcc33f971dcaac188,2012-12,Wiltshire Police,Wiltshire Police,-1.787214,51.562219,On or near Shopping Area,E01015476,Swindon 015B,Violent crime,Investigation complete; no suspect identified,
97d6055eeaa3f008a79f6ba412b6cb5535a66d143f253bcaed279c302759f400,2012-12,Wiltshire Police,Wiltshire Police,-1.786244,51.563044,On or near Nightclub,E01015476,Swindon 015B,Violent crime,Offender given a caution,
9192208f69026e5b3c44d78c0d61fd49fc9895e5a66cf3db8ee69a8b82468bc5,2012-12,Wiltshire Police,Wiltshire Police,-1.785640,51.562666,On or near John Street,E01015476,Swindon 015B,Violent crime,Investigation complete; no suspect identified,
a740efa7264c64e24f6d98676d1bf43dc50d4da59eba79add29853e878c4bf04,2012-12,Wiltshire Police,Wiltshire Police,-1.786244,51.563044,On or near Nightclub,E01015476,Swindon 015B,Violent crime,Local resolution,
5cbc2c2f42008b230679057d312d4abe4adc5e87f57619edfa6190cd362d2f6a,2012-12,Wiltshire Police,Wiltshire Police,-1.788584,51.562428,On or near Henry Street,E01015476,Swindon 015B,Violent crime,Court case unable to proceed,
f094cab9a911f6b82e9e000c63e5c68c1b4accf27c769fa1692a5670aa691104,2012-12,Wiltshire Police,Wiltshire Police,-1.787542,51.563110,On or near Bridge Street,E01015476,Swindon 015B,Violent crime,Investigation complete; no suspect identified,
85df3792dc6398e7d19d5e663fbce4b607941f2f5376cda9f79477328bbec143,2012-12,Wiltshire Police,Wiltshire Police,-1.787214,51.562219,On or near Shopping Area,E01015476,Swindon 015B,Violent crime,Investigation complete; no suspect identified,
e12ea92bd6a39cc3b17e52ced76fe358dffafc086e2064444e8cccca5fb5a87c,2012-12,Wiltshire Police,Wiltshire Police,-1.785640,51.562666,On or near John Street,E01015476,Swindon 015B,Violent crime,Offender given conditional discharge,
f651552256725294a338f75319cebf4132c4a4b29ff744364ff1fedd880773dc,2012-12,Wiltshire Police,Wiltshire Police,-1.785640,51.562666,On or near John Street,E01015476,Swindon 015B,Violent crime,Investigation complete; no suspect identified,
9ad9c2213481c569d4e256173b3dcaea295d6cddd9ad0af3f1a74ea60cfb2f38,2012-12,Wiltshire Police,Wiltshire Police,-1.785640,51.562666,On or near John Street,E01015476,Swindon 015B,Violent crime,Investigation complete; no suspect identified,
3b5e51c0631b9ab6e4c511912a343fed422d8c530db2f2397e59dfa0ad6767aa,2012-12,Wiltshire Police,Wiltshire Police,-1.788584,51.562428,On or near Henry Street,E01015476,Swindon 015B,Violent crime,Investigation complete; no suspect identified,
0c89624a1d44e30d8975d690f2e8e33bf223dee5fb22456ff0e052b06d483b6c,2012-12,Wiltshire Police,Wiltshire Police,-1.786244,51.563044,On or near Nightclub,E01015476,Swindon 015B,Violent crime,Investigation complete; no suspect identified,
6194ebf57e30829d6f328ea24aee6e3d1062ff0d9f3ff8996176b0cb9d70c841,2012-12,Wiltshire Police,Wiltshire Police,-1.788584,51.562428,On or near Henry Street,E01015476,Swindon 015B,Violent crime,Investigation complete; no suspect identified,
2b9889dfbd3ccb116bcbc6bc37f3a34c9390414f9eb935fd26323b283d59112b,2012-12,Wiltshire Police,Wiltshire Police,-1.788584,51.562428,On or near Henry Street,E01015476,Swindon 015B,Violent crime,Investigation complete; no suspect identified,
b171b17e3c16c4be9e174ab775ea21f5d19fa18dbed0be76d1fb5f1c8e1f44df,2012-12,Wiltshire Police,Wiltshire Police,-1.792598,51.558380,On or near Cambria Bridge Road,E01015476,Swindon 015B,Violent crime,Investigation complete; no suspect identified,
be0fe0ef3005143f6999ba3d576b2394e603123f736216d188b8287e664e7c0f,2012-12,Wiltshire Police,Wiltshire Police,-1.787214,51.562219,On or near Shopping Area,E01015476,Swindon 015B,Violent crime,Investigation complete; no suspect identified,
c5b741af2c10b0906bc87bc942728926a87e9805639b50ba006ffa58d578ab5e,2012-12,Wiltshire Police,Wiltshire Police,-1.787214,51.562219,On or near Shopping Area,E01015476,Swindon 015B,Violent crime,Investigation complete; no suspect identified,
56d91d8bd92513ccad24e86698e86a7e79eafb05e5b83565a062cfc2e0472e48,2012-12,Wiltshire Police,Wiltshire Police,-1.785640,51.562666,On or near John Street,E01015476,Swindon 015B,Violent crime,Offender given conditional discharge,
808524d2529ae4b6b280036ce0a03c6b4a376bf5e1ccbf64e4c9afb7e06ae807,2012-12,Wiltshire Police,Wiltshire Police,-1.786244,51.563044,On or near Nightclub,E01015476,Swindon 015B,Violent crime,Local resolution,
a37e7de08e16607cf399fe32aefe1ff4807f38ecfc71a1074e2baff76419c8f5,2012-12,Wiltshire Police,Wiltshire Police,-1.788584,51.562428,On or near Henry Street,E01015476,Swindon 015B,Violent crime,Offender given a caution,
189a48e23f0eae499c1506946d4a97c2c5f283b68ff76ed9bbbfcd9d3f0919b3,2012-12,Wiltshire Police,Wiltshire Police,-1.786244,51.563044,On or near Nightclub,E01015476,Swindon 015B,Violent crime,Offender given a caution,
183a8b295f07af7a57e116d85ff803fef7e91c971f35b7fc1764bad2e11c67af,2012-12,Wiltshire Police,Wiltshire Police,-1.786244,51.563044,On or near Nightclub,E01015476,Swindon 015B,Violent crime,Investigation complete; no suspect identified,
,2012-12,Wiltshire Police,Wiltshire Police,-1.795994,51.556974,On or near Andover Street,E01015477,Swindon 015C,Anti-social behaviour,,
,2012-12,Wiltshire Police,Wiltshire Police,-1.797241,51.558847,On or near George Street,E01015477,Swindon 015C,Anti-social behaviour,,
,2012-12,Wiltshire Police,Wiltshire Police,-1.796706,51.559152,On or near Jolliffe Street,E01015477,Swindon 015C,Anti-social behaviour,,
,2012-12,Wiltshire Police,Wiltshire Police,-1.794292,51.556998,On or near Albion Street,E01015477,Swindon 015C,Anti-social behaviour,,
,2012-12,Wiltshire Police,Wiltshire Police,-1.797241,51.558847,On or near George Street,E01015477,Swindon 015C,Anti-social behaviour,,
,2012-12,Wiltshire Police,Wiltshire Police,-1.797605,51.557984,On or near Birch Street,E01015477,Swindon 015C,Anti-social behaviour,,
,2012-12,Wiltshire Police,Wiltshire Police,-1.797241,51.558847,On or near George Street,E01015477,Swindon 015C,Anti-social behaviour,,
,2012-12,Wiltshire Police,Wiltshire Police,-1.797241,51.558847,On or near George Street,E01015477,Swindon 015C,Anti-social behaviour,,
,2012-12,Wiltshire Police,Wiltshire Police,-1.792016,51.562614,On or near Pedestrian Subway,E01015477,Swindon 015C,Anti-social behaviour,,
a067697c4bf81f23cf74b4c0c0bef55104a078f09934e7aa11647d42acafab2e,2012-12,Wiltshire Police,Wiltshire Police,-1.795222,51.558628,On or near B4289,E01015477,Swindon 015C,Burglary,Investigation complete; no suspect identified,
4ac3037195358314f6d6b44855b94a3e2260747e131f4982423e7f10b971fddd,2012-12,Wiltshire Police,Wiltshire Police,-1.795994,51.556974,On or near Andover Street,E01015477,Swindon 015C,Burglary,Investigation complete; no suspect identified,
bc5b9eb3873b6d5abb7ce8ff13cba1f861e01329b5203f76a024fcd3c0146638,2012-12,Wiltshire Police,Wiltshire Police,-1.795222,51.558628,On or near B4289,E01015477,Swindon 015C,Criminal damage and arson,Investigation complete; no suspect identified,
1a0e2f24cb60cd505014cffd8c2bcfa895b5e4ab1be35ba50120d8d0753e6b20,2012-12,Wiltshire Police,Wiltshire Police,-1.797241,51.558847,On or near George Street,E01015477,Swindon 015C,Criminal damage and arson,Investigation complete; no suspect identified,
fb6dea30f1fdd69b749245642a3fc397e2e421872ed8de13f4cb74929713ad11,2012-12,Wiltshire Police,Wiltshire Police,-1.795222,51.558628,On or near B4289,E01015477,Swindon 015C,Drugs,Offender given a caution,
a22ac31b4f4ed354c540b71e89b6e2f5c63c8fd45a6f160ebc8c11366a9876b1,2012-12,Wiltshire Police,Wiltshire Police,-1.795125,51.557791,On or near Read Street,E01015477,Swindon 015C,Drugs,Offender given a caution,
888d2e8f105c3a7322921cd3ec2387e63d2b8e966199c69bf3c09bac73f03ae0,2012-12,Wiltshire Police,Wiltshire Police,-1.795222,51.558628,On or near B4289,E01015477,Swindon 015C,Other theft,Investigation complete; no suspect identified,
0686f0b314b400f56ea48c424665ed1219ac7f77d618f26408da95815261b6b9,2012-12,Wiltshire Police,Wiltshire Police,-1.796703,51.556508,On or near Westcott Place,E01015477,Swindon 015C,Other theft,Investigation complete; no suspect identified,
c9adce10a6dc8e2be1d4c8184f375e30580ff12929c0fd1f997e03d2e75b154d,2012-12,Wiltshire Police,Wiltshire Police,-1.794252,51.556207,On or near William Street,E01015477,Swindon 015C,Violent crime,Investigation complete; no suspect identified,
,2012-12,Wiltshire Police,Wiltshire Police,-1.782189,51.566247,On or near Station Road,E01015480,Swindon 015D,Anti-social behaviour,,
,2012-12,Wiltshire Police,Wiltshire Police,-1.782189,51.566247,On or near Station Road,E01015480,Swindon 015D,Anti-social behaviour,,
,2012-12,Wiltshire Police,Wiltshire Police,-1.778357,51.565179,On or near Gladstone Street,E01015480,Swindon 015D,Anti-social behaviour,,
,2012-12,Wiltshire Police,Wiltshire Police,-1.777267,51.566867,On or near Elmina Road,E01015480,Swindon 015D,Anti-social behaviour,,
,2012-12,Wiltshire Police,Wiltshire Police,-1.775387,51.564732,On or near Rosebery Street,E01015480,Swindon 015D,Anti-social behaviour,,
,2012-12,Wiltshire Police,Wiltshire Police,-1.782189,51.566247,On or near Station Road,E01015480,Swindon 015D,Anti-social behaviour,,
,2012-12,Wiltshire Police,Wiltshire Police,-1.777267,51.566867,On or near Elmina Road,E01015480,Swindon 015D,Anti-social behaviour,,
,2012-12,Wiltshire Police,Wiltshire Police,-1.777267,51.566867,On or near Elmina Road,E01015480,Swindon 015D,Anti-social behaviour,,
,2012-12,Wiltshire Police,Wiltshire Police,-1.778357,51.565179,On or near Gladstone Street,E01015480,Swindon 015D,Anti-social behaviour,,
,2012-12,Wiltshire Police,Wiltshire Police,-1.776496,51.565139,On or near Graham Street,E01015480,Swindon 015D,Anti-social behaviour,,
,2012-12,Wiltshire Police,Wiltshire Police,-1.777267,51.566867,On or near Elmina Road,E01015480,Swindon 015D,Anti-social behaviour,,
21dc173c669faefb693ac037467451eea0c2981c2d1db146cea3052b8425b5d9,2012-12,Wiltshire Police,Wiltshire Police,-1.777267,51.566867,On or near Elmina Road,E01015480,Swindon 015D,Burglary,Investigation complete; no suspect identified,
43e798e396463a9d2169d6b1e00f1cb1d564850a3ad9a178105f75d3e6a92c94,2012-12,Wiltshire Police,Wiltshire Police,-1.779539,51.565325,On or near Manchester Road,E01015480,Swindon 015D,Burglary,Investigation complete; no suspect identified,
e330f86461c1e7887f0abc1bccb384039d2fddd9516e6db32f79de3891d387ee,2012-12,Wiltshire Police,Wiltshire Police,-1.776496,51.565139,On or near Graham Street,E01015480,Swindon 015D,Burglary,Investigation complete; no suspect identified,
d093ef80ebaaddb13270a584feefae68b4122361378ad253c5e8edc19c7a3d39,2012-12,Wiltshire Police,Wiltshire Police,-1.778357,51.565179,On or near Gladstone Street,E01015480,Swindon 015D,Criminal damage and arson,Investigation complete; no suspect identified,
9b4c25ee87b422f1ea8034ee6ed6a684d3b9b2049db0ec09c86860a4464cdca5,2012-12,Wiltshire Police,Wiltshire Police,-1.779539,51.565325,On or near Manchester Road,E01015480,Swindon 015D,Other theft,Investigation complete; no suspect identified,
8ef7404dd416d958dcf239878a188bbac8570b00442aaee5e55717675c3a2151,2012-12,Wiltshire Police,Wiltshire Police,-1.777267,51.566867,On or near Elmina Road,E01015480,Swindon 015D,Shoplifting,Offender fined,
47d0b9fddd0b6703995744ca203822d86e5d63f28c32ebe103988f94d7fc98df,2012-12,Wiltshire Police,Wiltshire Police,-1.777267,51.566867,On or near Elmina Road,E01015480,Swindon 015D,Violent crime,Under investigation,
,2012-12,Wiltshire Police,Wiltshire Police,-1.746710,51.561509,On or near Kenton Close,E01015538,Swindon 016A,Anti-social behaviour,,
,2012-12,Wiltshire Police,Wiltshire Police,-1.745088,51.560112,On or near Silverton Road,E01015538,Swindon 016A,Anti-social behaviour,,
,2012-12,Wiltshire Police,Wiltshire Police,-1.748065,51.561764,On or near Burnham Road,E01015538,Swindon 016A,Anti-social behaviour,,
,2012-12,Wiltshire Police,Wiltshire Police,-1.746710,51.561509,On or near Kenton Close,E01015538,Swindon 016A,Anti-social behaviour,,
,2012-12,Wiltshire Police,Wiltshire Police,-1.749837,51.562244,On or near Twyford Close,E01015538,Swindon 016A,Anti-social behaviour,,
,2012-12,Wiltshire Police,Wiltshire Police,-1.745088,51.560112,On or near Silverton Road,E01015538,Swindon 016A,Anti-social behaviour,,
,2012-12,Wiltshire Police,Wiltshire Police,-1.751384,51.558939,On or near Kingswood Avenue,E01015538,Swindon 016A,Anti-social behaviour,,
,2012-12,Wiltshire Police,Wiltshire Police,-1.746710,51.561509,On or near Kenton Close,E01015538,Swindon 016A,Anti-social behaviour,,
97057482050b4a9db30fc119910e0e7f7fae8ffb9e2028d783a50c1794ac0807,2012-12,Wiltshire Police,Wiltshire Police,-1.743938,51.559498,On or near Tavistock Road,E01015538,Swindon 016A,Burglary,Investigation complete; no suspect identified,
0304ccd9609397224e4d25fbac9be0d9f72afd2771bef3f63da79ed24aa23a7b,2012-12,Wiltshire Police,Wiltshire Police,-1.751384,51.558939,On or near Kingswood Avenue,E01015538,Swindon 016A,Criminal damage and arson,Investigation complete; no suspect identified,
4bd9c5e8f19321c935db3e1ee1720684c8354f8c6b178f389707bd9ee4c13db0,2012-12,Wiltshire Police,Wiltshire Police,-1.745783,51.562217,On or near Marlowe Avenue,E01015538,Swindon 016A,Vehicle crime,Investigation complete; no suspect identified,
00dee5c4309dee28ad124219bfcf2bf69d43f5de43bfbf3e60f2038b76c284f8,2012-12,Wiltshire Police,Wiltshire Police,-1.751384,51.558939,On or near Kingswood Avenue,E01015538,Swindon 016A,Violent crime,Investigation complete; no suspect identified,
b5b8854a0bee598e667223ee266a99d0928c151696ceda272ca5c7aa37d7f168,2012-12,Wiltshire Police,Wiltshire Police,-1.743021,51.560980,On or near Kilve Close,E01015538,Swindon 016A,Other crime,Offender given a caution,
,2012-12,Wiltshire Police,Wiltshire Police,-1.753778,51.561749,On or near Hunsdon Close,E01015572,Swindon 016B,Anti-social behaviour,,
,2012-12,Wiltshire Police,Wiltshire Police,-1.756065,51.560315,On or near Burghley Close,E01015572,Swindon 016B,Anti-social behaviour,,
,2012-12,Wiltshire Police,Wiltshire Police,-1.756065,51.560315,On or near Burghley Close,E01015572,Swindon 016B,Anti-social behaviour,,
,2012-12,Wiltshire Police,Wiltshire Police,-1.756065,51.560315,On or near Burghley Close,E01015572,Swindon 016B,Anti-social behaviour,,
,2012-12,Wiltshire Police,Wiltshire Police,-1.756065,51.560315,On or near Burghley Close,E01015572,Swindon 016B,Anti-social behaviour,,
,2012-12,Wiltshire Police,Wiltshire Police,-1.754477,51.563198,On or near Dacre Road,E01015572,Swindon 016B,Anti-social behaviour,,
,2012-12,Wiltshire Police,Wiltshire Police,-1.752812,51.561594,On or near Courtenay Road,E01015572,Swindon 016B,Anti-social behaviour,,
1779253d86f4a991c1f9866d46da3b8ece5ad917165ce1c04ebaee0bb1b26554,2012-12,Wiltshire Police,Wiltshire Police,-1.752766,51.564831,On or near Greenbridge Road,E01015572,Swindon 016B,Burglary,Under investigation,
e603318207c89fc2136b3f83c9be0f38b381c35e2a47996e5779027053a1f6db,2012-12,Wiltshire Police,Wiltshire Police,-1.756233,51.561152,On or near Frobisher Drive,E01015572,Swindon 016B,Criminal damage and arson,Investigation complete; no suspect identified,
3218c29d4b68c0244883bc54590b12f3d720313dd9bb0dd53fb761e96a68aa92,2012-12,Wiltshire Police,Wiltshire Police,-1.756065,51.560315,On or near Burghley Close,E01015572,Swindon 016B,Criminal damage and arson,Investigation complete; no suspect identified,
d4ae971460c3cfb1f86ddc5700b2fa9b85deceee77b325c44debb62287689ee6,2012-12,Wiltshire Police,Wiltshire Police,-1.756233,51.561152,On or near Frobisher Drive,E01015572,Swindon 016B,Criminal damage and arson,Investigation complete; no suspect identified,
d6b6ba752883edc5c25c0fcc9eeb0ab658a47dbc4d746fdbcf34ff6e82bc9caf,2012-12,Wiltshire Police,Wiltshire Police,-1.754477,51.563198,On or near Dacre Road,E01015572,Swindon 016B,Vehicle crime,Investigation complete; no suspect identified,
5f368dfdc7c1f3fca2914b671963c28267c46344e289bdc889edaec33ad4105b,2012-12,Wiltshire Police,Wiltshire Police,-1.752783,51.561612,On or near Buckhurst Crescent,E01015572,Swindon 016B,Violent crime,Defendant found not guilty,
,2012-12,Wiltshire Police,Wiltshire Police,-1.757694,51.555085,On or near Welbeck Close,E01015573,Swindon 016C,Anti-social behaviour,,
,2012-12,Wiltshire Police,Wiltshire Police,-1.764971,51.562024,On or near Sidney Close,E01015573,Swindon 016C,Anti-social behaviour,,
,2012-12,Wiltshire Police,Wiltshire Police,-1.758728,51.561229,On or near Gresham Close,E01015573,Swindon 016C,Anti-social behaviour,,
,2012-12,Wiltshire Police,Wiltshire Police,-1.760317,51.560890,On or near Ashley Close,E01015573,Swindon 016C,Anti-social behaviour,,
,2012-12,Wiltshire Police,Wiltshire Police,-1.758728,51.561229,On or near Gresham Close,E01015573,Swindon 016C,Anti-social behaviour,,
,2012-12,Wiltshire Police,Wiltshire Police,-1.760317,51.560890,On or near Ashley Close,E01015573,Swindon 016C,Anti-social behaviour,,
,2012-12,Wiltshire Police,Wiltshire Police,-1.757723,51.557792,On or near Further/Higher Educational Building,E01015573,Swindon 016C,Anti-social behaviour,,
,2012-12,Wiltshire Police,Wiltshire Police,-1.760817,51.559111,On or near Dudley Road,E01015573,Swindon 016C,Anti-social behaviour,,
,2012-12,Wiltshire Police,Wiltshire Police,-1.757330,51.555705,On or near Bilborough Drive,E01015573,Swindon 016C,Anti-social behaviour,,
,2012-12,Wiltshire Police,Wiltshire Police,-1.763740,51.560052,On or near Petrol Station,E01015573,Swindon 016C,Anti-social behaviour,,
,2012-12,Wiltshire Police,Wiltshire Police,-1.762343,51.562378,On or near Stanley Honey Court,E01015573,Swindon 016C,Anti-social behaviour,,
,2012-12,Wiltshire Police,Wiltshire Police,-1.755554,51.556043,On or near Rutland Road,E01015573,Swindon 016C,Anti-social behaviour,,
,2012-12,Wiltshire Police,Wiltshire Police,-1.757723,51.557792,On or near Further/Higher Educational Building,E01015573,Swindon 016C,Anti-social behaviour,,
e7c173ca8680832ed9b4a15951ad12b8988860880f98faf96e79d6fc87690282,2012-12,Wiltshire Police,Wiltshire Police,-1.757498,51.559338,On or near Shrewsbury Road,E01015573,Swindon 016C,Criminal damage and arson,Investigation complete; no suspect identified,
ab3602d24cf703c22d6b2e1d366702a125137ba807fa0dbdc1196f3a79d11016,2012-12,Wiltshire Police,Wiltshire Police,-1.757723,51.557792,On or near Further/Higher Educational Building,E01015573,Swindon 016C,Other theft,Investigation complete; no suspect identified,
738de4fe71235bd333f0bb0b8953f4dadf84de88a4c0ab7d9e613a9804b1abec,2012-12,Wiltshire Police,Wiltshire Police,-1.759439,51.560457,On or near Darnley Close,E01015573,Swindon 016C,Vehicle crime,Investigation complete; no suspect identified,
9c5927cf2b9b27b2eca0b5a3914eeef2b0138a1697ae0ee735e2e444f9e40a3b,2012-12,Wiltshire Police,Wiltshire Police,-1.764971,51.562024,On or near Sidney Close,E01015573,Swindon 016C,Vehicle crime,Investigation complete; no suspect identified,
2fbf8219acc9b9053f922bfb48fc6216a1c95f576f4cbc80c4bfd5337f1ef0e6,2012-12,Wiltshire Police,Wiltshire Police,-1.757330,51.555705,On or near Bilborough Drive,E01015573,Swindon 016C,Vehicle crime,Investigation complete; no suspect identified,
01ec0263762ee557883e2e109cbfab27cc231cf905da77abc1cc16f533728873,2012-12,Wiltshire Police,Wiltshire Police,-1.760817,51.559111,On or near Dudley Road,E01015573,Swindon 016C,Violent crime,Offender sent to prison,
acd92ea8d32d4fd5d3b8d5e7cd1fd4dc1563c960e4231871f9009f1ea461d3fe,2012-12,Wiltshire Police,Wiltshire Police,-1.760817,51.559111,On or near Dudley Road,E01015573,Swindon 016C,Violent crime,Investigation complete; no suspect identified,
21b5614d72e4fa06c1e2d3ba5a4a5a7e0e9bb178719745e62f6a6e9aa55cf0f9,2012-12,Wiltshire Police,Wiltshire Police,-1.761586,51.561001,On or near Somerville Road,E01015573,Swindon 016C,Violent crime,Investigation complete; no suspect identified,
dbecd574ccdf5504f77f9d1ba14bf40a331d630149f1241b10a38f8ff8753fd6,2012-12,Wiltshire Police,Wiltshire Police,-1.762626,51.560805,On or near Seymour Road,E01015573,Swindon 016C,Violent crime,Investigation complete; no suspect identified,
,2012-12,Wiltshire Police,Wiltshire Police,-1.756150,51.563228,On or near Norfolk Close,E01015575,Swindon 016D,Anti-social behaviour,,
,2012-12,Wiltshire Police,Wiltshire Police,-1.761489,51.563069,On or near Douglas Road,E01015575,Swindon 016D,Anti-social behaviour,,
,2012-12,Wiltshire Police,Wiltshire Police,-1.757610,51.565407,On or near Markham Close,E01015575,Swindon 016D,Anti-social behaviour,,
,2012-12,Wiltshire Police,Wiltshire Police,-1.756150,51.563228,On or near Norfolk Close,E01015575,Swindon 016D,Anti-social behaviour,,
,2012-12,Wiltshire Police,Wiltshire Police,-1.760345,51.563723,On or near Shirley Close,E01015575,Swindon 016D,Anti-social behaviour,,
,2012-12,Wiltshire Police,Wiltshire Police,-1.755376,51.564935,On or near Maitland Road,E01015575,Swindon 016D,Anti-social behaviour,,
,2012-12,Wiltshire Police,Wiltshire Police,-1.758695,51.562029,On or near Tudor Walk,E01015575,Swindon 016D,Anti-social behaviour,,
,2012-12,Wiltshire Police,Wiltshire Police,-1.756150,51.563228,On or near Norfolk Close,E01015575,Swindon 016D,Anti-social behaviour,,
,2012-12,Wiltshire Police,Wiltshire Police,-1.760345,51.563723,On or near Shirley Close,E01015575,Swindon 016D,Anti-social behaviour,,
cb221d5504612cc009cf2f2007e3187fda2d5bd6e858e87339eba815773fc5c6,2012-12,Wiltshire Police,Wiltshire Police,-1.758919,51.566075,On or near Penny Lane,E01015575,Swindon 016D,Burglary,Investigation complete; no suspect identified,
77fe69699205d2235afcc448d62c3990b8e56d87392bd44bce206e9a60efb7cf,2012-12,Wiltshire Police,Wiltshire Police,-1.754179,51.564897,On or near Marlowe Avenue,E01015575,Swindon 016D,Criminal damage and arson,Investigation complete; no suspect identified,
455968d277ceda6cd6972b95c8555f9f086c9da9563932afba21dea4dde75120,2012-12,Wiltshire Police,Wiltshire Police,-1.760800,51.562375,On or near Hertford Close,E01015575,Swindon 016D,Drugs,Offender given community sentence,
a49171547b2b9593f15c2f15b18f5a95c8f2c953b32c444f022e477440b77ba4,2012-12,Wiltshire Police,Wiltshire Police,-1.754179,51.564897,On or near Marlowe Avenue,E01015575,Swindon 016D,Shoplifting,Suspect charged as part of another case,
547707e45c5119d7b46473b089e476647ad27eeb4b3692529577b5a7dcdc6b90,2012-12,Wiltshire Police,Wiltshire Police,-1.754179,51.564897,On or near Marlowe Avenue,E01015575,Swindon 016D,Shoplifting,Investigation complete; no suspect identified,
6eeb0c74f6c28177963f48e6cb2c06e9b9024dde646377fff142e5e244af6f83,2012-12,Wiltshire Police,Wiltshire Police,-1.759689,51.562364,On or near Raleigh Avenue,E01015575,Swindon 016D,Violent crime,Court result unavailable,
791627e0585819932ca5f5c7aa47773d2dae069a783b023709e2f68cf6ecbf96,2012-12,Wiltshire Police,Wiltshire Police,-1.756226,51.562500,On or near Stuart Close,E01015575,Swindon 016D,Violent crime,Under investigation,
084b9fca350b2f81b0ddee9f6c1d91bf0e94baa2550324e1c42d68b52a6a83a5,2012-12,Wiltshire Police,Wiltshire Police,-1.756150,51.563228,On or near Norfolk Close,E01015575,Swindon 016D,Violent crime,Investigation complete; no suspect identified,
13ee9d0fd48c70f08d5c4ddb38f8706287386389568a054da0c879ae446117a6,2012-12,Wiltshire Police,Wiltshire Police,-1.760800,51.562375,On or near Hertford Close,E01015575,Swindon 016D,Violent crime,Local resolution,
b5af6d2d127b3de1885b8bf279195903a64bf4ae056e9b845b12631e5c77642d,2012-12,Wiltshire Police,Wiltshire Police,-1.760800,51.562375,On or near Hertford Close,E01015575,Swindon 016D,Violent crime,Local resolution,
06ff9b764bca242f14d94d702f4c15a78e4ad13fe4e3b019e2a7002e1a28bd44,2012-12,Wiltshire Police,Wiltshire Police,-1.759689,51.562364,On or near Raleigh Avenue,E01015575,Swindon 016D,Violent crime,Offender given community sentence,
f263868e446fd0e8dd400307ebf641d4862a75cc9e78ee3e38aa53abc81e1010,2012-12,Wiltshire Police,Wiltshire Police,-1.758439,51.564060,On or near Bothwell Road,E01015575,Swindon 016D,Violent crime,Investigation complete; no suspect identified,
,2012-12,Wiltshire Police,Wiltshire Police,-1.769408,51.568884,On or near Petrol Station,E01015479,Swindon 017A,Anti-social behaviour,,
,2012-12,Wiltshire Police,Wiltshire Police,-1.769408,51.568884,On or near Petrol Station,E01015479,Swindon 017A,Anti-social behaviour,,
,2012-12,Wiltshire Police,Wiltshire Police,-1.769408,51.568884,On or near Petrol Station,E01015479,Swindon 017A,Anti-social behaviour,,
,2012-12,Wiltshire Police,Wiltshire Police,-1.769408,51.568884,On or near Petrol Station,E01015479,Swindon 017A,Anti-social behaviour,,
,2012-12,Wiltshire Police,Wiltshire Police,-1.773700,51.567490,On or near Colbourne Street,E01015479,Swindon 017A,Anti-social behaviour,,
,2012-12,Wiltshire Police,Wiltshire Police,-1.771061,51.564436,On or near Sports/Recreation Area,E01015479,Swindon 017A,Anti-social behaviour,,
,2012-12,Wiltshire Police,Wiltshire Police,-1.773919,51.567040,On or near Amber Court,E01015479,Swindon 017A,Anti-social behaviour,,
,2012-12,Wiltshire Police,Wiltshire Police,-1.769408,51.568884,On or near Petrol Station,E01015479,Swindon 017A,Anti-social behaviour,,
,2012-12,Wiltshire Police,Wiltshire Police,-1.769408,51.568884,On or near Petrol Station,E01015479,Swindon 017A,Anti-social behaviour,,
,2012-12,Wiltshire Police,Wiltshire Police,-1.771061,51.564436,On or near Sports/Recreation Area,E01015479,Swindon 017A,Anti-social behaviour,,
,2012-12,Wiltshire Police,Wiltshire Police,-1.773700,51.567490,On or near Colbourne Street,E01015479,Swindon 017A,Anti-social behaviour,,
,2012-12,Wiltshire Police,Wiltshire Police,-1.761711,51.564768,On or near Drake'S Way,E01015479,Swindon 017A,Anti-social behaviour,,
,2012-12,Wiltshire Police,Wiltshire Police,-1.767703,51.569402,On or near Farriers Close,E01015479,Swindon 017A,Anti-social behaviour,,
9f96f052d22ad7188444178f693f6f6f3bde4e4cb4d4968770a4ee26d4308567,2012-12,Wiltshire Police,Wiltshire Police,-1.773919,51.567040,On or near Amber Court,E01015479,Swindon 017A,Burglary,Investigation complete; no suspect identified,
ab569b2ab94b5de22c141e5e8d9a2da7f4030299fe791e000a52d6cfe45e5876,2012-12,Wiltshire Police,Wiltshire Police,-1.769408,51.568884,On or near Petrol Station,E01015479,Swindon 017A,Criminal damage and arson,Court case unable to proceed,
bbe36cc042ecbf1316c53d2a0df536cbd7cd1129cb9dc157cbe378725b90a0f2,2012-12,Wiltshire Police,Wiltshire Police,-1.769408,51.568884,On or near Petrol Station,E01015479,Swindon 017A,Drugs,Offender given a drugs possession warning,
bde715f6d12793d534d4fe522fc880f5eb8074eb286f9fff63e6252e85868d2e,2012-12,Wiltshire Police,Wiltshire Police,-1.769408,51.568884,On or near Petrol Station,E01015479,Swindon 017A,Drugs,Offender given conditional discharge,
e3845413eed997826b19f7baff646b70e2b4060f0d6803dafa71d0d1c81bcc8b,2012-12,Wiltshire Police,Wiltshire Police,-1.769408,51.568884,On or near Petrol Station,E01015479,Swindon 017A,Drugs,Offender given a drugs possession warning,
ce17244d23db031e8f9c632d183323b20fd274407ac013135d9f5469885d5d80,2012-12,Wiltshire Police,Wiltshire Police,-1.769408,51.568884,On or near Petrol Station,E01015479,Swindon 017A,Drugs,Offender given a caution,
84ee411d4bc65ee5c3cf518e443a97bdfee90e5ce7d2e045f3c18f7f7557da5f,2012-12,Wiltshire Police,Wiltshire Police,-1.763611,51.568324,On or near Sports/Recreation Area,E01015479,Swindon 017A,Other theft,Investigation complete; no suspect identified,
34c38c088a7a9871364f55d008bc829aa9aadd627dfd7f166dd60109af0acee9,2012-12,Wiltshire Police,Wiltshire Police,-1.769408,51.568884,On or near Petrol Station,E01015479,Swindon 017A,Shoplifting,Local resolution,
c326688ec6c28bad4d5b79eae558652336a09c175c594ce20a66ac5fccf5499c,2012-12,Wiltshire Police,Wiltshire Police,-1.769408,51.568884,On or near Petrol Station,E01015479,Swindon 017A,Shoplifting,Offender given penalty notice,
8bc35d98fc2c0d5548799851de74e8461f8d1415fcdff69026ae110c68ee7dcb,2012-12,Wiltshire Police,Wiltshire Police,-1.769408,51.568884,On or near Petrol Station,E01015479,Swindon 017A,Shoplifting,Offender given a caution,
ffd02bca3226059af1be0440c3ea56ee19f437efbf4689e7ad15645fe05af61e,2012-12,Wiltshire Police,Wiltshire Police,-1.771061,51.564436,On or near Sports/Recreation Area,E01015479,Swindon 017A,Vehicle crime,Investigation complete; no suspect identified,
0dd94e5083317b57d9f32e6d020a1d1715d7947420146fffe72f948da70bc525,2012-12,Wiltshire Police,Wiltshire Police,-1.770821,51.566234,On or near Sports/Recreation Area,E01015479,Swindon 017A,Vehicle crime,Investigation complete; no suspect identified,
1995bafeb3feddcb1d1653e8a4048923bf1d02c7d036b3aaae46958b81973329,2012-12,Wiltshire Police,Wiltshire Police,-1.771061,51.564436,On or near Sports/Recreation Area,E01015479,Swindon 017A,Vehicle crime,Investigation complete; no suspect identified,
9dc12a5e1ef9c9f0ea384b5f6a189f0f43e907c51f523dca6472ddf8a0483f7e,2012-12,Wiltshire Police,Wiltshire Police,-1.767703,51.569402,On or near Farriers Close,E01015479,Swindon 017A,Violent crime,Investigation complete; no suspect identified,
4f92cab35bb1583d31d2e77c9ad3b91bcd5573707a20a5bb5d1b0754c89bce15,2012-12,Wiltshire Police,Wiltshire Police,-1.766280,51.568266,On or near Briar Fields,E01015479,Swindon 017A,Violent crime,Local resolution,
,2012-12,Wiltshire Police,Wiltshire Police,-1.777849,51.562759,On or near Fleming Way,E01015493,Swindon 017B,Anti-social behaviour,,
,2012-12,Wiltshire Police,Wiltshire Police,-1.777849,51.562759,On or near Fleming Way,E01015493,Swindon 017B,Anti-social behaviour,,
e2f222cce202f85728a4622b20914657b4bdb970a2bc0e702cb146417f638221,2012-12,Wiltshire Police,Wiltshire Police,-1.774102,51.562095,On or near Portsmouth Street,E01015493,Swindon 017B,Burglary,Investigation complete; no suspect identified,
8487311dcfc27e6dee3e3604cfca29b08d8a6d52a133f471f9adb6ffeea8b3f7,2012-12,Wiltshire Police,Wiltshire Police,-1.773963,51.560944,On or near Northampton Street,E01015493,Swindon 017B,Criminal damage and arson,Investigation complete; no suspect identified,
80a4514f8d2d0760760146a6c32f1d5a7f2247efbb7eaf11d2487ae7a501d031,2012-12,Wiltshire Police,Wiltshire Police,-1.777231,51.559314,On or near Leicester Street,E01015493,Swindon 017B,Other theft,Offender given community sentence,
1be78c8e2564b4894e19c8ffb9fed21bf4825ad50aada6f5cd37d59f61e62bb4,2012-12,Wiltshire Police,Wiltshire Police,-1.777720,51.559756,On or near Euclid Street,E01015493,Swindon 017B,Shoplifting,Court result unavailable,
38b4c34586c0b7730e5ab9980eca70f00df2c618959649f41ec33934d086b6ab,2012-12,Wiltshire Police,Wiltshire Police,-1.777337,51.561382,On or near Sports/Recreation Area,E01015493,Swindon 017B,Vehicle crime,Court case unable to proceed,
5ccbe03ed48fd5fed3e9d4631ca5789602b6ff5310646ed1d8d981b7a04409fb,2012-12,Wiltshire Police,Wiltshire Police,-1.777337,51.561382,On or near Sports/Recreation Area,E01015493,Swindon 017B,Violent crime,Investigation complete; no suspect identified,
,2012-12,Wiltshire Police,Wiltshire Police,-1.769948,51.561863,On or near Dudmore Road,E01015574,Swindon 017C,Anti-social behaviour,,
,2012-12,Wiltshire Police,Wiltshire Police,-1.771177,51.561469,On or near Plymouth Street,E01015574,Swindon 017C,Anti-social behaviour,,
,2012-12,Wiltshire Police,Wiltshire Police,-1.769421,51.557699,On or near Walcot Road,E01015574,Swindon 017C,Anti-social behaviour,,
,2012-12,Wiltshire Police,Wiltshire Police,-1.771299,51.560067,On or near Drove Road,E01015574,Swindon 017C,Anti-social behaviour,,
,2012-12,Wiltshire Police,Wiltshire Police,-1.771299,51.560067,On or near Drove Road,E01015574,Swindon 017C,Anti-social behaviour,,
,2012-12,Wiltshire Police,Wiltshire Police,-1.769159,51.561079,On or near Langford Grove,E01015574,Swindon 017C,Anti-social behaviour,,
,2012-12,Wiltshire Police,Wiltshire Police,-1.771299,51.560067,On or near Drove Road,E01015574,Swindon 017C,Anti-social behaviour,,
,2012-12,Wiltshire Police,Wiltshire Police,-1.769039,51.559074,On or near Burford Avenue,E01015574,Swindon 017C,Anti-social behaviour,,
,2012-12,Wiltshire Police,Wiltshire Police,-1.769948,51.561863,On or near Dudmore Road,E01015574,Swindon 017C,Anti-social behaviour,,
,2012-12,Wiltshire Police,Wiltshire Police,-1.771177,51.561469,On or near Plymouth Street,E01015574,Swindon 017C,Anti-social behaviour,,
,2012-12,Wiltshire Police,Wiltshire Police,-1.771299,51.560067,On or near Drove Road,E01015574,Swindon 017C,Anti-social behaviour,,
9144356d98b1996382244cf746814d6dbcc26e4873bcfb6d09eab9c9fdfa6b54,2012-12,Wiltshire Police,Wiltshire Police,-1.768662,51.559423,On or near Cumberland Road,E01015574,Swindon 017C,Burglary,Investigation complete; no suspect identified,
d53d749b93a17d0e7f719f6a238e2d99c718b826e4a7b1a8accbc3ca1a0dfe1c,2012-12,Wiltshire Police,Wiltshire Police,-1.772302,51.558513,On or near Drove Road,E01015574,Swindon 017C,Criminal damage and arson,Investigation complete; no suspect identified,
8253a2aec8d8a6e3957b576b230fa199faadaeccccf84710b445d50e528cc64a,2012-12,Wiltshire Police,Wiltshire Police,-1.765911,51.558645,On or near Sports/Recreation Area,E01015574,Swindon 017C,Public disorder and weapons,Investigation complete; no suspect identified,
f19794559f224a243ab35a740db67347d718cc555b117c92c35b2e4ae2e352fb,2012-12,Wiltshire Police,Wiltshire Police,-1.769421,51.557699,On or near Walcot Road,E01015574,Swindon 017C,Vehicle crime,Local resolution,
d26a99002a88d0d4c4148ff34cfd09a3e164b8d09ec49f7428a64e5a50b0e9e2,2012-12,Wiltshire Police,Wiltshire Police,-1.770996,51.557171,On or near Alvescot Road,E01015574,Swindon 017C,Violent crime,Local resolution,
,2012-12,Wiltshire Police,Wiltshire Police,-1.774426,51.554786,On or near Chandler Close,E01015576,Swindon 017D,Anti-social behaviour,,
,2012-12,Wiltshire Police,Wiltshire Police,-1.764649,51.554533,On or near Brixham Avenue,E01015576,Swindon 017D,Anti-social behaviour,,
b00b8cac68caebd853bb3cb4381137282be657ea53da91ca0430cd4fb9fcedcf,2012-12,Wiltshire Police,Wiltshire Police,-1.766518,51.555733,On or near Upham Road,E01015576,Swindon 017D,Other theft,Investigation complete; no suspect identified,
62cf498f0ebf70c2379e53e09b834bc13ac48c01c6eeadaae3af197ef872b284,2012-12,Wiltshire Police,Wiltshire Police,-1.762979,51.556652,On or near Ashwell Close,E01015576,Swindon 017D,Other theft,Investigation complete; no suspect identified,
22f8ec654a0edab9fe4404ccc0be5fff06a8d32309f0e9dd22a57c600108e14e,2012-12,Wiltshire Police,Wiltshire Police,-1.763237,51.557021,On or near Woodside Avenue,E01015576,Swindon 017D,Violent crime,Local resolution,
,2012-12,Wiltshire Police,Wiltshire Police,-1.844952,51.552158,On or near Lineacre Close,E01015499,Swindon 018A,Anti-social behaviour,,
,2012-12,Wiltshire Police,Wiltshire Police,-1.843849,51.558208,On or near Babington Park,E01015499,Swindon 018A,Anti-social behaviour,,
3174322ef60abee801ed5c3c7b6ed6446f74f1efa13e1b6f0779048923e8d0a9,2012-12,Wiltshire Police,Wiltshire Police,-1.846505,51.553599,On or near Sidney Close,E01015499,Swindon 018A,Burglary,Investigation complete; no suspect identified,
091e4cea77cb706f10fd68cd180ce65ceba579d7bcd869459a6e9458776cb95e,2012-12,Wiltshire Police,Wiltshire Police,-1.845641,51.553058,On or near King Henry Drive,E01015499,Swindon 018A,Vehicle crime,Investigation complete; no suspect identified,
677d963cfe625c3371e71d3ac8888b9744f9a8ba64eeacce91980b5677e8d3b9,2012-12,Wiltshire Police,Wiltshire Police,-1.847288,51.556459,On or near Askew Close,E01015499,Swindon 018A,Vehicle crime,Investigation complete; no suspect identified,
,2012-12,Wiltshire Police,Wiltshire Police,-1.840614,51.551145,On or near Winstanley Close,E01015500,Swindon 018B,Anti-social behaviour,,
,2012-12,Wiltshire Police,Wiltshire Police,-1.840614,51.551145,On or near Winstanley Close,E01015500,Swindon 018B,Anti-social behaviour,,
,2012-12,Wiltshire Police,Wiltshire Police,-1.840476,51.553609,On or near Whitehill Way,E01015500,Swindon 018B,Anti-social behaviour,,
1674ab1869a1afe2db18658fb595d815e5af30025dd128f3c1f7a3a6efc409ce,2012-12,Wiltshire Police,Wiltshire Police,-1.841637,51.551362,On or near Ashburnham Close,E01015500,Swindon 018B,Burglary,Investigation complete; no suspect identified,
f54db07cea0da7394db7bb6ff57d01ca5044c6f2ebba9cfba9269eec37101717,2012-12,Wiltshire Police,Wiltshire Police,-1.838675,51.553031,On or near Leslie Close,E01015500,Swindon 018B,Criminal damage and arson,Local resolution,
9879a076ba2e85fc4aa5122c88926bdc08100462c88f4b4d86c2adba3ef4e3d1,2012-12,Wiltshire Police,Wiltshire Police,-1.840614,51.551145,On or near Winstanley Close,E01015500,Swindon 018B,Other theft,Investigation complete; no suspect identified,
f21bc4022de5e6a32445487a880bad78e9aa1a71326fd512669858cd9a5a5b6b,2012-12,Wiltshire Police,Wiltshire Police,-1.842020,51.553386,On or near Paulet Close,E01015500,Swindon 018B,Vehicle crime,Investigation complete; no suspect identified,
c1e6a66050342b1bafe813aea8d183237b21fe1e00b7f739872f1e29ab062ca3,2012-12,Wiltshire Police,Wiltshire Police,-1.840476,51.553609,On or near Whitehill Way,E01015500,Swindon 018B,Vehicle crime,Investigation complete; no suspect identified,
69dc7bd6e1c485fb79a41d26c56bc5a2800c6726688aa5f48c4232362c00cf13,2012-12,Wiltshire Police,Wiltshire Police,-1.840375,51.553501,On or near Pedestrian Subway,E01015500,Swindon 018B,Violent crime,Offender given a caution,
d39e5df8942bd5059e9b9f203c62ec9bab77e04a1d3d443912d3ba0cbd3edfaa,2012-12,Wiltshire Police,Wiltshire Police,-1.838675,51.553031,On or near Leslie Close,E01015500,Swindon 018B,Violent crime,Investigation complete; no suspect identified,
938c1e15d95952e7461081d8476cfa760b889612ed60e15eb8316d17df206dac,2012-12,Wiltshire Police,Wiltshire Police,-1.854946,51.561297,On or near Park/Open Space,E01015504,Swindon 018C,Criminal damage and arson,Investigation complete; no suspect identified,
03feaafb40aa0be2cf2fc5cb66655b9cd7db17c086756fbabdc5d6a7d9da0358,2012-12,Wiltshire Police,Wiltshire Police,-1.843342,51.558836,On or near Campion Gate,E01015504,Swindon 018C,Vehicle crime,Investigation complete; no suspect identified,
cddd5da96e447d0bbf3fa4c6dff825f6f609cdfb6a4e8b6aecebb55018c5b2ba,2012-12,Wiltshire Police,Wiltshire Police,-1.844600,51.562363,On or near Wilmot Close,E01015504,Swindon 018C,Violent crime,Investigation complete; no suspect identified,
,2012-12,Wiltshire Police,Wiltshire Police,-1.835642,51.558250,On or near Carey Close,E01015505,Swindon 018D,Anti-social behaviour,,
,2012-12,Wiltshire Police,Wiltshire Police,-1.835837,51.560040,On or near Gerard Walk,E01015505,Swindon 018D,Anti-social behaviour,,
,2012-12,Wiltshire Police,Wiltshire Police,-1.835837,51.560040,On or near Gerard Walk,E01015505,Swindon 018D,Anti-social behaviour,,
,2012-12,Wiltshire Police,Wiltshire Police,-1.835837,51.560040,On or near Gerard Walk,E01015505,Swindon 018D,Anti-social behaviour,,
e796ebb98408c108f23bb0ef8c9d42627ecaef5c97d6876d707aa8b81452684f,2012-12,Wiltshire Police,Wiltshire Police,-1.836489,51.559241,On or near Marney Road,E01015505,Swindon 018D,Criminal damage and arson,Investigation complete; no suspect identified,
,2012-12,Wiltshire Police,Wiltshire Police,-1.784955,51.561001,On or near Shopping Area,E01015494,Swindon 019A,Anti-social behaviour,,
,2012-12,Wiltshire Police,Wiltshire Police,-1.784513,51.560020,On or near Nightclub,E01015494,Swindon 019A,Anti-social behaviour,,
,2012-12,Wiltshire Police,Wiltshire Police,-1.791449,51.557290,On or near Cambria Bridge Road,E01015494,Swindon 019A,Anti-social behaviour,,
,2012-12,Wiltshire Police,Wiltshire Police,-1.784955,51.561001,On or near Shopping Area,E01015494,Swindon 019A,Anti-social behaviour,,
,2012-12,Wiltshire Police,Wiltshire Police,-1.785940,51.560184,On or near Supermarket,E01015494,Swindon 019A,Anti-social behaviour,,
,2012-12,Wiltshire Police,Wiltshire Police,-1.784955,51.561001,On or near Shopping Area,E01015494,Swindon 019A,Anti-social behaviour,,
,2012-12,Wiltshire Police,Wiltshire Police,-1.792824,51.556196,On or near Radnor Street,E01015494,Swindon 019A,Anti-social behaviour,,
,2012-12,Wiltshire Police,Wiltshire Police,-1.787890,51.559505,On or near Farnsby Street,E01015494,Swindon 019A,Anti-social behaviour,,
,2012-12,Wiltshire Police,Wiltshire Police,-1.791449,51.557290,On or near Cambria Bridge Road,E01015494,Swindon 019A,Anti-social behaviour,,
,2012-12,Wiltshire Police,Wiltshire Police,-1.784955,51.561001,On or near Shopping Area,E01015494,Swindon 019A,Anti-social behaviour,,
,2012-12,Wiltshire Police,Wiltshire Police,-1.784955,51.561001,On or near Shopping Area,E01015494,Swindon 019A,Anti-social behaviour,,
,2012-12,Wiltshire Police,Wiltshire Police,-1.791449,51.557290,On or near Cambria Bridge Road,E01015494,Swindon 019A,Anti-social behaviour,,
,2012-12,Wiltshire Police,Wiltshire Police,-1.785940,51.560184,On or near Supermarket,E01015494,Swindon 019A,Anti-social behaviour,,
,2012-12,Wiltshire Police,Wiltshire Police,-1.784955,51.561001,On or near Shopping Area,E01015494,Swindon 019A,Anti-social behaviour,,
0cde9ad344ba293c0491dc7181bbc98ab06bb4bf1cedc1639518db06d1d939e3,2012-12,Wiltshire Police,Wiltshire Police,-1.784955,51.561001,On or near Shopping Area,E01015494,Swindon 019A,Criminal damage and arson,Investigation complete; no suspect identified,
1c55dcd03b5620624e06e3f42cfe37a05e828662a1a176d811f830c83303aeff,2012-12,Wiltshire Police,Wiltshire Police,-1.791449,51.557290,On or near Cambria Bridge Road,E01015494,Swindon 019A,Criminal damage and arson,Investigation complete; no suspect identified,
a13426e028d2ad8f9877af3194684c20bf0c039866de14b370e9374eb27e493d,2012-12,Wiltshire Police,Wiltshire Police,-1.791449,51.557290,On or near Cambria Bridge Road,E01015494,Swindon 019A,Criminal damage and arson,Investigation complete; no suspect identified,
b0a511ea8a536f4d0bc2ecf2c73dbe3ccde6411dc0cbc7b2dde79bbec8a346c1,2012-12,Wiltshire Police,Wiltshire Police,-1.784955,51.561001,On or near Shopping Area,E01015494,Swindon 019A,Criminal damage and arson,Investigation complete; no suspect identified,
ee2d77143ad976f109be52b55368cb6f5cb55532cbc10e35f87802cb90314f22,2012-12,Wiltshire Police,Wiltshire Police,-1.785940,51.560184,On or near Supermarket,E01015494,Swindon 019A,Drugs,Offender deprived of property,
fcec9858b354ce4bd2a079748ec2da4580b0a391db392e42ed265784cb566860,2012-12,Wiltshire Police,Wiltshire Police,-1.785940,51.560184,On or near Supermarket,E01015494,Swindon 019A,Other theft,Investigation complete; no suspect identified,
740253a371995348d3fac377d8e59f875c76e0a5fa160fd9d11669e8fdf0b9fb,2012-12,Wiltshire Police,Wiltshire Police,-1.785940,51.560184,On or near Supermarket,E01015494,Swindon 019A,Other theft,Investigation complete; no suspect identified,
8a4d6aa641e448ada521dd55da06c5a86c4a78fe119a36e582be45f203e691cd,2012-12,Wiltshire Police,Wiltshire Police,-1.785940,51.560184,On or near Supermarket,E01015494,Swindon 019A,Other theft,Investigation complete; no suspect identified,
8ba220f13cf8b65116a98c2565edd714e8cb73df4de8c5f2d856cf3daf33d48a,2012-12,Wiltshire Police,Wiltshire Police,-1.783217,51.559433,On or near Parking Area,E01015494,Swindon 019A,Other theft,Investigation complete; no suspect identified,
14b6b72f729aecc5b707e32e5819dbd07f17c49fc7d33cd6fea53782e67f24ad,2012-12,Wiltshire Police,Wiltshire Police,-1.786829,51.558127,On or near Morse Street,E01015494,Swindon 019A,Other theft,Investigation complete; no suspect identified,
60072fc851114b1286f79286156bef7ec8b8d2d75f4bdf23d2969b467e68a320,2012-12,Wiltshire Police,Wiltshire Police,-1.791449,51.557290,On or near Cambria Bridge Road,E01015494,Swindon 019A,Other theft,Investigation complete; no suspect identified,
b0bcb118b2f99e9044264f8733359a3646a6569b3edbe5629d0e94420a613fd1,2012-12,Wiltshire Police,Wiltshire Police,-1.784955,51.561001,On or near Shopping Area,E01015494,Swindon 019A,Other theft,Investigation complete; no suspect identified,
3623baae544d86ebbdb199aee464e4bb873a50e697a7120ef9561496d4233b59,2012-12,Wiltshire Police,Wiltshire Police,-1.785940,51.560184,On or near Supermarket,E01015494,Swindon 019A,Public disorder and weapons,Offender sent to prison,
3936fdc60cedaa37eaacc14338311c36d12c37290bf63720004d3a7cb95d96c6,2012-12,Wiltshire Police,Wiltshire Police,-1.787055,51.559314,On or near Parking Area,E01015494,Swindon 019A,Robbery,Offender sent to prison,
631e7e31af4e11875917774faa916dad019ad06188288e924b30dbb38baf8ba8,2012-12,Wiltshire Police,Wiltshire Police,-1.784955,51.561001,On or near Shopping Area,E01015494,Swindon 019A,Shoplifting,Unable to prosecute suspect,
bb0fa75fc79f4ce83f4213493e8311a8d9316ac1b5827cfa460b0abda87e0f9a,2012-12,Wiltshire Police,Wiltshire Police,-1.784955,51.561001,On or near Shopping Area,E01015494,Swindon 019A,Shoplifting,Court case unable to proceed,
b8144653376d7610bf6799a9b3eef4dc8fa90aa505b1c76dba7140856f4db9a5,2012-12,Wiltshire Police,Wiltshire Police,-1.784955,51.561001,On or near Shopping Area,E01015494,Swindon 019A,Shoplifting,Local resolution,
fcb445090838f438ea0129f3ec2d0bb8f65f12342eab9946e902000c4ea4349f,2012-12,Wiltshire Police,Wiltshire Police,-1.784513,51.560020,On or near Nightclub,E01015494,Swindon 019A,Shoplifting,Court result unavailable,
61e1b0e01f3d2fe27233c3061e4d4a97ebfe2e24f52004856aef71e65f1e4dbe,2012-12,Wiltshire Police,Wiltshire Police,-1.785940,51.560184,On or near Supermarket,E01015494,Swindon 019A,Shoplifting,Suspect charged as part of another case,
424b9a52381b8ef3df40e4c35c2e41d3847b3e2a3e6a9e23772fe7161ea88df1,2012-12,Wiltshire Police,Wiltshire Police,-1.785940,51.560184,On or near Supermarket,E01015494,Swindon 019A,Shoplifting,Local resolution,
9210fb74932f37cba2848e0d78e5f408593a5cc9dd137e9737f29fd9138cae28,2012-12,Wiltshire Police,Wiltshire Police,-1.785940,51.560184,On or near Supermarket,E01015494,Swindon 019A,Shoplifting,Court result unavailable,
6d284b66cdea67c7f4ed8f11a330c788a3f4609c8dc8adf525f0093892588652,2012-12,Wiltshire Police,Wiltshire Police,-1.785940,51.560184,On or near Supermarket,E01015494,Swindon 019A,Shoplifting,Offender given suspended prison sentence,
6ad06a8025873068f8447b11486522165a28a91af8a9c168c23a8d8d4cd0c61f,2012-12,Wiltshire Police,Wiltshire Police,-1.784955,51.561001,On or near Shopping Area,E01015494,Swindon 019A,Shoplifting,Court case unable to proceed,
4d3fb7d9500a56e146c446b8b71d89660741fed2dc1ae0884e4f1ef03a8577ed,2012-12,Wiltshire Police,Wiltshire Police,-1.784955,51.561001,On or near Shopping Area,E01015494,Swindon 019A,Shoplifting,Investigation complete; no suspect identified,
f02e3b9039e72a99496b9bf06f6138559611ea079846cc3abd992f6c95d6106c,2012-12,Wiltshire Police,Wiltshire Police,-1.785940,51.560184,On or near Supermarket,E01015494,Swindon 019A,Shoplifting,Offender sent to prison,
38060ae2cb9cb0a68fe9bbef27fdb7daadd6a463c0b7e00db1d25e4f9b76b999,2012-12,Wiltshire Police,Wiltshire Police,-1.785940,51.560184,On or near Supermarket,E01015494,Swindon 019A,Shoplifting,Offender given community sentence,
198c7a796304b9d5eceef7b0761bcb8d42e4c5174a8459de0e629ac2510dccb7,2012-12,Wiltshire Police,Wiltshire Police,-1.784955,51.561001,On or near Shopping Area,E01015494,Swindon 019A,Shoplifting,Suspect charged as part of another case,
8fc9906e1f97ec8c977389657eaf55c0fd41206a949dd3a62327fe7f0c6a9610,2012-12,Wiltshire Police,Wiltshire Police,-1.784955,51.561001,On or near Shopping Area,E01015494,Swindon 019A,Shoplifting,Offender given a caution,
b30bff57837d6a5a2e7bee335102df1f21ee32bedf639f69cef59fd71004666d,2012-12,Wiltshire Police,Wiltshire Police,-1.784955,51.561001,On or near Shopping Area,E01015494,Swindon 019A,Shoplifting,Local resolution,
154109f87abb7d37f5459b7cae8060570e10d4ea25a56b2947617e7ad06e6871,2012-12,Wiltshire Police,Wiltshire Police,-1.783217,51.559433,On or near Parking Area,E01015494,Swindon 019A,Shoplifting,Offender sent to prison,
0c623b38ca49690083fe9c572984ac1025ed5b80966f8b0bef976b1f2b68ed49,2012-12,Wiltshire Police,Wiltshire Police,-1.785940,51.560184,On or near Supermarket,E01015494,Swindon 019A,Shoplifting,Offender given a caution,
ea8e6a3cf6dc2a314cc363f947540cc013dd5ccdf57c43e3a2e916ddbc03d7f3,2012-12,Wiltshire Police,Wiltshire Police,-1.784955,51.561001,On or near Shopping Area,E01015494,Swindon 019A,Shoplifting,Offender given a caution,
de83586ee3a3405c98251f4f9d9e9a7fd7bc0ab09df85e3d76b538a8f61b8534,2012-12,Wiltshire Police,Wiltshire Police,-1.784955,51.561001,On or near Shopping Area,E01015494,Swindon 019A,Shoplifting,Court result unavailable,
1e71118a905cabd03243e8bf3c011fb27bf1d0c8e3f84128c94623af680c0018,2012-12,Wiltshire Police,Wiltshire Police,-1.785940,51.560184,On or near Supermarket,E01015494,Swindon 019A,Shoplifting,Under investigation,
c5517d5987537fa827c44531379e20743a07c9996eb22bad680e5a09c5bcbb9a,2012-12,Wiltshire Police,Wiltshire Police,-1.785940,51.560184,On or near Supermarket,E01015494,Swindon 019A,Shoplifting,Suspect charged as part of another case,
8ba0acde9bdcf77fbb09e3e52362747e92f137a83ad32839796c4dde8409b4bd,2012-12,Wiltshire Police,Wiltshire Police,-1.784955,51.561001,On or near Shopping Area,E01015494,Swindon 019A,Shoplifting,Local resolution,
e7b31b03efaf38ecde3b108293aa787b0d95b686641df88fb0c75dd728dfbb3a,2012-12,Wiltshire Police,Wiltshire Police,-1.791449,51.557290,On or near Cambria Bridge Road,E01015494,Swindon 019A,Vehicle crime,Investigation complete; no suspect identified,
3a3dc476daf5c9bf614fb4d215028b1a39521b5c24c3d80c31325e337235a888,2012-12,Wiltshire Police,Wiltshire Police,-1.787890,51.559505,On or near Farnsby Street,E01015494,Swindon 019A,Vehicle crime,Investigation complete; no suspect identified,
c9fdad7667774b220e14d0b5262decd0c24754e6f50e47f7b71f6eac83ee30f9,2012-12,Wiltshire Police,Wiltshire Police,-1.785940,51.560184,On or near Supermarket,E01015494,Swindon 019A,Violent crime,Offender given a caution,
37036c0fae2ae97e4b3ce1d405a27085253c379b03cd9603a304f409347c3a42,2012-12,Wiltshire Police,Wiltshire Police,-1.785940,51.560184,On or near Supermarket,E01015494,Swindon 019A,Violent crime,Investigation complete; no suspect identified,
2feffcd6ad138c1c7c588bedf4433469f9372bed302f0e500263150e1c6e582d,2012-12,Wiltshire Police,Wiltshire Police,-1.787055,51.559314,On or near Parking Area,E01015494,Swindon 019A,Violent crime,Investigation complete; no suspect identified,
5ada5e6b07251384bdae9d1e22c0eaadcfab882a433a381ea4a1ec1e10126287,2012-12,Wiltshire Police,Wiltshire Police,-1.783217,51.559433,On or near Parking Area,E01015494,Swindon 019A,Violent crime,Offender given community sentence,
73c35085ad61e2164d32ba3f4ca1362ed9e7af6c3ed5a02323572a85309db05a,2012-12,Wiltshire Police,Wiltshire Police,-1.787055,51.559314,On or near Parking Area,E01015494,Swindon 019A,Violent crime,Offender fined,
55b343228d61e73ee23ae23e95f9b9deb54bd91864dde7c5f8b71e35c692fb36,2012-12,Wiltshire Police,Wiltshire Police,-1.783217,51.559433,On or near Parking Area,E01015494,Swindon 019A,Violent crime,Investigation complete; no suspect identified,
aef742b579d6ab666ba91c83ad6e1279d5d5850373715645f89a990e4b8aed40,2012-12,Wiltshire Police,Wiltshire Police,-1.786679,51.559467,On or near Davis Place,E01015494,Swindon 019A,Violent crime,Investigation complete; no suspect identified,
30d9c5a383ecc764036dbd5da5b1d1914836a5d0ab0ef6741f1d1ed97441e3cb,2012-12,Wiltshire Police,Wiltshire Police,-1.784955,51.561001,On or near Shopping Area,E01015494,Swindon 019A,Other crime,Investigation complete; no suspect identified,
,2012-12,Wiltshire Police,Wiltshire Police,-1.785670,51.556264,On or near Stafford Street,E01015496,Swindon 019C,Anti-social behaviour,,
,2012-12,Wiltshire Police,Wiltshire Police,-1.785576,51.554816,On or near Hythe Road,E01015496,Swindon 019C,Anti-social behaviour,,
,2012-12,Wiltshire Police,Wiltshire Police,-1.785670,51.556264,On or near Stafford Street,E01015496,Swindon 019C,Anti-social behaviour,,
,2012-12,Wiltshire Police,Wiltshire Police,-1.783526,51.558166,On or near Whitney Street,E01015496,Swindon 019C,Anti-social behaviour,,
,2012-12,Wiltshire Police,Wiltshire Police,-1.783773,51.554705,On or near Pembroke Street,E01015496,Swindon 019C,Anti-social behaviour,,
,2012-12,Wiltshire Police,Wiltshire Police,-1.783526,51.558166,On or near Whitney Street,E01015496,Swindon 019C,Anti-social behaviour,,
,2012-12,Wiltshire Police,Wiltshire Police,-1.785576,51.554816,On or near Hythe Road,E01015496,Swindon 019C,Anti-social behaviour,,
,2012-12,Wiltshire Police,Wiltshire Police,-1.784435,51.558024,On or near Dowling Street,E01015496,Swindon 019C,Anti-social behaviour,,
,2012-12,Wiltshire Police,Wiltshire Police,-1.785243,51.558007,On or near Stanier Street,E01015496,Swindon 019C,Anti-social behaviour,,
,2012-12,Wiltshire Police,Wiltshire Police,-1.785523,51.556794,On or near Dixon Street,E01015496,Swindon 019C,Anti-social behaviour,,
,2012-12,Wiltshire Police,Wiltshire Police,-1.785499,51.558943,On or near Commercial Road,E01015496,Swindon 019C,Anti-social behaviour,,
,2012-12,Wiltshire Police,Wiltshire Police,-1.785499,51.558943,On or near Commercial Road,E01015496,Swindon 019C,Anti-social behaviour,,
ee48a03e7aceabee1cc1a2ebff7b3dfa202ebc4a4e7a98bb1aa8391ee1f453fd,2012-12,Wiltshire Police,Wiltshire Police,-1.783773,51.554705,On or near Pembroke Street,E01015496,Swindon 019C,Criminal damage and arson,Investigation complete; no suspect identified,
e0e83b2cb47b2b66f97fe907473216d2437a37d74e6fc798c794b2e371f38b1d,2012-12,Wiltshire Police,Wiltshire Police,-1.785670,51.556264,On or near Stafford Street,E01015496,Swindon 019C,Drugs,Offender given a caution,
892604203efc4462bb31b9e90cce4a90bc37362ac487481353b33a3581021a44,2012-12,Wiltshire Police,Wiltshire Police,-1.785243,51.558007,On or near Stanier Street,E01015496,Swindon 019C,Other theft,Investigation complete; no suspect identified,
c87badb042cb014a45d935c3f1a37cf7767f85a7ef711aa2c1fb7d05aa718bc5,2012-12,Wiltshire Police,Wiltshire Police,-1.783401,51.554174,On or near Brunswick Street,E01015496,Swindon 019C,Other theft,Investigation complete; no suspect identified,
82b3040ceb8bca3f3a3761358585c04442832d0d2577ecd0dc2651d326d67a8f,2012-12,Wiltshire Police,Wiltshire Police,-1.785670,51.556264,On or near Stafford Street,E01015496,Swindon 019C,Robbery,Court result unavailable,
47aa6e03ef3302fcd96e98f04d211bde6c0744717cb5e758c934a2f45debee83,2012-12,Wiltshire Police,Wiltshire Police,-1.785670,51.556264,On or near Stafford Street,E01015496,Swindon 019C,Vehicle crime,Investigation complete; no suspect identified,
b3b479eda174a38a107b7dc3fa885a5ae8946f31b2b4a79cfd37f3ce9d6718ee,2012-12,Wiltshire Police,Wiltshire Police,-1.783526,51.558166,On or near Whitney Street,E01015496,Swindon 019C,Vehicle crime,Investigation complete; no suspect identified,
81ad2121cd94ba4446b6e940203c0778ac7fc78cc5c73ecf85059f4ef62d4806,2012-12,Wiltshire Police,Wiltshire Police,-1.784852,51.555282,On or near Savernake Street,E01015496,Swindon 019C,Vehicle crime,Investigation complete; no suspect identified,
2dfc251cac56694afc1d84c262605115efb97836e63476b70c280bcb872b27b3,2012-12,Wiltshire Police,Wiltshire Police,-1.783526,51.558166,On or near Whitney Street,E01015496,Swindon 019C,Violent crime,Investigation complete; no suspect identified,
3974e1679da1eb5023c3550ebdb9114b865c1e2dfb4288a8caeb32123334b49b,2012-12,Wiltshire Police,Wiltshire Police,-1.784864,51.559005,On or near Granville Street,E01015496,Swindon 019C,Violent crime,Investigation complete; no suspect identified,
bfbc7e94d53f3c29b04233f60a6e24436ececcbc359fb007c2ba98816e9e53f6,2012-12,Wiltshire Police,Wiltshire Police,-1.785670,51.556264,On or near Stafford Street,E01015496,Swindon 019C,Violent crime,Investigation complete; no suspect identified,
,2012-12,Wiltshire Police,Wiltshire Police,-1.784082,51.553554,On or near Lansdown Road,E01015497,Swindon 019D,Anti-social behaviour,,
,2012-12,Wiltshire Police,Wiltshire Police,-1.780771,51.555068,On or near North Street,E01015497,Swindon 019D,Anti-social behaviour,,
a613db6ca26865ac09af7a8c211c4ec12dc75e2da4ad975e1278985f62562267,2012-12,Wiltshire Police,Wiltshire Police,-1.784082,51.553554,On or near Lansdown Road,E01015497,Swindon 019D,Criminal damage and arson,Local resolution,
27dfd8cb5b2a29b92026869518f6e08f6fd5dca6abe757cd98a0471101137f9b,2012-12,Wiltshire Police,Wiltshire Police,-1.786918,51.554630,On or near Maidstone Road,E01015497,Swindon 019D,Criminal damage and arson,Local resolution,
fab5060ec2bd21d43823539d746118fd3751286d400fbac46087fe241554326f,2012-12,Wiltshire Police,Wiltshire Police,-1.786918,51.554630,On or near Maidstone Road,E01015497,Swindon 019D,Criminal damage and arson,Local resolution,
bca00bac2e1f542e070ff1c0fccf001b45621f0f9ac9f90b5a1d9f3a6b62ddd0,2012-12,Wiltshire Police,Wiltshire Police,-1.786099,51.554008,On or near Folkestone Road,E01015497,Swindon 019D,Criminal damage and arson,Investigation complete; no suspect identified,
85477e1014d75259c34cf527c15a96c554068dd5e9a83d121a2a2b218fa9ceea,2012-12,Wiltshire Police,Wiltshire Police,-1.786918,51.554630,On or near Maidstone Road,E01015497,Swindon 019D,Criminal damage and arson,Local resolution,
1e34ab19885a1eb5cb8e0cad3731b6319680c86d6938fcaebf20a6733723955b,2012-12,Wiltshire Police,Wiltshire Police,-1.786918,51.554630,On or near Maidstone Road,E01015497,Swindon 019D,Criminal damage and arson,Local resolution,
22a8c0e3c4551ded8fb952fb9746e7a50f2f892d4e5f608a138db6f254b91d1b,2012-12,Wiltshire Police,Wiltshire Police,-1.786918,51.554630,On or near Maidstone Road,E01015497,Swindon 019D,Criminal damage and arson,Local resolution,
991a947ff07d868c246e7df25924a957cf4104fcb8aab439549b1463f115d6f6,2012-12,Wiltshire Police,Wiltshire Police,-1.788117,51.554128,On or near Ashford Road,E01015497,Swindon 019D,Criminal damage and arson,Investigation complete; no suspect identified,
28a2fc5446b5f0628113193b8133f8ca7b931c5dabb06c8c0556583a9b50e3eb,2012-12,Wiltshire Police,Wiltshire Police,-1.781629,51.553775,On or near Eastcott Road,E01015497,Swindon 019D,Other theft,Investigation complete; no suspect identified,
7977cb8dac060ecca28353fc58d7db71a1e4612a4b2670b6a434413b7992a93a,2012-12,Wiltshire Police,Wiltshire Police,-1.786918,51.554630,On or near Maidstone Road,E01015497,Swindon 019D,Robbery,Court result unavailable,
4d7d9fef86adf790c3a4e122a9932ff703dc98798d877116d2694b40f42852f1,2012-12,Wiltshire Police,Wiltshire Police,-1.780204,51.556011,On or near Prospect Hill,E01015497,Swindon 019D,Violent crime,Investigation complete; no suspect identified,
b40622e8299d02b8e877724487716d7c5f7ea38823b360385567fe6ea6903b70,2012-12,Wiltshire Police,Wiltshire Police,-1.780204,51.556011,On or near Prospect Hill,E01015497,Swindon 019D,Violent crime,Court case unable to proceed,
,2012-12,Wiltshire Police,Wiltshire Police,-1.782248,51.560088,On or near Regent Close,E01032714,Swindon 019E,Anti-social behaviour,,
,2012-12,Wiltshire Police,Wiltshire Police,-1.783767,51.562051,On or near Supermarket,E01032714,Swindon 019E,Anti-social behaviour,,
,2012-12,Wiltshire Police,Wiltshire Police,-1.779716,51.558599,On or near Clarence Street,E01032714,Swindon 019E,Anti-social behaviour,,
,2012-12,Wiltshire Police,Wiltshire Police,-1.780809,51.562360,On or near Pedestrian Subway,E01032714,Swindon 019E,Anti-social behaviour,,
,2012-12,Wiltshire Police,Wiltshire Police,-1.783767,51.562051,On or near Supermarket,E01032714,Swindon 019E,Anti-social behaviour,,
,2012-12,Wiltshire Police,Wiltshire Police,-1.782248,51.560088,On or near Regent Close,E01032714,Swindon 019E,Anti-social behaviour,,
,2012-12,Wiltshire Police,Wiltshire Police,-1.782956,51.556708,On or near Eastcott Hill,E01032714,Swindon 019E,Anti-social behaviour,,
,2012-12,Wiltshire Police,Wiltshire Police,-1.779716,51.558599,On or near Clarence Street,E01032714,Swindon 019E,Anti-social behaviour,,
,2012-12,Wiltshire Police,Wiltshire Police,-1.778565,51.557905,On or near Durham Street,E01032714,Swindon 019E,Anti-social behaviour,,
,2012-12,Wiltshire Police,Wiltshire Police,-1.781080,51.556975,On or near Rolleston Street,E01032714,Swindon 019E,Anti-social behaviour,,
,2012-12,Wiltshire Police,Wiltshire Police,-1.781270,51.559421,On or near Theatre/Concert Hall,E01032714,Swindon 019E,Anti-social behaviour,,
,2012-12,Wiltshire Police,Wiltshire Police,-1.783277,51.562068,On or near Parking Area,E01032714,Swindon 019E,Anti-social behaviour,,
,2012-12,Wiltshire Police,Wiltshire Police,-1.782248,51.560088,On or near Regent Close,E01032714,Swindon 019E,Anti-social behaviour,,
,2012-12,Wiltshire Police,Wiltshire Police,-1.780809,51.562360,On or near Pedestrian Subway,E01032714,Swindon 019E,Anti-social behaviour,,
,2012-12,Wiltshire Police,Wiltshire Police,-1.783277,51.562068,On or near Parking Area,E01032714,Swindon 019E,Anti-social behaviour,,
,2012-12,Wiltshire Police,Wiltshire Police,-1.783277,51.562068,On or near Parking Area,E01032714,Swindon 019E,Anti-social behaviour,,
,2012-12,Wiltshire Police,Wiltshire Police,-1.780809,51.562360,On or near Pedestrian Subway,E01032714,Swindon 019E,Anti-social behaviour,,
,2012-12,Wiltshire Police,Wiltshire Police,-1.782248,51.560088,On or near Regent Close,E01032714,Swindon 019E,Anti-social behaviour,,
,2012-12,Wiltshire Police,Wiltshire Police,-1.781979,51.558909,On or near Regent Street,E01032714,Swindon 019E,Anti-social behaviour,,
,2012-12,Wiltshire Police,Wiltshire Police,-1.783767,51.562051,On or near Supermarket,E01032714,Swindon 019E,Anti-social behaviour,,
,2012-12,Wiltshire Police,Wiltshire Police,-1.781270,51.559421,On or near Theatre/Concert Hall,E01032714,Swindon 019E,Anti-social behaviour,,
,2012-12,Wiltshire Police,Wiltshire Police,-1.782248,51.560088,On or near Regent Close,E01032714,Swindon 019E,Anti-social behaviour,,
,2012-12,Wiltshire Police,Wiltshire Police,-1.779385,51.561350,On or near Parking Area,E01032714,Swindon 019E,Anti-social behaviour,,
,2012-12,Wiltshire Police,Wiltshire Police,-1.782649,51.560610,On or near Conference/Exhibition Centre,E01032714,Swindon 019E,Anti-social behaviour,,
,2012-12,Wiltshire Police,Wiltshire Police,-1.779354,51.561746,On or near Spring Close,E01032714,Swindon 019E,Anti-social behaviour,,
,2012-12,Wiltshire Police,Wiltshire Police,-1.780424,51.558295,On or near Nightclub,E01032714,Swindon 019E,Anti-social behaviour,,
,2012-12,Wiltshire Police,Wiltshire Police,-1.782248,51.560088,On or near Regent Close,E01032714,Swindon 019E,Anti-social behaviour,,
,2012-12,Wiltshire Police,Wiltshire Police,-1.783277,51.562068,On or near Parking Area,E01032714,Swindon 019E,Anti-social behaviour,,
,2012-12,Wiltshire Police,Wiltshire Police,-1.781712,51.560518,On or near Parking Area,E01032714,Swindon 019E,Anti-social behaviour,,
,2012-12,Wiltshire Police,Wiltshire Police,-1.780809,51.562360,On or near Pedestrian Subway,E01032714,Swindon 019E,Anti-social behaviour,,
,2012-12,Wiltshire Police,Wiltshire Police,-1.781712,51.560518,On or near Parking Area,E01032714,Swindon 019E,Anti-social behaviour,,
,2012-12,Wiltshire Police,Wiltshire Police,-1.782248,51.560088,On or near Regent Close,E01032714,Swindon 019E,Anti-social behaviour,,
7c87c737083086fd34d24027162aa9bd389623e5a6533ecb99c48f47e15f7114,2012-12,Wiltshire Police,Wiltshire Police,-1.781080,51.556975,On or near Rolleston Street,E01032714,Swindon 019E,Burglary,Investigation complete; no suspect identified,
f705aea8d4930d3974afa502f9f62fb4f4500757f0ed9f443b03a5416047d39a,2012-12,Wiltshire Police,Wiltshire Police,-1.781431,51.558845,On or near Regent Circus,E01032714,Swindon 019E,Burglary,Under investigation,
72c544a3514d4932083e7c4829e2b70fdf29eafdb9c76c6a1beec5a26d617cc2,2012-12,Wiltshire Police,Wiltshire Police,-1.781431,51.558845,On or near Regent Circus,E01032714,Swindon 019E,Burglary,Investigation complete; no suspect identified,
d82decd8dadee11d18f7928bbab0cea30c750e7be3981eb67b642fd1a56698e0,2012-12,Wiltshire Police,Wiltshire Police,-1.781080,51.556975,On or near Rolleston Street,E01032714,Swindon 019E,Burglary,Court result unavailable,
a3d6e4b4360027b50097d6a0d464ff0988f18e42095884be7f005e1042c724ff,2012-12,Wiltshire Police,Wiltshire Police,-1.781979,51.558909,On or near Regent Street,E01032714,Swindon 019E,Burglary,Investigation complete; no suspect identified,
6f1b416dfac52e7d5b2bd2f7805e32b0eea31c62dc567feca4866e9159f8f54d,2012-12,Wiltshire Police,Wiltshire Police,-1.781431,51.558845,On or near Regent Circus,E01032714,Swindon 019E,Criminal damage and arson,Offender given a caution,
f81a5fa7b4ede53136aa3caf2d5e7663f13684ca866e3d79ff35ce31644e3599,2012-12,Wiltshire Police,Wiltshire Police,-1.782154,51.561499,On or near Gordon Gardens,E01032714,Swindon 019E,Drugs,Offender given a drugs possession warning,
21dea0d06a5a52c7fc5493b7a833df1b83384b57f0e485b19f265efcefeee0c1,2012-12,Wiltshire Police,Wiltshire Police,-1.779716,51.558599,On or near Clarence Street,E01032714,Swindon 019E,Drugs,Offender given a caution,
3edaf6efffcdf49e7a3897d66edae252442c6e0f70af8329baa26a54b2f11040,2012-12,Wiltshire Police,Wiltshire Police,-1.782649,51.560610,On or near Conference/Exhibition Centre,E01032714,Swindon 019E,Other theft,Investigation complete; no suspect identified,
4695df194a805fa96ac9fa596cc1f31add5310e97af31ad361b222f9426c08fc,2012-12,Wiltshire Police,Wiltshire Police,-1.782649,51.560610,On or near Conference/Exhibition Centre,E01032714,Swindon 019E,Other theft,Investigation complete; no suspect identified,
a1b5a3a4055a3506265484a1f712cfc7a4ca32df239653ae60e2ae5c5002cbdd,2012-12,Wiltshire Police,Wiltshire Police,-1.783277,51.562068,On or near Parking Area,E01032714,Swindon 019E,Other theft,Offender given community sentence,
b9678bd8d5159e13f735c8f431524df1bd104d8842b3dffffba5253577d079be,2012-12,Wiltshire Police,Wiltshire Police,-1.784847,51.559463,On or near Parking Area,E01032714,Swindon 019E,Other theft,Investigation complete; no suspect identified,
f659a80b415c39649a2dbcd0def47ab6e92a1cc23f4b2eadb2ebb60097b167e8,2012-12,Wiltshire Police,Wiltshire Police,-1.781431,51.558845,On or near Regent Circus,E01032714,Swindon 019E,Other theft,Investigation complete; no suspect identified,
1a26033a675e11d76e2096e2b4da7084cf4162e69b68dd1e8b1d1ff2593df616,2012-12,Wiltshire Police,Wiltshire Police,-1.783277,51.562068,On or near Parking Area,E01032714,Swindon 019E,Other theft,Investigation complete; no suspect identified,
6a68dca170f3250442f4a6047cb73fc3f6869eb192de42e9d1a59de28b0f8e3e,2012-12,Wiltshire Police,Wiltshire Police,-1.781431,51.558845,On or near Regent Circus,E01032714,Swindon 019E,Other theft,Investigation complete; no suspect identified,
e942c99ff341346e2f21ca20f37c4aae5d4917a3cb5a32a05078211f64fa14b6,2012-12,Wiltshire Police,Wiltshire Police,-1.781900,51.557318,On or near Edmund Street,E01032714,Swindon 019E,Public disorder and weapons,Under investigation,
6b99e4f10891591b378fe1531e7e1ea246c9de7a0d15e78242d65ad2c8ea9354,2012-12,Wiltshire Police,Wiltshire Police,-1.779385,51.561350,On or near Parking Area,E01032714,Swindon 019E,Public disorder and weapons,Investigation complete; no suspect identified,
439767e8f19507d6ddf9dced0bff4b5eb899b9353b4b2b7169f0d03f3af83311,2012-12,Wiltshire Police,Wiltshire Police,-1.782248,51.560088,On or near Regent Close,E01032714,Swindon 019E,Public disorder and weapons,Court result unavailable,
b23a8e83301684847cc490944bfa2167ad40309ff57994aad4448b2d8c28311c,2012-12,Wiltshire Police,Wiltshire Police,-1.783277,51.562068,On or near Parking Area,E01032714,Swindon 019E,Shoplifting,Offender sent to prison,
105a064ee7a5e7df6743813d5d0422d4b90b8967368d396b3f6a6db6ce8b6cbd,2012-12,Wiltshire Police,Wiltshire Police,-1.783277,51.562068,On or near Parking Area,E01032714,Swindon 019E,Shoplifting,Offender given penalty notice,
eeacdf77d4cec9e35944f0f42c09b3c2cabb1a1c3881fc707da92d58dcb5ed60,2012-12,Wiltshire Police,Wiltshire Police,-1.783277,51.562068,On or near Parking Area,E01032714,Swindon 019E,Shoplifting,Offender fined,
52b7bcc6c0bf2b21eef1998c713c9dc164dba8d483e2e1ff55ee43714679cb7d,2012-12,Wiltshire Police,Wiltshire Police,-1.783277,51.562068,On or near Parking Area,E01032714,Swindon 019E,Shoplifting,Offender given penalty notice,
0647148c457291545337673fdfb38ff4934ab7a6057f21c8b9600724006598e3,2012-12,Wiltshire Police,Wiltshire Police,-1.783277,51.562068,On or near Parking Area,E01032714,Swindon 019E,Shoplifting,Offender sent to prison,
89b71bed3a903bbe6b51acfbdfcc3e73a6f2982664ae2fe1e5922fd1fab63d7c,2012-12,Wiltshire Police,Wiltshire Police,-1.783277,51.562068,On or near Parking Area,E01032714,Swindon 019E,Shoplifting,Court result unavailable,
789d950ccc6aec746ef38dd18f388239f497f89f4f2d46ab26b0957a2ea51b56,2012-12,Wiltshire Police,Wiltshire Police,-1.783277,51.562068,On or near Parking Area,E01032714,Swindon 019E,Shoplifting,Offender given conditional discharge,
f42062e3abf844be532b617ea821f863cf5f6c22a9a8616f89f126af3aa2d65f,2012-12,Wiltshire Police,Wiltshire Police,-1.783767,51.562051,On or near Supermarket,E01032714,Swindon 019E,Shoplifting,Local resolution,
5dd3ad4f9f72a8d76b081c7703334f474d94fec4089401480d0993150995a95b,2012-12,Wiltshire Police,Wiltshire Police,-1.783277,51.562068,On or near Parking Area,E01032714,Swindon 019E,Shoplifting,Investigation complete; no suspect identified,
5583e08fec73e7ec4e18fed67613e05df8a1538bfd97c068823627e0082e0b24,2012-12,Wiltshire Police,Wiltshire Police,-1.783277,51.562068,On or near Parking Area,E01032714,Swindon 019E,Shoplifting,Offender given penalty notice,
f57e59ec2ac2ceb815e1916b56a7b22f7b87f1d5b4654cb0e7835f35b076b32a,2012-12,Wiltshire Police,Wiltshire Police,-1.783277,51.562068,On or near Parking Area,E01032714,Swindon 019E,Shoplifting,Offender given a caution,
06164082d98fd124e49c24708c5c5eb0b2b8e823b12726da7cd85fc0c9fa1ea0,2012-12,Wiltshire Police,Wiltshire Police,-1.783767,51.562051,On or near Supermarket,E01032714,Swindon 019E,Shoplifting,Offender given community sentence,
9b932c1bf8a534e3fd3d7de9c632f8110641557d7b12651a7ceed38e21f499f3,2012-12,Wiltshire Police,Wiltshire Police,-1.781712,51.560518,On or near Parking Area,E01032714,Swindon 019E,Vehicle crime,Investigation complete; no suspect identified,
366bfef9a732c5169c85176d4b577257aea82ee1451fcb647639c212328bc717,2012-12,Wiltshire Police,Wiltshire Police,-1.782248,51.560088,On or near Regent Close,E01032714,Swindon 019E,Vehicle crime,Court result unavailable,
14efef2b501a03118f00519f244dcda32f5002b15aad03646ed35f116c4cb05f,2012-12,Wiltshire Police,Wiltshire Police,-1.781270,51.559421,On or near Theatre/Concert Hall,E01032714,Swindon 019E,Vehicle crime,Investigation complete; no suspect identified,
88be0a36a5cb4332384bd67fd5e187c73e1f73262b6597bcb3c3a974675d8bcf,2012-12,Wiltshire Police,Wiltshire Police,-1.782248,51.560088,On or near Regent Close,E01032714,Swindon 019E,Vehicle crime,Court result unavailable,
2282899e0b83b94e328c2e20a103a821b6c5cb0042b793a565f25c8a790ef566,2012-12,Wiltshire Police,Wiltshire Police,-1.778565,51.557905,On or near Durham Street,E01032714,Swindon 019E,Vehicle crime,Investigation complete; no suspect identified,
0c6e2e8423a92a53fe619a792996552caa3c4f6007a4db1e1addbfa798d508e7,2012-12,Wiltshire Police,Wiltshire Police,-1.782248,51.560088,On or near Regent Close,E01032714,Swindon 019E,Vehicle crime,Court result unavailable,
71507a2bb8d3f524e7c9b78d3f52829c1fe07e47e7b4f64338914f15d1f99099,2012-12,Wiltshire Police,Wiltshire Police,-1.782248,51.560088,On or near Regent Close,E01032714,Swindon 019E,Vehicle crime,Investigation complete; no suspect identified,
fc171dddd0bf95a6bad2b1612ebd5087f57eea5c1963c5a2021b669e9c3e08e1,2012-12,Wiltshire Police,Wiltshire Police,-1.782248,51.560088,On or near Regent Close,E01032714,Swindon 019E,Vehicle crime,Court result unavailable,
3adcd915c5526c32faf74694eb989ac7758a4261bde54dcbcaf1045eba4ea2c4,2012-12,Wiltshire Police,Wiltshire Police,-1.781712,51.560518,On or near Parking Area,E01032714,Swindon 019E,Vehicle crime,Investigation complete; no suspect identified,
536a2420f202ba52af926d755738b4b895d4a9168142550e0b4d6e06085282d1,2012-12,Wiltshire Police,Wiltshire Police,-1.783277,51.562068,On or near Parking Area,E01032714,Swindon 019E,Violent crime,Investigation complete; no suspect identified,
7076c3da86d0bb3267e23448a41729c841dc5b8c0ed5d95893cf5c12833c2d3c,2012-12,Wiltshire Police,Wiltshire Police,-1.778878,51.558958,On or near Wells Street,E01032714,Swindon 019E,Violent crime,Investigation complete; no suspect identified,
383bf0a86338c36f3d3baeee4220464c246c75d51bce9d17a5d0bc77349f860f,2012-12,Wiltshire Police,Wiltshire Police,-1.781431,51.558845,On or near Regent Circus,E01032714,Swindon 019E,Violent crime,Investigation complete; no suspect identified,
8ab7a43e4e9f9a8048d31858cbdd4f6faa744ee431de035de09277c5a685674a,2012-12,Wiltshire Police,Wiltshire Police,-1.782248,51.560088,On or near Regent Close,E01032714,Swindon 019E,Violent crime,Investigation complete; no suspect identified,
a3bb3ec25e5b9333427e3639ab9456b91ea3b5434c56b4abcde84dfd6f1900ab,2012-12,Wiltshire Police,Wiltshire Police,-1.781080,51.556975,On or near Rolleston Street,E01032714,Swindon 019E,Violent crime,Investigation complete; no suspect identified,
004b5062144a776997744a95324f9f2d632a8f9ec991e718fb5f7b15b67a752a,2012-12,Wiltshire Police,Wiltshire Police,-1.781080,51.556975,On or near Rolleston Street,E01032714,Swindon 019E,Violent crime,Investigation complete; no suspect identified,
95b98d982df0c342bddca5ab16beb0744e44c5873fd1ab09eac5374d23eeaf44,2012-12,Wiltshire Police,Wiltshire Police,-1.779354,51.561746,On or near Spring Close,E01032714,Swindon 019E,Other crime,Investigation complete; no suspect identified,
,2012-12,Wiltshire Police,Wiltshire Police,-1.778455,51.556862,On or near Dumbarton Terrace,E01032715,Swindon 019F,Anti-social behaviour,,
,2012-12,Wiltshire Police,Wiltshire Police,-1.778265,51.557437,On or near Belgrave Street,E01032715,Swindon 019F,Anti-social behaviour,,
,2012-12,Wiltshire Police,Wiltshire Police,-1.775054,51.553358,On or near Cricklade Street,E01032715,Swindon 019F,Anti-social behaviour,,
,2012-12,Wiltshire Police,Wiltshire Police,-1.776511,51.553145,On or near Albert Street,E01032715,Swindon 019F,Anti-social behaviour,,
,2012-12,Wiltshire Police,Wiltshire Police,-1.778073,51.555297,On or near Cannon Street,E01032715,Swindon 019F,Anti-social behaviour,,
,2012-12,Wiltshire Police,Wiltshire Police,-1.777688,51.554370,On or near King John Street,E01032715,Swindon 019F,Anti-social behaviour,,
,2012-12,Wiltshire Police,Wiltshire Police,-1.776768,51.553837,On or near Union Row,E01032715,Swindon 019F,Anti-social behaviour,,
,2012-12,Wiltshire Police,Wiltshire Police,-1.776768,51.553837,On or near Union Row,E01032715,Swindon 019F,Anti-social behaviour,,
,2012-12,Wiltshire Police,Wiltshire Police,-1.775054,51.553358,On or near Cricklade Street,E01032715,Swindon 019F,Anti-social behaviour,,
,2012-12,Wiltshire Police,Wiltshire Police,-1.776511,51.553145,On or near Albert Street,E01032715,Swindon 019F,Anti-social behaviour,,
,2012-12,Wiltshire Police,Wiltshire Police,-1.778426,51.553850,On or near Prospect Place,E01032715,Swindon 019F,Anti-social behaviour,,
82c97c1c6820b8b0f9c1f4c4096a72a41b0dacdc9504fb157e343e12ee8da451,2012-12,Wiltshire Police,Wiltshire Police,-1.778230,51.555710,On or near Victoria Road,E01032715,Swindon 019F,Burglary,Investigation complete; no suspect identified,
83220e1ed732b6f02bbc46187e3b70cef577a5948918e2452fe224fb442d35d6,2012-12,Wiltshire Police,Wiltshire Police,-1.777688,51.554370,On or near King John Street,E01032715,Swindon 019F,Burglary,Investigation complete; no suspect identified,
005c488e8cf1cfccbc14e7ca8ae268765790d18739eca3f5be83545021b1f6e1,2012-12,Wiltshire Police,Wiltshire Police,-1.778596,51.554533,On or near Union Street,E01032715,Swindon 019F,Criminal damage and arson,Offender fined,
3f799e8e7baec6be988b1b3932e2c07e2351908a948872f08f5b4eae4e3119a5,2012-12,Wiltshire Police,Wiltshire Police,-1.778596,51.554533,On or near Union Street,E01032715,Swindon 019F,Criminal damage and arson,Investigation complete; no suspect identified,
2c4a44d83cc007226d19574252b97cf4a9e7aa67bccacf290464d902917ab4cf,2012-12,Wiltshire Police,Wiltshire Police,-1.776511,51.553145,On or near Albert Street,E01032715,Swindon 019F,Criminal damage and arson,Investigation complete; no suspect identified,
2c307a3420f5eb04f9e09a0f0460b71895c963af770be42cb5aa61c0080facc5,2012-12,Wiltshire Police,Wiltshire Police,-1.778073,51.555297,On or near Cannon Street,E01032715,Swindon 019F,Drugs,Offender given community sentence,
f935c55307afe8e7abeef884b98af10a04413307dd23e71001432585cbe0c46d,2012-12,Wiltshire Police,Wiltshire Police,-1.776768,51.553837,On or near Union Row,E01032715,Swindon 019F,Other theft,Investigation complete; no suspect identified,
9e3aa98e0811c23b9258d3cb75ed2151de899dd92364173b2975ab36bd4599de,2012-12,Wiltshire Police,Wiltshire Police,-1.777778,51.553687,On or near Parking Area,E01032715,Swindon 019F,Other theft,Offender given community sentence,
8f62e38564c354a1ce7e24c2f3b97aca67a5ee7c89efaef96fb3234ed166b103,2012-12,Wiltshire Police,Wiltshire Police,-1.778265,51.557437,On or near Belgrave Street,E01032715,Swindon 019F,Other theft,Investigation complete; no suspect identified,
1e120cc8ab03daa008416e2510abfdeda3e4d4ad8dca539e535cd3cbbaf588a7,2012-12,Wiltshire Police,Wiltshire Police,-1.776511,51.553145,On or near Albert Street,E01032715,Swindon 019F,Other theft,Investigation complete; no suspect identified,
4578bd4d8ced3b4923d5b8030144228f5cbdcb8b53b530b68172a6b797ac7bb9,2012-12,Wiltshire Police,Wiltshire Police,-1.775859,51.553791,On or near Church Road,E01032715,Swindon 019F,Public disorder and weapons,Investigation complete; no suspect identified,
b7889c4ab40d0243d1ffa10b2aa15f518f7d9c9a52ac5c8ac7025ac9e043c31a,2012-12,Wiltshire Police,Wiltshire Police,-1.777778,51.553687,On or near Parking Area,E01032715,Swindon 019F,Shoplifting,Local resolution,
dad4ed54aeddf7212f87223500fdca1b4d4fc0d187457e9c1936f95d7a7f7661,2012-12,Wiltshire Police,Wiltshire Police,-1.777778,51.553687,On or near Parking Area,E01032715,Swindon 019F,Shoplifting,Investigation complete; no suspect identified,
f22f64b0685a443b04fc4b4f49b59ccd98dceb32229e4bd3ff7a67407a3a2789,2012-12,Wiltshire Police,Wiltshire Police,-1.777778,51.553687,On or near Parking Area,E01032715,Swindon 019F,Shoplifting,Offender given community sentence,
0163ab795c8aa327e73ce4b8923f02bbcbd5b46c523587a482d2154bed39c978,2012-12,Wiltshire Police,Wiltshire Police,-1.776768,51.553837,On or near Union Row,E01032715,Swindon 019F,Violent crime,Investigation complete; no suspect identified,
84ac2aca713f33f06e407098bb5d5826a08bcf409540b3aaaf946c5368297786,2012-12,Wiltshire Police,Wiltshire Police,-1.776768,51.553837,On or near Union Row,E01032715,Swindon 019F,Violent crime,Investigation complete; no suspect identified,
7383a02b63268a360f1ba8628ec70766f20af4b6a697693405a9f2a49ac4dcf3,2012-12,Wiltshire Police,Wiltshire Police,-1.777688,51.554370,On or near King John Street,E01032715,Swindon 019F,Violent crime,Investigation complete; no suspect identified,
,2012-12,Wiltshire Police,Wiltshire Police,-1.750286,51.556589,On or near Banwell Avenue,E01015537,Swindon 020A,Anti-social behaviour,,
,2012-12,Wiltshire Police,Wiltshire Police,-1.745629,51.556328,On or near Redruth Close,E01015537,Swindon 020A,Anti-social behaviour,,
,2012-12,Wiltshire Police,Wiltshire Police,-1.743437,51.558805,On or near Midhurst Avenue,E01015537,Swindon 020A,Anti-social behaviour,,
,2012-12,Wiltshire Police,Wiltshire Police,-1.750286,51.556589,On or near Banwell Avenue,E01015537,Swindon 020A,Anti-social behaviour,,
6064188675b1c78f787fe16e103080dea7276d17ed17ccc7b9bc5c9a4742f119,2012-12,Wiltshire Police,Wiltshire Police,-1.742979,51.558084,On or near Dawlish Road,E01015537,Swindon 020A,Criminal damage and arson,Offender given suspended prison sentence,
f8b7d3385d392cbb8cd26031402a44d22ec5cb0fd2256d2e517a899e6029f0e7,2012-12,Wiltshire Police,Wiltshire Police,-1.743672,51.560513,On or near Radstock Avenue,E01015537,Swindon 020A,Criminal damage and arson,Offender given a caution,
62064580766a225944f1f23147f1fe35bb6ad1ef0ab384cd85cd82a9b19c3c1c,2012-12,Wiltshire Police,Wiltshire Police,-1.742979,51.558084,On or near Dawlish Road,E01015537,Swindon 020A,Criminal damage and arson,Investigation complete; no suspect identified,
d6ff80847eefb8421f999d75c4aa3dfe86c1faa701e35bd2a9603436fb64cd6c,2012-12,Wiltshire Police,Wiltshire Police,-1.742979,51.558084,On or near Dawlish Road,E01015537,Swindon 020A,Drugs,Court result unavailable,
2c901c5da58f518f6c086740851b42bf4d6b096176f32e4b1ea274e66bcb7a85,2012-12,Wiltshire Police,Wiltshire Police,-1.749350,51.558979,On or near Draycott Close,E01015537,Swindon 020A,Other theft,Under investigation,
66a76908a012d8b9b00f71ffd2863acac7c2fd23d4fc27a20ad4adac326e8b1c,2012-12,Wiltshire Police,Wiltshire Police,-1.749350,51.558979,On or near Draycott Close,E01015537,Swindon 020A,Vehicle crime,Investigation complete; no suspect identified,
7be8635dbdf1b99a1392605f730f7053727cce26f6f56bfe034a9069ef544467,2012-12,Wiltshire Police,Wiltshire Police,-1.742979,51.558084,On or near Dawlish Road,E01015537,Swindon 020A,Violent crime,Offender given suspended prison sentence,
323d50f09eee3f122777c669fa9f8ffb9a884465424f99a4c3b534ecc13e4218,2012-12,Wiltshire Police,Wiltshire Police,-1.743672,51.560513,On or near Radstock Avenue,E01015537,Swindon 020A,Violent crime,Investigation complete; no suspect identified,
,2012-12,Wiltshire Police,Wiltshire Police,-1.743439,51.555739,On or near Honiton Road,E01015539,Swindon 020B,Anti-social behaviour,,
,2012-12,Wiltshire Police,Wiltshire Police,-1.748547,51.547567,On or near Farnborough Road,E01015539,Swindon 020B,Anti-social behaviour,,
,2012-12,Wiltshire Police,Wiltshire Police,-1.744732,51.551614,On or near Pakenham Road,E01015539,Swindon 020B,Anti-social behaviour,,
,2012-12,Wiltshire Police,Wiltshire Police,-1.743994,51.554652,On or near Beaufort Green,E01015539,Swindon 020B,Anti-social behaviour,,
,2012-12,Wiltshire Police,Wiltshire Police,-1.744732,51.551614,On or near Pakenham Road,E01015539,Swindon 020B,Anti-social behaviour,,
a31b40ef6a29ed85d3494f0e475ce6d401297684253cccf15219db808873779d,2012-12,Wiltshire Police,Wiltshire Police,-1.743994,51.554652,On or near Beaufort Green,E01015539,Swindon 020B,Criminal damage and arson,Court result unavailable,
8654184b8b46746d509de9af0cb213a343cbaf4653620baa74f42b6f1fcc8eaf,2012-12,Wiltshire Police,Wiltshire Police,-1.743584,51.553167,On or near Shaftesbury Avenue,E01015539,Swindon 020B,Violent crime,Investigation complete; no suspect identified,
,2012-12,Wiltshire Police,Wiltshire Police,-1.754260,51.552615,On or near Knowsley Road,E01015540,Swindon 020C,Anti-social behaviour,,
,2012-12,Wiltshire Police,Wiltshire Police,-1.752125,51.555290,On or near Axbridge Close,E01015540,Swindon 020C,Anti-social behaviour,,
,2012-12,Wiltshire Police,Wiltshire Police,-1.748221,51.554454,On or near Bridport Road,E01015540,Swindon 020C,Anti-social behaviour,,
,2012-12,Wiltshire Police,Wiltshire Police,-1.749149,51.556129,On or near Hartland Close,E01015540,Swindon 020C,Anti-social behaviour,,
,2012-12,Wiltshire Police,Wiltshire Police,-1.757322,51.554482,On or near Walton Close,E01015540,Swindon 020C,Anti-social behaviour,,
,2012-12,Wiltshire Police,Wiltshire Police,-1.754970,51.557256,On or near Bideford Close,E01015540,Swindon 020C,Anti-social behaviour,,
,2012-12,Wiltshire Police,Wiltshire Police,-1.749149,51.556129,On or near Hartland Close,E01015540,Swindon 020C,Anti-social behaviour,,
,2012-12,Wiltshire Police,Wiltshire Police,-1.752779,51.551658,On or near Wardley Close,E01015540,Swindon 020C,Anti-social behaviour,,
,2012-12,Wiltshire Police,Wiltshire Police,-1.754843,51.556779,On or near Helston Road,E01015540,Swindon 020C,Anti-social behaviour,,
bf3e1f5722dd7bee87296a5211ab528cbda13f57ff64fab2d8eeed1e6d5e7d05,2012-12,Wiltshire Police,Wiltshire Police,-1.754970,51.557256,On or near Bideford Close,E01015540,Swindon 020C,Criminal damage and arson,Investigation complete; no suspect identified,
e4e3881b777a5f4eec049b9ddd91c61c3a80ab1928d4579d53d7f22fd601f187,2012-12,Wiltshire Police,Wiltshire Police,-1.752779,51.551658,On or near Wardley Close,E01015540,Swindon 020C,Criminal damage and arson,Investigation complete; no suspect identified,
8514b8c07f96e317b8be35b44e9e32081d4e1730b7c201c84c709d95741e5fd6,2012-12,Wiltshire Police,Wiltshire Police,-1.754611,51.554315,On or near Colston Close,E01015540,Swindon 020C,Drugs,Offender given a drugs possession warning,
c372c432c04518952bb692b2820ac6fedaca860596b6ce461c693a352f7ca9d5,2012-12,Wiltshire Police,Wiltshire Police,-1.757815,51.553944,On or near Caxton Close,E01015540,Swindon 020C,Other theft,Investigation complete; no suspect identified,
47d2b33e25c9ed7e75c9c5714ff1a2ef587c2ac12e0d88870948c8cbde686e4c,2012-12,Wiltshire Police,Wiltshire Police,-1.757815,51.553944,On or near Caxton Close,E01015540,Swindon 020C,Other theft,Investigation complete; no suspect identified,
1918a283dce149e94d0292717a9992aa9161c76282e636bb9cf8545da3eb8d7a,2012-12,Wiltshire Police,Wiltshire Police,-1.749149,51.556129,On or near Hartland Close,E01015540,Swindon 020C,Other theft,Investigation complete; no suspect identified,
7744ae387ec41a74ffcdb4927d92afb56256dabe256db07da6e74579a95c37df,2012-12,Wiltshire Police,Wiltshire Police,-1.752125,51.555290,On or near Axbridge Close,E01015540,Swindon 020C,Other theft,Investigation complete; no suspect identified,
c59ab8a084c62aaa55b73783a037d2ecb9a6c9b39fc9d01c05ce3bcd4f882844,2012-12,Wiltshire Police,Wiltshire Police,-1.757322,51.554482,On or near Walton Close,E01015540,Swindon 020C,Other theft,Investigation complete; no suspect identified,
3d6b79f0d43fef5f7f89bdebaee26f9436bfd88ca707962c9df8cc6c5e511b60,2012-12,Wiltshire Police,Wiltshire Police,-1.748221,51.554454,On or near Bridport Road,E01015540,Swindon 020C,Public disorder and weapons,Investigation complete; no suspect identified,
ce0036367bc22bafc8fd91a9cda749b9eb378bfde35f0c948f97991a65581fff,2012-12,Wiltshire Police,Wiltshire Police,-1.755495,51.556277,On or near Bisley Close,E01015540,Swindon 020C,Vehicle crime,Investigation complete; no suspect identified,
79ad1ab7bdedfbe8303d123e8f98bdc83406bfc2b2a9a35138e46989f853973f,2012-12,Wiltshire Police,Wiltshire Police,-1.757815,51.553944,On or near Caxton Close,E01015540,Swindon 020C,Vehicle crime,Investigation complete; no suspect identified,
c787e22c77b8b2abdedf0e6ae460c9ae1443cce2cbcce2f460aba7439d1cc49f,2012-12,Wiltshire Police,Wiltshire Police,-1.757322,51.554482,On or near Walton Close,E01015540,Swindon 020C,Vehicle crime,Investigation complete; no suspect identified,
40e8785b525851c67c2a98f29e9fe19aaf5d3f61a5fa117a5ad1bf37b6ca2b5d,2012-12,Wiltshire Police,Wiltshire Police,-1.757815,51.553944,On or near Caxton Close,E01015540,Swindon 020C,Violent crime,Offender fined,
68f59ae049f4f6eb2e352d8c60eae50dc2d9fb9b10fb1410068ff9f0241e85f0,2012-12,Wiltshire Police,Wiltshire Police,-1.752125,51.555290,On or near Axbridge Close,E01015540,Swindon 020C,Violent crime,Investigation complete; no suspect identified,
e7882474e4abd80ccf8cb0d7d7beed19cbfda48818896d1b726100461084e1aa,2012-12,Wiltshire Police,Wiltshire Police,-1.757815,51.553944,On or near Caxton Close,E01015540,Swindon 020C,Violent crime,Offender fined,
6dd05fc8fa0cd06b16d2302d05eb6273a6ac3ad4057bbba59ad6b19cb3bc4a9d,2012-12,Wiltshire Police,Wiltshire Police,-1.757815,51.553944,On or near Caxton Close,E01015540,Swindon 020C,Other crime,Investigation complete; no suspect identified,
,2012-12,Wiltshire Police,Wiltshire Police,-1.746446,51.554513,On or near Bembridge Close,E01015541,Swindon 020D,Anti-social behaviour,,
,2012-12,Wiltshire Police,Wiltshire Police,-1.749656,51.553198,On or near Royston Road,E01015541,Swindon 020D,Anti-social behaviour,,
,2012-12,Wiltshire Police,Wiltshire Police,-1.749656,51.553198,On or near Royston Road,E01015541,Swindon 020D,Anti-social behaviour,,
,2012-12,Wiltshire Police,Wiltshire Police,-1.750015,51.550762,On or near Ainsworth Road,E01015541,Swindon 020D,Anti-social behaviour,,
64afab081064489be0869f8e02b59f5dbcf3335decfd347c7318f5130c811c45,2012-12,Wiltshire Police,Wiltshire Police,-1.746446,51.554513,On or near Bembridge Close,E01015541,Swindon 020D,Burglary,Investigation complete; no suspect identified,
5fce49dd7dd76851842a8ae8398d062b8362e5ba0b5e270303b89b58ed94b69d,2012-12,Wiltshire Police,Wiltshire Police,-1.746446,51.554513,On or near Bembridge Close,E01015541,Swindon 020D,Burglary,Investigation complete; no suspect identified,
9f45195e58fb7e28dce68a5585ce1f524c84c9e2d2302791cc291c2a20b2c91f,2012-12,Wiltshire Police,Wiltshire Police,-1.752624,51.551083,On or near Trentham Close,E01015541,Swindon 020D,Burglary,Investigation complete; no suspect identified,
848ddeb1cdac6e618706041bf00e501777fd7272774cf823c7766377a32a3f39,2012-12,Wiltshire Police,Wiltshire Police,-1.749656,51.553198,On or near Royston Road,E01015541,Swindon 020D,Drugs,Under investigation,
20e9626c5d4aa25f15a740c07da905189ce6324a79a462c028ce7b0e153ab52e,2012-12,Wiltshire Police,Wiltshire Police,-1.749659,51.552542,On or near Priory Road,E01015541,Swindon 020D,Drugs,Offender fined,
f474c1a47c1213864829a3735a7bad39bb794c6d1e2e75ac1a5e55b85195d3d7,2012-12,Wiltshire Police,Wiltshire Police,-1.749656,51.553198,On or near Royston Road,E01015541,Swindon 020D,Other theft,Local resolution,
593b583341f959892a8924ee62d266e6dff94af7f4439fbff83ea7c3292ae51c,2012-12,Wiltshire Police,Wiltshire Police,-1.750866,51.553498,On or near Supermarket,E01015541,Swindon 020D,Shoplifting,Local resolution,
28d81e86c004ba6faf11974e3493dbf7cc76d9a78221e2f1d050c97be09fb8e7,2012-12,Wiltshire Police,Wiltshire Police,-1.752214,51.549553,On or near Lawton Close,E01015541,Swindon 020D,Vehicle crime,Investigation complete; no suspect identified,
,2012-12,Wiltshire Police,Wiltshire Police,-1.754642,51.548641,On or near Davenham Close,E01015542,Swindon 020E,Anti-social behaviour,,
,2012-12,Wiltshire Police,Wiltshire Police,-1.757297,51.551065,On or near George Gay Gardens,E01015542,Swindon 020E,Anti-social behaviour,,
,2012-12,Wiltshire Police,Wiltshire Police,-1.757190,51.552117,On or near Leighton Avenue,E01015542,Swindon 020E,Anti-social behaviour,,
,2012-12,Wiltshire Police,Wiltshire Police,-1.755531,51.549506,On or near Grantley Close,E01015542,Swindon 020E,Anti-social behaviour,,
10a20e79d4374abb85cd8eaa0fa7a202f3f673791af99cbc5f190ddfeb003e8b,2012-12,Wiltshire Police,Wiltshire Police,-1.749313,51.547362,On or near Chesford Close,E01015542,Swindon 020E,Burglary,Under investigation,
b8580fb52f0b913318d5a6fea9b104b0bb385563e3071d6209d31f506d2749d4,2012-12,Wiltshire Police,Wiltshire Police,-1.749313,51.547362,On or near Chesford Close,E01015542,Swindon 020E,Criminal damage and arson,Investigation complete; no suspect identified,
7e8cbbe1316cc33ae71bf4e4fe92b147555c0ac56ce7f0b28158d8d657b4d354,2012-12,Wiltshire Police,Wiltshire Police,-1.755610,51.551008,On or near Wolsely Avenue,E01015542,Swindon 020E,Vehicle crime,Investigation complete; no suspect identified,
ac491c56b2e5e552cb769e9a74c783c54b978ac2af4d71f10efa1307bb9ada59,2012-12,Wiltshire Police,Wiltshire Police,-1.754583,51.551536,On or near Charfield Close,E01015542,Swindon 020E,Violent crime,Offender given a caution,
,2012-12,Wiltshire Police,Wiltshire Police,-1.799653,51.558060,On or near Nelson Street,E01015478,Swindon 021A,Anti-social behaviour,,
,2012-12,Wiltshire Police,Wiltshire Police,-1.798875,51.554669,On or near A3102,E01015478,Swindon 021A,Anti-social behaviour,,
d679e03d65f8774ca81cc57e56b05c00e2eea303ca20f62c427a0b650711ce91,2012-12,Wiltshire Police,Wiltshire Police,-1.799653,51.558060,On or near Nelson Street,E01015478,Swindon 021A,Criminal damage and arson,Investigation complete; no suspect identified,
4cb6e436c19a0bef284cf391868ce3f794456f248ef75c40e3f201705e8b651d,2012-12,Wiltshire Police,Wiltshire Police,-1.799653,51.558060,On or near Nelson Street,E01015478,Swindon 021A,Robbery,Investigation complete; no suspect identified,
ddf6c221a0b1334719a9da794fbc1178904431f3366c77e6b617d81b840e4054,2012-12,Wiltshire Police,Wiltshire Police,-1.805677,51.552639,On or near Tidworth Close,E01015478,Swindon 021A,Vehicle crime,Investigation complete; no suspect identified,
,2012-12,Wiltshire Police,Wiltshire Police,-1.793292,51.554947,On or near Exmouth Street,E01015498,Swindon 021B,Anti-social behaviour,,
,2012-12,Wiltshire Police,Wiltshire Police,-1.793292,51.554947,On or near Exmouth Street,E01015498,Swindon 021B,Anti-social behaviour,,
,2012-12,Wiltshire Police,Wiltshire Police,-1.793292,51.554947,On or near Exmouth Street,E01015498,Swindon 021B,Anti-social behaviour,,
53708a03a4607a4eaf14f19f47d26b5173796ddaa9db8d66e9d10414fa3e5df6,2012-12,Wiltshire Police,Wiltshire Police,-1.798818,51.554471,On or near Petrol Station,E01015498,Swindon 021B,Drugs,Offender given a drugs possession warning,
6cdf5befa3320a4003d4e282298f7a135bfbffc2587d87828b7448a82a78a469,2012-12,Wiltshire Police,Wiltshire Police,-1.798818,51.554471,On or near Petrol Station,E01015498,Swindon 021B,Drugs,Investigation complete; no suspect identified,
d34226300d7e37b88edc194c20ddc33dd5f4b865e742f7e642c47e52cbbfccde,2012-12,Wiltshire Police,Wiltshire Police,-1.796465,51.554817,On or near Erin Court,E01015498,Swindon 021B,Other theft,Investigation complete; no suspect identified,
23880fa591234f30b1e10fce23eebe956aa90a9cef21c6823431076c50431ccc,2012-12,Wiltshire Police,Wiltshire Police,-1.798509,51.552591,On or near Valleyside,E01015498,Swindon 021B,Vehicle crime,Court result unavailable,
7731e744e0a63b2c861e476d6388dec394de1b465507e7492f94b665153d49aa,2012-12,Wiltshire Police,Wiltshire Police,-1.793292,51.554947,On or near Exmouth Street,E01015498,Swindon 021B,Violent crime,Offender given a caution,
40cfb14d58cab5f2388dbfc25b5b71753e7d155b00a13106990b87ac77051e0d,2012-12,Wiltshire Police,Wiltshire Police,-1.798818,51.554471,On or near Petrol Station,E01015498,Swindon 021B,Other crime,Local resolution,
7c6dbeedb795d37f5653701d2a3976c5cfcb81284028099056a18d671e955039,2012-12,Wiltshire Police,Wiltshire Police,-1.798818,51.554471,On or near Petrol Station,E01015498,Swindon 021B,Other crime,Local resolution,
9b5ab8accb9a7e07160541826ee477daaaffedd8ca17cda7ade096036ee55ed0,2012-12,Wiltshire Police,Wiltshire Police,-1.798818,51.554471,On or near Petrol Station,E01015498,Swindon 021B,Other crime,Under investigation,
,2012-12,Wiltshire Police,Wiltshire Police,-1.781649,51.552615,On or near Bath Road,E01015532,Swindon 021D,Anti-social behaviour,,
89a21a560a7d04bf1dafcfea6cb8c667ea6263b72a980b95d161b5b369d0e25f,2012-12,Wiltshire Police,Wiltshire Police,-1.778244,51.549704,On or near Lethbridge Road,E01015532,Swindon 021D,Criminal damage and arson,Investigation complete; no suspect identified,
98af532eb3e4afabd8645b72b2422f4e6928bedbaa54bf52a5d64d1f8ce9c1c0,2012-12,Wiltshire Police,Wiltshire Police,-1.778566,51.551881,On or near The Shearings,E01015532,Swindon 021D,Other theft,Investigation complete; no suspect identified,
728c032cee49c782ede995a5f6e898ed8b6bae3b5585b3257f357244c7f694b2,2012-12,Wiltshire Police,Wiltshire Police,-1.781649,51.552615,On or near Bath Road,E01015532,Swindon 021D,Public disorder and weapons,Court case unable to proceed,
ba526acb2687725c886fc053adef94e0678ec3691d0f0d83fdab59603647f451,2012-12,Wiltshire Police,Wiltshire Police,-1.779132,51.551091,On or near Avenue Road,E01015532,Swindon 021D,Vehicle crime,Investigation complete; no suspect identified,
3d572ebe8eaddaf9a9ab58abeee15b8eb5eea7b5b2f73db83af72619201304be,2012-12,Wiltshire Police,Wiltshire Police,-1.777208,51.549352,On or near Devizes Road,E01015532,Swindon 021D,Violent crime,Offender given a caution,
7d700614766db35801f11879543614385df34c150460973da8feacf6ab013318,2012-12,Wiltshire Police,Wiltshire Police,-1.781649,51.552615,On or near Bath Road,E01015532,Swindon 021D,Violent crime,Local resolution,
,2012-12,Wiltshire Police,Wiltshire Police,-1.794788,51.549276,On or near Pasteur Drive,E01032706,Swindon 021E,Anti-social behaviour,,
,2012-12,Wiltshire Police,Wiltshire Police,-1.787448,51.552374,On or near Kingshill Road,E01032707,Swindon 021F,Anti-social behaviour,,
6aa6baf6012530fc6c5a20ea21215f49a2fd4bc01d18edc9c80ef9d71610b10d,2012-12,Wiltshire Police,Wiltshire Police,-1.789631,51.547963,On or near Roman Crescent,E01032707,Swindon 021F,Burglary,Investigation complete; no suspect identified,
f5b87525c5687789b8814cfc0f72a18fc82576c40fea0ee5247aa7e8dd21365f,2012-12,Wiltshire Police,Wiltshire Police,-1.787547,51.549721,On or near The Mall,E01032707,Swindon 021F,Other theft,Offender given a caution,
1e5b04930bf6584656612758d73b1ad993bf7263fcff00406002ae6853684b79,2012-12,Wiltshire Police,Wiltshire Police,-1.787547,51.549721,On or near The Mall,E01032707,Swindon 021F,Other theft,Investigation complete; no suspect identified,
ed6faf3db35340625f91d0f1aec1b15758231be31eba7261d740983a3da101af,2012-12,Wiltshire Police,Wiltshire Police,-1.787547,51.549721,On or near The Mall,E01032707,Swindon 021F,Other theft,Investigation complete; no suspect identified,
158b459c126796d12e1f3605fad544dc70286831455da6ce6983b829d81974af,2012-12,Wiltshire Police,Wiltshire Police,-1.787448,51.552374,On or near Kingshill Road,E01032707,Swindon 021F,Vehicle crime,Offender given community sentence,
,2012-12,Wiltshire Police,Wiltshire Police,-1.832592,51.548140,On or near Lambert Close,E01015501,Swindon 022A,Anti-social behaviour,,
17f6cd7b2bb59b5b46cdd82b0ee837fbaab61ebbfd6de6f7f06ee97113e49a7a,2012-12,Wiltshire Police,Wiltshire Police,-1.831562,51.549784,On or near Edgehill,E01015501,Swindon 022A,Criminal damage and arson,Investigation complete; no suspect identified,
dca8ff6c1cb8eeb23df5b6d6af85d6c811dbc99b575b9fc2909e355aa007800a,2012-12,Wiltshire Police,Wiltshire Police,-1.836055,51.547695,On or near Nantwich,E01015501,Swindon 022A,Violent crime,Investigation complete; no suspect identified,
,2012-12,Wiltshire Police,Wiltshire Police,-1.833396,51.552969,On or near Freshbrook Way,E01015502,Swindon 022B,Anti-social behaviour,,
739f05d07b8a3c5f2ffdfcd9413e035a2fa6140a229747f23a390c8dfdf2548b,2012-12,Wiltshire Police,Wiltshire Police,-1.836198,51.556003,On or near Castle Dore,E01015502,Swindon 022B,Violent crime,Court case unable to proceed,
,2012-12,Wiltshire Police,Wiltshire Police,-1.837053,51.550664,On or near Cottington Close,E01015503,Swindon 022C,Anti-social behaviour,,
,2012-12,Wiltshire Police,Wiltshire Police,-1.837053,51.550664,On or near Cottington Close,E01015503,Swindon 022C,Anti-social behaviour,,
,2012-12,Wiltshire Police,Wiltshire Police,-1.837053,51.550664,On or near Cottington Close,E01015503,Swindon 022C,Anti-social behaviour,,
,2012-12,Wiltshire Police,Wiltshire Police,-1.838410,51.550378,On or near Sports/Recreation Area,E01015503,Swindon 022C,Anti-social behaviour,,
,2012-12,Wiltshire Police,Wiltshire Police,-1.837117,51.548946,On or near Pendennis Road,E01015503,Swindon 022C,Anti-social behaviour,,
,2012-12,Wiltshire Police,Wiltshire Police,-1.837053,51.550664,On or near Cottington Close,E01015503,Swindon 022C,Anti-social behaviour,,
,2012-12,Wiltshire Police,Wiltshire Police,-1.837053,51.550664,On or near Cottington Close,E01015503,Swindon 022C,Anti-social behaviour,,
,2012-12,Wiltshire Police,Wiltshire Police,-1.837053,51.550664,On or near Cottington Close,E01015503,Swindon 022C,Anti-social behaviour,,
5e7e81f26840d9eafd33855ccd2a222cfeffd470e2e6ec740324f4d51e849bc4,2012-12,Wiltshire Police,Wiltshire Police,-1.838410,51.550378,On or near Sports/Recreation Area,E01015503,Swindon 022C,Criminal damage and arson,Investigation complete; no suspect identified,
bf39f11b76f58a6c0f24e582694e4fbeb1937015f3abd6f82987767973bfbfef,2012-12,Wiltshire Police,Wiltshire Police,-1.837053,51.550664,On or near Cottington Close,E01015503,Swindon 022C,Other theft,Investigation complete; no suspect identified,
,2012-12,Wiltshire Police,Wiltshire Police,-1.830386,51.559511,On or near Parking Area,E01015569,Swindon 022D,Anti-social behaviour,,
,2012-12,Wiltshire Police,Wiltshire Police,-1.826866,51.559605,On or near Corton Crescent,E01015569,Swindon 022D,Anti-social behaviour,,
,2012-12,Wiltshire Police,Wiltshire Police,-1.830386,51.559511,On or near Parking Area,E01015569,Swindon 022D,Anti-social behaviour,,
,2012-12,Wiltshire Police,Wiltshire Police,-1.830386,51.559511,On or near Parking Area,E01015569,Swindon 022D,Anti-social behaviour,,
,2012-12,Wiltshire Police,Wiltshire Police,-1.830386,51.559511,On or near Parking Area,E01015569,Swindon 022D,Anti-social behaviour,,
,2012-12,Wiltshire Police,Wiltshire Police,-1.830407,51.553945,On or near Freshbrook Way,E01015569,Swindon 022D,Anti-social behaviour,,
,2012-12,Wiltshire Police,Wiltshire Police,-1.829942,51.551112,On or near Alnwick,E01015569,Swindon 022D,Anti-social behaviour,,
,2012-12,Wiltshire Police,Wiltshire Police,-1.830386,51.559511,On or near Parking Area,E01015569,Swindon 022D,Anti-social behaviour,,
,2012-12,Wiltshire Police,Wiltshire Police,-1.830386,51.559511,On or near Parking Area,E01015569,Swindon 022D,Anti-social behaviour,,
,2012-12,Wiltshire Police,Wiltshire Police,-1.830386,51.559511,On or near Parking Area,E01015569,Swindon 022D,Anti-social behaviour,,
,2012-12,Wiltshire Police,Wiltshire Police,-1.830386,51.559511,On or near Parking Area,E01015569,Swindon 022D,Anti-social behaviour,,
a340a286dec14dc2a8cbcfb091933ee3802fd9b860f87852f641ddf43ffdf788,2012-12,Wiltshire Police,Wiltshire Police,-1.828772,51.559131,On or near Shopping Area,E01015569,Swindon 022D,Criminal damage and arson,Investigation complete; no suspect identified,
f5ae5e5eb53ae099809cb69e2f2ca1ea5c6af611333132604833bc73372d727d,2012-12,Wiltshire Police,Wiltshire Police,-1.830386,51.559511,On or near Parking Area,E01015569,Swindon 022D,Criminal damage and arson,Under investigation,
9a964e7e5dd46893605a3f389f6440665db531663eb57488e7951c57ede68021,2012-12,Wiltshire Police,Wiltshire Police,-1.826866,51.559605,On or near Corton Crescent,E01015569,Swindon 022D,Criminal damage and arson,Investigation complete; no suspect identified,
961535208ab9c9f1c1e9fb2c086f5de1addee273ea6c50c21305f7f7bba8ac42,2012-12,Wiltshire Police,Wiltshire Police,-1.826962,51.557168,On or near Ashington Way,E01015569,Swindon 022D,Drugs,Offender given a drugs possession warning,
c9d844c196f5347e3afcd0b0034baeda9e08d542161053f8ba2b94a1741d1602,2012-12,Wiltshire Police,Wiltshire Police,-1.828772,51.559131,On or near Shopping Area,E01015569,Swindon 022D,Other theft,Investigation complete; no suspect identified,
2ea1d84d8ab832e00354944c336267baedfe22914dc528939bd81c65928a4f7d,2012-12,Wiltshire Police,Wiltshire Police,-1.830386,51.559511,On or near Parking Area,E01015569,Swindon 022D,Other theft,Investigation complete; no suspect identified,
be070aed0266575af98591b5c884928ee4867023b83e53cfd54dc95961679684,2012-12,Wiltshire Police,Wiltshire Police,-1.833140,51.555873,On or near Rowton Heath Way,E01015569,Swindon 022D,Other theft,Investigation complete; no suspect identified,
992b5f8bd5791dbc0efc26de29e21ac7c240f748c532335ec6b2f7feddc0cb44,2012-12,Wiltshire Police,Wiltshire Police,-1.828772,51.559131,On or near Shopping Area,E01015569,Swindon 022D,Other theft,Investigation complete; no suspect identified,
a011c04ccc88bbfbdfcbd22abf248b749475c999eab3d25f85461154a0b9574a,2012-12,Wiltshire Police,Wiltshire Police,-1.826866,51.559605,On or near Corton Crescent,E01015569,Swindon 022D,Public disorder and weapons,Court result unavailable,
883e51cfca52dbf27e39cc35b21a448a0e684d64261accc259be5bb34715faff,2012-12,Wiltshire Police,Wiltshire Police,-1.828772,51.559131,On or near Shopping Area,E01015569,Swindon 022D,Shoplifting,Local resolution,
0138f8f5425ae8b75a9e51e1d9a34546462e447e08d3e40d28e4891bef3b4cf1,2012-12,Wiltshire Police,Wiltshire Police,-1.828772,51.559131,On or near Shopping Area,E01015569,Swindon 022D,Shoplifting,Offender fined,
f7a831e1fa98e1a9aecd028fedbd99453970938e16ae844b40d4f261c1945d20,2012-12,Wiltshire Police,Wiltshire Police,-1.828772,51.559131,On or near Shopping Area,E01015569,Swindon 022D,Shoplifting,Local resolution,
58defe5092ade85d5731c8475be33aa933befe0648459d9d5bb6c458a5c46163,2012-12,Wiltshire Police,Wiltshire Police,-1.828772,51.559131,On or near Shopping Area,E01015569,Swindon 022D,Shoplifting,Defendant found not guilty,
54ed17392dee21d63b9c76b8e5dac5a500ddb3dcdfeff02f2f585a919ed515e0,2012-12,Wiltshire Police,Wiltshire Police,-1.828772,51.559131,On or near Shopping Area,E01015569,Swindon 022D,Shoplifting,Local resolution,
8969ea9c6b264006e1895052d1b58c1460a345cb2c13cd03c81a90a7f86ee4b7,2012-12,Wiltshire Police,Wiltshire Police,-1.828772,51.559131,On or near Shopping Area,E01015569,Swindon 022D,Shoplifting,Offender given community sentence,
a3d7e6e9ac715304efc20618377ba5513344bf66bbcb7b433053589f19be8a1b,2012-12,Wiltshire Police,Wiltshire Police,-1.828772,51.559131,On or near Shopping Area,E01015569,Swindon 022D,Shoplifting,Offender given a caution,
f9558d6f388fbaa78bbf3a2f230e0b5e8281eca1d86676d4e2a27560dc557f3f,2012-12,Wiltshire Police,Wiltshire Police,-1.828772,51.559131,On or near Shopping Area,E01015569,Swindon 022D,Violent crime,Defendant found not guilty,
0ee4aa11a7d7883cd16fca2fd092a22775ca1ffa06c13b5ec84ebef37ff504b4,2012-12,Wiltshire Police,Wiltshire Police,-1.830768,51.557659,On or near Parking Area,E01015569,Swindon 022D,Violent crime,Offender given a caution,
af3069b7b8868762c160bab1b7c0426715eef5db78593069d99d70364f558906,2012-12,Wiltshire Police,Wiltshire Police,-1.828772,51.559131,On or near Shopping Area,E01015569,Swindon 022D,Violent crime,Offender given community sentence,
1c922e4c51a670309d2281870068359c701c9e3e48e199850c4211557291ebef,2012-12,Wiltshire Police,Wiltshire Police,-1.830386,51.559511,On or near Parking Area,E01015569,Swindon 022D,Other crime,Investigation complete; no suspect identified,
,2012-12,Wiltshire Police,Wiltshire Police,-1.820361,51.552087,On or near Beaulieu Close,E01015570,Swindon 022E,Anti-social behaviour,,
,2012-12,Wiltshire Police,Wiltshire Police,-1.820361,51.552087,On or near Beaulieu Close,E01015570,Swindon 022E,Anti-social behaviour,,
,2012-12,Wiltshire Police,Wiltshire Police,-1.828406,51.553043,On or near Westminster Road,E01015570,Swindon 022E,Anti-social behaviour,,
,2012-12,Wiltshire Police,Wiltshire Police,-1.820361,51.552087,On or near Beaulieu Close,E01015570,Swindon 022E,Anti-social behaviour,,
,2012-12,Wiltshire Police,Wiltshire Police,-1.826161,51.555351,On or near Conisborough,E01015570,Swindon 022E,Anti-social behaviour,,
,2012-12,Wiltshire Police,Wiltshire Police,-1.820361,51.552087,On or near Beaulieu Close,E01015570,Swindon 022E,Anti-social behaviour,,
,2012-12,Wiltshire Police,Wiltshire Police,-1.820361,51.552087,On or near Beaulieu Close,E01015570,Swindon 022E,Anti-social behaviour,,
,2012-12,Wiltshire Police,Wiltshire Police,-1.820361,51.552087,On or near Beaulieu Close,E01015570,Swindon 022E,Anti-social behaviour,,
,2012-12,Wiltshire Police,Wiltshire Police,-1.821264,51.553527,On or near Parking Area,E01015570,Swindon 022E,Anti-social behaviour,,
a9a0372cb2a43ca24bdc0036e86dc88588895c2a103e746f48b5eb718f994a01,2012-12,Wiltshire Police,Wiltshire Police,-1.823613,51.554151,On or near Oakham Close,E01015570,Swindon 022E,Criminal damage and arson,Investigation complete; no suspect identified,
3a28d32869730d7cba61ca3744f3b693538364d740663bb68041f2ec97ab67de,2012-12,Wiltshire Police,Wiltshire Police,-1.828406,51.553043,On or near Westminster Road,E01015570,Swindon 022E,Criminal damage and arson,Offender given community sentence,
345a820359626e45af4381f963f22f8f1ca8710975a4158c9c0c70ae49f99f51,2012-12,Wiltshire Police,Wiltshire Police,-1.820361,51.552087,On or near Beaulieu Close,E01015570,Swindon 022E,Drugs,Offender given a drugs possession warning,
caca3fbb899fd5d731fa8ce80387f0c0ea54314899f6f05059e27e621924583b,2012-12,Wiltshire Police,Wiltshire Police,-1.824969,51.554117,On or near Kirkstall Close,E01015570,Swindon 022E,Public disorder and weapons,Offender ordered to pay compensation,
c52264d1e7c705a2c8f5223ca5204205174c901e0731384d78acb12242626d9a,2012-12,Wiltshire Police,Wiltshire Police,-1.822349,51.556370,On or near Park Springs,E01015570,Swindon 022E,Vehicle crime,Investigation complete; no suspect identified,
9d1cf9dfbbb15426506d9adc571d0858af2714bb3ac0b0672caab749315cd876,2012-12,Wiltshire Police,Wiltshire Police,-1.825528,51.554972,On or near Stokesay Drive,E01015570,Swindon 022E,Violent crime,Investigation complete; no suspect identified,
77f8f2614ed198ea14e0e09fe8bde20d1cafd49b40e52f8c40bc3c510532b087,2012-12,Wiltshire Police,Wiltshire Police,-1.824969,51.554117,On or near Kirkstall Close,E01015570,Swindon 022E,Violent crime,Investigation complete; no suspect identified,
e4760177b7fe5015fb08b79f428e29b5875ae411dd5946428d8ba4a111bdad84,2012-12,Wiltshire Police,Wiltshire Police,-1.824969,51.554117,On or near Kirkstall Close,E01015570,Swindon 022E,Violent crime,Offender given community sentence,
,2012-12,Wiltshire Police,Wiltshire Police,-1.817387,51.552856,On or near Shelfinch,E01015571,Swindon 022F,Anti-social behaviour,,
,2012-12,Wiltshire Police,Wiltshire Police,-1.825422,51.548822,On or near Tattershall,E01015571,Swindon 022F,Anti-social behaviour,,
,2012-12,Wiltshire Police,Wiltshire Police,-1.825422,51.548822,On or near Tattershall,E01015571,Swindon 022F,Anti-social behaviour,,
930bb63f70c1f18a90e380fbf9a584cc5d7cdd4adc9c89ef5314140b063333cb,2012-12,Wiltshire Police,Wiltshire Police,-1.826608,51.551584,On or near Icomb Close,E01015571,Swindon 022F,Vehicle crime,Investigation complete; no suspect identified,
dcf23b10a93fc2a1c937b32c4351886b43d8ac0e6657739ea94763ffffe989d9,2012-12,Wiltshire Police,Wiltshire Police,-1.823775,51.549539,On or near Wallingford Close,E01015571,Swindon 022F,Violent crime,Investigation complete; no suspect identified,
2127b965c4d7691a497c6c6ee0947183bada3c839f273c55ad994bb0d50696cd,2012-12,Wiltshire Police,Wiltshire Police,-1.823775,51.549539,On or near Wallingford Close,E01015571,Swindon 022F,Violent crime,Defendant found not guilty,
83744db493392677daba14e45c7f73bbaea5d869788210e357617a5e7e2aed91,2012-12,Wiltshire Police,Wiltshire Police,-1.823775,51.549539,On or near Wallingford Close,E01015571,Swindon 022F,Violent crime,Defendant found not guilty,
3df041866fe04a61fef6f8e2edfcc0b4f74e5a62c665caaa17269c7880165681,2012-12,Wiltshire Police,Wiltshire Police,-1.823775,51.549539,On or near Wallingford Close,E01015571,Swindon 022F,Violent crime,Offender ordered to pay compensation,
bf2e5779eb048b193a9fca1e4b6849b6faa4b9ecaf41b2589bd633a2eac896b2,2012-12,Wiltshire Police,Wiltshire Police,-1.823775,51.549539,On or near Wallingford Close,E01015571,Swindon 022F,Violent crime,Offender ordered to pay compensation,
23001e90b0df3579ceeea723cf3d7afaccd805aee8e536886885e445ade4cfa7,2012-12,Wiltshire Police,Wiltshire Police,-1.823775,51.549539,On or near Wallingford Close,E01015571,Swindon 022F,Violent crime,Defendant found not guilty,
,2012-12,Wiltshire Police,Wiltshire Police,-1.740432,51.549483,On or near Overbrook,E01015487,Swindon 023A,Anti-social behaviour,,
b2d01c48f0384c2e040b76f4d56f0777540193af8c0fec6548a673f2420d93b6,2012-12,Wiltshire Police,Wiltshire Police,-1.740752,51.551561,On or near Waldron Close,E01015487,Swindon 023A,Criminal damage and arson,Investigation complete; no suspect identified,
774d33582e3630c6958dcb27cf2fc739e1612339945e44e271a1c5bdec617f92,2012-12,Wiltshire Police,Wiltshire Police,-1.740432,51.549483,On or near Overbrook,E01015487,Swindon 023A,Criminal damage and arson,Under investigation,
9f6ba73121eca35b842f9240ef8be9396481cd16a00df5c030735411b9162e96,2012-12,Wiltshire Police,Wiltshire Police,-1.740089,51.553861,On or near Karslake Close,E01015487,Swindon 023A,Robbery,Investigation complete; no suspect identified,
ed6f31750f102509cbadc18e14cb66877983a68e819c48e7482279d8a60249ce,2012-12,Wiltshire Police,Wiltshire Police,-1.736493,51.549780,On or near Garfield Close,E01015487,Swindon 023A,Violent crime,Offender given conditional discharge,
08c742013303113cdb542c166efa4f13c180ef0c7bd3cdb6d78998b8f1627f49,2012-12,Wiltshire Police,Wiltshire Police,-1.737933,51.552633,On or near Blackstone Avenue,E01015487,Swindon 023A,Violent crime,Investigation complete; no suspect identified,
,2012-12,Wiltshire Police,Wiltshire Police,-1.723039,51.551862,On or near Police Station,E01015488,Swindon 023B,Anti-social behaviour,,
,2012-12,Wiltshire Police,Wiltshire Police,-1.730304,51.550018,On or near Anderson Close,E01015488,Swindon 023B,Anti-social behaviour,,
,2012-12,Wiltshire Police,Wiltshire Police,-1.730057,51.547859,On or near Supermarket,E01015488,Swindon 023B,Anti-social behaviour,,
,2012-12,Wiltshire Police,Wiltshire Police,-1.729963,51.549127,On or near Upfield,E01015488,Swindon 023B,Anti-social behaviour,,
,2012-12,Wiltshire Police,Wiltshire Police,-1.729963,51.549127,On or near Upfield,E01015488,Swindon 023B,Anti-social behaviour,,
,2012-12,Wiltshire Police,Wiltshire Police,-1.730304,51.550018,On or near Anderson Close,E01015488,Swindon 023B,Anti-social behaviour,,
7cbc22bebaaea6d43b72dcf3ac0924e57283963dce10983b4c46abe5875937bc,2012-12,Wiltshire Police,Wiltshire Police,-1.730304,51.550018,On or near Anderson Close,E01015488,Swindon 023B,Burglary,Investigation complete; no suspect identified,
28723dc51d50e8f2e52f9ff36918d8559e563c1523c033bfebbb086c372c9318,2012-12,Wiltshire Police,Wiltshire Police,-1.729192,51.550357,On or near Mackenzie Close,E01015488,Swindon 023B,Burglary,Investigation complete; no suspect identified,
12a774dfd3191b4bb14ee0eca027ed0e22e27b48abcafc7aa5beb0fd42f20098,2012-12,Wiltshire Police,Wiltshire Police,-1.730304,51.550018,On or near Anderson Close,E01015488,Swindon 023B,Burglary,Investigation complete; no suspect identified,
8edc2220edacaca97e8fcbfd7900e981b50899dc02a672d28ba195fb5f1df6fe,2012-12,Wiltshire Police,Wiltshire Police,-1.731763,51.549607,On or near Boldrewood,E01015488,Swindon 023B,Criminal damage and arson,Investigation complete; no suspect identified,
718c402041ce88c28ba98412545e89c1e7012d4b15b5f3990061d29f35522579,2012-12,Wiltshire Police,Wiltshire Police,-1.728585,51.553026,On or near Jacobs Walk,E01015488,Swindon 023B,Other theft,Investigation complete; no suspect identified,
cb594e4ae9fdc4e31d7f70860130481e4d782a76d4dd12c69b84949c02d0c362,2012-12,Wiltshire Police,Wiltshire Police,-1.723039,51.551862,On or near Police Station,E01015488,Swindon 023B,Other theft,Offender given community sentence,
6142bce2acba856519d6e7747bdf166e739ff852945a8c777efcee2f5ef910dd,2012-12,Wiltshire Police,Wiltshire Police,-1.729462,51.551005,On or near Austen Crescent,E01015488,Swindon 023B,Vehicle crime,Investigation complete; no suspect identified,
9cc833be80d8164bb5bbddb6f775a7bccca45ef1f5eba86df2cbd33536b0c19a,2012-12,Wiltshire Police,Wiltshire Police,-1.730304,51.550018,On or near Anderson Close,E01015488,Swindon 023B,Violent crime,Offender given community sentence,
9b0cf3f96d14a784a6f404eaa7597245868f94a76b3b34751f15426099bee2ad,2012-12,Wiltshire Police,Wiltshire Police,-1.728585,51.553026,On or near Jacobs Walk,E01015488,Swindon 023B,Violent crime,Defendant found not guilty,
,2012-12,Wiltshire Police,Wiltshire Police,-1.728595,51.546435,On or near Barrington Close,E01015489,Swindon 023C,Anti-social behaviour,,
f829e4be458bb9dc91bff353735d9094f66127077bb115ed113b2439f7d45728,2012-12,Wiltshire Police,Wiltshire Police,-1.732111,51.551829,On or near Carroll Close,E01015489,Swindon 023C,Burglary,Investigation complete; no suspect identified,
10de709eeb1b358dff2933f3e4303edf1dfbb93bd8d1b456a2f84adfb970ce20,2012-12,Wiltshire Police,Wiltshire Police,-1.736021,51.546587,On or near Okebourne Park,E01015489,Swindon 023C,Burglary,Investigation complete; no suspect identified,
69c78610e89636730d5517dd89485cfb0cb1e8bcbe4dfc9337f3900a77b58cb5,2012-12,Wiltshire Police,Wiltshire Police,-1.729810,51.543462,On or near Hollins Moor,E01015489,Swindon 023C,Drugs,Offender given a drugs possession warning,
9a0b188df409864db4e3a9a2b6b1cebd0a31f28b0c76f3a92e0c7905a0e51ac8,2012-12,Wiltshire Police,Wiltshire Police,-1.728286,51.545041,On or near Tryon Close,E01015489,Swindon 023C,Vehicle crime,Investigation complete; no suspect identified,
4b5520568678c50dd354ba602b84461c771bb4de865c8b6fd68c285dd157c471,2012-12,Wiltshire Police,Wiltshire Police,-1.731526,51.550713,On or near Bronte Close,E01015489,Swindon 023C,Vehicle crime,Investigation complete; no suspect identified,
,2012-12,Wiltshire Police,Wiltshire Police,-1.722805,51.545208,On or near Arnfield Moor,E01015490,Swindon 023D,Anti-social behaviour,,
ac6a907530e0257be055a100414ba3d0f478448c850a8c8b21aa79c402170d5b,2012-12,Wiltshire Police,Wiltshire Police,-1.725355,51.545618,On or near Tansley Moor,E01015490,Swindon 023D,Burglary,Investigation complete; no suspect identified,
,2012-12,Wiltshire Police,Wiltshire Police,-1.729675,51.554080,On or near Galsworthy Close,E01015491,Swindon 023E,Anti-social behaviour,,
2fe9d77c99650cb5fc57aeeece756521f542ae79b873342e0dc94a3e7f28580f,2012-12,Wiltshire Police,Wiltshire Police,-1.735147,51.555576,On or near Charles Macpherson Gardens,E01015491,Swindon 023E,Burglary,Investigation complete; no suspect identified,
87c2cd860ff1b7a4e39f86942b1b04e56d0bec1481052b57c73d11f0a5378697,2012-12,Wiltshire Police,Wiltshire Police,-1.730474,51.553102,On or near Wainwright Close,E01015491,Swindon 023E,Burglary,Investigation complete; no suspect identified,
8b8231b7a7a98dfa620c59bdbd849eeca38ae2fe6d7b775ec92b9717311c595c,2012-12,Wiltshire Police,Wiltshire Police,-1.737741,51.555852,On or near Collingsmead,E01015491,Swindon 023E,Burglary,Investigation complete; no suspect identified,
029b027d6cc22cecbcbb659866c49972995f3cf5ee7bba8f0edf46e73e74a4e4,2012-12,Wiltshire Police,Wiltshire Police,-1.740380,51.556091,On or near Aymer Place,E01015491,Swindon 023E,Burglary,Offender otherwise dealt with,
ba427363c1cd13d74eb3dd038b9c9b54319303c2aebfd1084b95711da48facd1,2012-12,Wiltshire Police,Wiltshire Police,-1.731805,51.552413,On or near Norwood Close,E01015491,Swindon 023E,Burglary,Investigation complete; no suspect identified,
8e22c1e39f3b4f442a7a0773a2ad0181a116b65833377e2cf09c3890c48efec4,2012-12,Wiltshire Police,Wiltshire Police,-1.729675,51.554080,On or near Galsworthy Close,E01015491,Swindon 023E,Criminal damage and arson,Investigation complete; no suspect identified,
2c4b02c491b4f5e82d3b93313f46e8bc59f2f9fcfd1c66debf553270e834fefb,2012-12,Wiltshire Police,Wiltshire Police,-1.734775,51.554955,On or near Eldene Drive,E01015491,Swindon 023E,Other theft,Investigation complete; no suspect identified,
9269c9469ad14861d0b969f69c7cba6526cdd3fce8ad1bc26a13a1f5d6ff1575,2012-12,Wiltshire Police,Wiltshire Police,-1.729675,51.554080,On or near Galsworthy Close,E01015491,Swindon 023E,Vehicle crime,Investigation complete; no suspect identified,
1fd46a7402a7a8f0e9ea201a5dfc4cd89834bf3c396feffd346c84b1c00a9daf,2012-12,Wiltshire Police,Wiltshire Police,-1.739835,51.555461,On or near Acorn Close,E01015491,Swindon 023E,Vehicle crime,Investigation complete; no suspect identified,
,2012-12,Wiltshire Police,Wiltshire Police,-1.733528,51.558540,On or near Bowleymead,E01015492,Swindon 023F,Anti-social behaviour,,
,2012-12,Wiltshire Police,Wiltshire Police,-1.733528,51.558540,On or near Bowleymead,E01015492,Swindon 023F,Anti-social behaviour,,
,2012-12,Wiltshire Police,Wiltshire Police,-1.735884,51.555344,On or near Parking Area,E01015492,Swindon 023F,Anti-social behaviour,,
,2012-12,Wiltshire Police,Wiltshire Police,-1.733528,51.558540,On or near Bowleymead,E01015492,Swindon 023F,Anti-social behaviour,,
,2012-12,Wiltshire Police,Wiltshire Police,-1.734375,51.556869,On or near Stubsmead,E01015492,Swindon 023F,Anti-social behaviour,,
,2012-12,Wiltshire Police,Wiltshire Police,-1.737421,51.558890,On or near Elmore,E01015492,Swindon 023F,Anti-social behaviour,,
,2012-12,Wiltshire Police,Wiltshire Police,-1.733528,51.558540,On or near Bowleymead,E01015492,Swindon 023F,Anti-social behaviour,,
55d10198a60f2f5f0e34a4907188f81028c31e47ddf0f41c75d4eb6821ab5692,2012-12,Wiltshire Police,Wiltshire Police,-1.734375,51.556869,On or near Stubsmead,E01015492,Swindon 023F,Burglary,Investigation complete; no suspect identified,
31291dedaa81112dc6faeb1af764602a34074547652a38f0ce435cc34e5bd48b,2012-12,Wiltshire Police,Wiltshire Police,-1.733528,51.558540,On or near Bowleymead,E01015492,Swindon 023F,Burglary,Under investigation,
7396b5322159af5e9c1548b7c699d47b0aaf3c423cfb23a66720ab613274c2ac,2012-12,Wiltshire Police,Wiltshire Police,-1.732710,51.557837,On or near Pedestrian Subway,E01015492,Swindon 023F,Burglary,Investigation complete; no suspect identified,
485e792815b249828c5f8d4139c62968c20240a1de9629f80464c5cbbf1c08fd,2012-12,Wiltshire Police,Wiltshire Police,-1.733528,51.558540,On or near Bowleymead,E01015492,Swindon 023F,Burglary,Under investigation,
7a1c8954c9bb8dfac534db4f3c7b4ecef4a03189a7b4657dee06583af6845a79,2012-12,Wiltshire Police,Wiltshire Police,-1.734375,51.556869,On or near Stubsmead,E01015492,Swindon 023F,Burglary,Investigation complete; no suspect identified,
f3498e55c30b487b1d514a22ab945951517d594de328aab44ac33a6ca298daad,2012-12,Wiltshire Police,Wiltshire Police,-1.733528,51.558540,On or near Bowleymead,E01015492,Swindon 023F,Burglary,Investigation complete; no suspect identified,
bf2744ebdfdbd20c7117369f704f320fa56e65a4a5b7a6551228813a88934c5d,2012-12,Wiltshire Police,Wiltshire Police,-1.733528,51.558540,On or near Bowleymead,E01015492,Swindon 023F,Burglary,Investigation complete; no suspect identified,
140c33c8efa8940320e5e880ab8238683c42449c2aa49a6cc843729541e4da66,2012-12,Wiltshire Police,Wiltshire Police,-1.733528,51.558540,On or near Bowleymead,E01015492,Swindon 023F,Burglary,Investigation complete; no suspect identified,
7c98886a8c8714b06079225f45816345e0c23379a6c3de717577aa2a4f967968,2012-12,Wiltshire Police,Wiltshire Police,-1.739391,51.557411,On or near Ecklington,E01015492,Swindon 023F,Burglary,Investigation complete; no suspect identified,
1a2d1de3410c802a3c0dc2a485025ca3d6a82d1671d3cde40693e19c976d207f,2012-12,Wiltshire Police,Wiltshire Police,-1.739391,51.557411,On or near Ecklington,E01015492,Swindon 023F,Burglary,Investigation complete; no suspect identified,
52dd92a507bcc7b631458ce81c9e556984463a94c8ce469ee011952d892a794d,2012-12,Wiltshire Police,Wiltshire Police,-1.736631,51.558322,On or near Islandsmead,E01015492,Swindon 023F,Burglary,Investigation complete; no suspect identified,
23710b932a7e26db1f1757b17e46a41ee80065a77a6b6c68146c15f1d4554137,2012-12,Wiltshire Police,Wiltshire Police,-1.736631,51.558322,On or near Islandsmead,E01015492,Swindon 023F,Burglary,Investigation complete; no suspect identified,
b8472c4b66f9cc0a8913aed9ab3ac4e42d782cd79936eb51c30a6cc62e6a5336,2012-12,Wiltshire Police,Wiltshire Police,-1.736631,51.558322,On or near Islandsmead,E01015492,Swindon 023F,Burglary,Investigation complete; no suspect identified,
01af82283d5e19b2a59357cef83f53d120d9118bfcecda8d67bdd69027bd82e3,2012-12,Wiltshire Police,Wiltshire Police,-1.734375,51.556869,On or near Stubsmead,E01015492,Swindon 023F,Burglary,Investigation complete; no suspect identified,
0262c60e683a2eaf5381f0af83e376f707b33706debae0f27c238dc54ef14545,2012-12,Wiltshire Police,Wiltshire Police,-1.733528,51.558540,On or near Bowleymead,E01015492,Swindon 023F,Burglary,Investigation complete; no suspect identified,
9c334f62b24caa44e945d2336b1ecd04be64e34ebfe13e45da32ed513a71ac51,2012-12,Wiltshire Police,Wiltshire Police,-1.736631,51.558322,On or near Islandsmead,E01015492,Swindon 023F,Criminal damage and arson,Investigation complete; no suspect identified,
983f0a92e2783ad3ea5448247fb8abc32ac179e1457fc294514f400745a7fbf9,2012-12,Wiltshire Police,Wiltshire Police,-1.733528,51.558540,On or near Bowleymead,E01015492,Swindon 023F,Other theft,Investigation complete; no suspect identified,
,2012-12,Wiltshire Police,Wiltshire Police,-1.760656,51.548465,On or near Tenby Close,E01015533,Swindon 024A,Anti-social behaviour,,
,2012-12,Wiltshire Police,Wiltshire Police,-1.760656,51.548465,On or near Tenby Close,E01015533,Swindon 024A,Anti-social behaviour,,
,2012-12,Wiltshire Police,Wiltshire Police,-1.767424,51.544864,On or near Bruddel Grove,E01015533,Swindon 024A,Anti-social behaviour,,
,2012-12,Wiltshire Police,Wiltshire Police,-1.759549,51.550701,On or near Broughton Grange,E01015533,Swindon 024A,Anti-social behaviour,,
,2012-12,Wiltshire Police,Wiltshire Police,-1.775722,51.552442,On or near Wood Street,E01015534,Swindon 024B,Anti-social behaviour,,
,2012-12,Wiltshire Police,Wiltshire Police,-1.776807,51.551662,On or near Theatre/Concert Hall,E01015534,Swindon 024B,Anti-social behaviour,,
,2012-12,Wiltshire Police,Wiltshire Police,-1.775183,51.550472,On or near Newport Street,E01015534,Swindon 024B,Anti-social behaviour,,
,2012-12,Wiltshire Police,Wiltshire Police,-1.773893,51.551737,On or near High Street,E01015534,Swindon 024B,Anti-social behaviour,,
,2012-12,Wiltshire Police,Wiltshire Police,-1.775525,51.551461,On or near Parking Area,E01015534,Swindon 024B,Anti-social behaviour,,
,2012-12,Wiltshire Police,Wiltshire Police,-1.776807,51.551662,On or near Theatre/Concert Hall,E01015534,Swindon 024B,Anti-social behaviour,,
,2012-12,Wiltshire Police,Wiltshire Police,-1.775525,51.551461,On or near Parking Area,E01015534,Swindon 024B,Anti-social behaviour,,
,2012-12,Wiltshire Police,Wiltshire Police,-1.775722,51.552442,On or near Wood Street,E01015534,Swindon 024B,Anti-social behaviour,,
,2012-12,Wiltshire Police,Wiltshire Police,-1.775525,51.551461,On or near Parking Area,E01015534,Swindon 024B,Anti-social behaviour,,
,2012-12,Wiltshire Police,Wiltshire Police,-1.775722,51.552442,On or near Wood Street,E01015534,Swindon 024B,Anti-social behaviour,,
,2012-12,Wiltshire Police,Wiltshire Police,-1.773893,51.551737,On or near High Street,E01015534,Swindon 024B,Anti-social behaviour,,
,2012-12,Wiltshire Police,Wiltshire Police,-1.775792,51.549870,On or near Station Approach,E01015534,Swindon 024B,Anti-social behaviour,,
,2012-12,Wiltshire Police,Wiltshire Police,-1.775525,51.551461,On or near Parking Area,E01015534,Swindon 024B,Anti-social behaviour,,
,2012-12,Wiltshire Police,Wiltshire Police,-1.775792,51.549870,On or near Station Approach,E01015534,Swindon 024B,Anti-social behaviour,,
,2012-12,Wiltshire Police,Wiltshire Police,-1.776807,51.551662,On or near Theatre/Concert Hall,E01015534,Swindon 024B,Anti-social behaviour,,
,2012-12,Wiltshire Police,Wiltshire Police,-1.773893,51.551737,On or near High Street,E01015534,Swindon 024B,Anti-social behaviour,,
,2012-12,Wiltshire Police,Wiltshire Police,-1.773893,51.551737,On or near High Street,E01015534,Swindon 024B,Anti-social behaviour,,
,2012-12,Wiltshire Police,Wiltshire Police,-1.775525,51.551461,On or near Parking Area,E01015534,Swindon 024B,Anti-social behaviour,,
,2012-12,Wiltshire Police,Wiltshire Police,-1.773846,51.552537,On or near Steeple View,E01015534,Swindon 024B,Anti-social behaviour,,
,2012-12,Wiltshire Police,Wiltshire Police,-1.773893,51.551737,On or near High Street,E01015534,Swindon 024B,Anti-social behaviour,,
a69ac6e378203c4930cb69343af63f23732a3e8c0161a31d111eb1a7d559e321,2012-12,Wiltshire Police,Wiltshire Police,-1.774829,51.549176,On or near Signal Way,E01015534,Swindon 024B,Burglary,Investigation complete; no suspect identified,
54cbbae4bde2fffc8860536ccfb5dec8d93f158f3268a7334ceb095e32ab42a6,2012-12,Wiltshire Police,Wiltshire Police,-1.775792,51.549870,On or near Station Approach,E01015534,Swindon 024B,Burglary,Investigation complete; no suspect identified,
3bbf165e42422a24a4f17a820a2002d271a55a098ff504f6a328220defeb52ee,2012-12,Wiltshire Police,Wiltshire Police,-1.775792,51.549870,On or near Station Approach,E01015534,Swindon 024B,Burglary,Investigation complete; no suspect identified,
213f8eb71645abd424aa8c8f69bc437fa6028f770137394bec86e71a515cc6cb,2012-12,Wiltshire Police,Wiltshire Police,-1.775884,51.551714,On or near Parking Area,E01015534,Swindon 024B,Criminal damage and arson,Investigation complete; no suspect identified,
aa13fcc50255aa98fb7df749670750dfaa0869a7b05bf61357513863385ae62e,2012-12,Wiltshire Police,Wiltshire Police,-1.775722,51.552442,On or near Wood Street,E01015534,Swindon 024B,Drugs,Offender given a caution,
faddda4ec837568e1dd074cae3d30007c20ae46d67554d65ca0969b40b6643a5,2012-12,Wiltshire Police,Wiltshire Police,-1.775722,51.552442,On or near Wood Street,E01015534,Swindon 024B,Drugs,Offender given a drugs possession warning,
0d24d029686044037fcd08d7bcea3058759031b1a851b95677d4e09dec372154,2012-12,Wiltshire Police,Wiltshire Police,-1.775722,51.552442,On or near Wood Street,E01015534,Swindon 024B,Drugs,Offender given a caution,
d289b810418caa907b6e866b99c6afa729bd9701d8ce530ef4a87b5744295bf4,2012-12,Wiltshire Police,Wiltshire Police,-1.775722,51.552442,On or near Wood Street,E01015534,Swindon 024B,Drugs,Offender given community sentence,
3c42f9b2ec186df44d5e92c99e13337166216d68204279cd606d080ed192205c,2012-12,Wiltshire Police,Wiltshire Police,-1.775722,51.552442,On or near Wood Street,E01015534,Swindon 024B,Other theft,Investigation complete; no suspect identified,
3f6efe4e7e6294fbdf3d14109810b577580aecd0c5c1e1853a00ac95c9c2ffd2,2012-12,Wiltshire Police,Wiltshire Police,-1.776315,51.552074,On or near Joiner Lane,E01015534,Swindon 024B,Other theft,Investigation complete; no suspect identified,
25d57ac803e75884d6903f4ac23037137ec54bb55d01b0eac71ac5ab71befb92,2012-12,Wiltshire Police,Wiltshire Police,-1.775722,51.552442,On or near Wood Street,E01015534,Swindon 024B,Other theft,Investigation complete; no suspect identified,
b1b016c584cf1b70ed8cc7530a4a6a001a8d439ef72677fa7043b8928d7b7492,2012-12,Wiltshire Police,Wiltshire Police,-1.775722,51.552442,On or near Wood Street,E01015534,Swindon 024B,Other theft,Investigation complete; no suspect identified,
3c0a270b5282d6a03406e69c87c0c6c8e4c82e77bdd419c9b37aeae595d40bd2,2012-12,Wiltshire Police,Wiltshire Police,-1.773846,51.552537,On or near Steeple View,E01015534,Swindon 024B,Other theft,Investigation complete; no suspect identified,
3c4fb8b786d1ddcc0b828e303a6f83403fa3715c442ac0272f8b1d16ed3a3640,2012-12,Wiltshire Police,Wiltshire Police,-1.773893,51.551737,On or near High Street,E01015534,Swindon 024B,Other theft,Investigation complete; no suspect identified,
99438f764cc5abfcf727b339f02d3a980ee69a20b6075a59f822e3e360e85d23,2012-12,Wiltshire Police,Wiltshire Police,-1.773893,51.551737,On or near High Street,E01015534,Swindon 024B,Other theft,Investigation complete; no suspect identified,
d61a620a8f0c1cc8390cb1017d4eadada0fec0c1e38159ba938277453da1e3ef,2012-12,Wiltshire Police,Wiltshire Police,-1.773893,51.551737,On or near High Street,E01015534,Swindon 024B,Other theft,Investigation complete; no suspect identified,
bb99471cf8ccad966fa270103c0141f19d33fda85f1cef4ca01c662b42048e7f,2012-12,Wiltshire Police,Wiltshire Police,-1.761844,51.550212,On or near Beverstone Grove,E01015534,Swindon 024B,Robbery,Investigation complete; no suspect identified,
ee09867cc9fe6bd9616fabf79526c7025db5a07de800a24e54fbcca512149a8a,2012-12,Wiltshire Police,Wiltshire Police,-1.772885,51.548633,On or near Embankment,E01015534,Swindon 024B,Robbery,Investigation complete; no suspect identified,
ce040b065a489612d8912878fa66564dbcbd89e28b17e0d33c9204ad8c1b7595,2012-12,Wiltshire Police,Wiltshire Police,-1.773893,51.551737,On or near High Street,E01015534,Swindon 024B,Shoplifting,Offender given community sentence,
ae0a8d9502d313bc1ba4b11b33b5a84c96679fb4cd4b82024426ee72e0ec63ed,2012-12,Wiltshire Police,Wiltshire Police,-1.775722,51.552442,On or near Wood Street,E01015534,Swindon 024B,Shoplifting,Investigation complete; no suspect identified,
22f633724cd9ed791a57d53d96013c4e4f7816152ef895a090e5b7c1fbf098ee,2012-12,Wiltshire Police,Wiltshire Police,-1.775722,51.552442,On or near Wood Street,E01015534,Swindon 024B,Violent crime,Offender given a caution,
348964fe60771daeef6c3c388e558bde2aecd8356f29f7e76ff8a434a2ed9aa0,2012-12,Wiltshire Police,Wiltshire Police,-1.775183,51.550472,On or near Newport Street,E01015534,Swindon 024B,Violent crime,Investigation complete; no suspect identified,
26e08d2657e8c7800f9cc5061040be33e386b46d7665cd74647f030ed43bb7c3,2012-12,Wiltshire Police,Wiltshire Police,-1.776807,51.551662,On or near Theatre/Concert Hall,E01015534,Swindon 024B,Violent crime,Offender given a caution,
fbdcfdee43e70a0976bf8bd99c5d1d0299a463a7359c0db7867a55a35db0a33f,2012-12,Wiltshire Police,Wiltshire Police,-1.775722,51.552442,On or near Wood Street,E01015534,Swindon 024B,Violent crime,Investigation complete; no suspect identified,
c8d460404b4e4a25c7c62466ecf645ba6a068068c248e08611fad843db9262e1,2012-12,Wiltshire Police,Wiltshire Police,-1.775183,51.550472,On or near Newport Street,E01015534,Swindon 024B,Violent crime,Offender given a caution,
44e9772e83e872a287f5353cfc894c3f16f575a308e40bed6b2ca30cfbf33cdd,2012-12,Wiltshire Police,Wiltshire Police,-1.776807,51.551662,On or near Theatre/Concert Hall,E01015534,Swindon 024B,Violent crime,Offender given suspended prison sentence,
87453b81cef7e38878cb51bcd23e4e6b9d996d17a9e8579691df9f32fd44ef95,2012-12,Wiltshire Police,Wiltshire Police,-1.776807,51.551662,On or near Theatre/Concert Hall,E01015534,Swindon 024B,Violent crime,Investigation complete; no suspect identified,
68f077f0cdbc9877dcd3ed2e240414e5a34f2a7d4197063c8f5bf57c63dc52e1,2012-12,Wiltshire Police,Wiltshire Police,-1.776807,51.551662,On or near Theatre/Concert Hall,E01015534,Swindon 024B,Violent crime,Investigation complete; no suspect identified,
cdc95b91facddd5701b5d7050ce206cca9beba13b82d382826cb4ab2e5904b70,2012-12,Wiltshire Police,Wiltshire Police,-1.776807,51.551662,On or near Theatre/Concert Hall,E01015534,Swindon 024B,Violent crime,Offender given a caution,
,2012-12,Wiltshire Police,Wiltshire Police,-1.758316,51.543847,On or near Marlborough Road,E01015535,Swindon 024C,Anti-social behaviour,,
0cd6dbf5d386b6091a0d7cd8ede56c121d93f75dd451478c734679a3956b64d7,2012-12,Wiltshire Police,Wiltshire Police,-1.748246,51.544636,On or near The Birches,E01015535,Swindon 024C,Drugs,Offender given a drugs possession warning,
02f08ed767cd5453c563f3b0b0fd32da891b63e69a2fa94232dd2cc120df499b,2012-12,Wiltshire Police,Wiltshire Police,-1.764708,51.540219,On or near Sports/Recreation Area,E01015535,Swindon 024C,Drugs,Offender given a drugs possession warning,
,2012-12,Wiltshire Police,Wiltshire Police,-1.780361,51.544412,On or near Louviers Way,E01015536,Swindon 024D,Anti-social behaviour,,
,2012-12,Wiltshire Police,Wiltshire Police,-1.782550,51.538914,On or near Parking Area,E01015536,Swindon 024D,Anti-social behaviour,,
,2012-12,Wiltshire Police,Wiltshire Police,-1.795898,51.543038,On or near Arnhill Road,E01015536,Swindon 024D,Anti-social behaviour,,
,2012-12,Wiltshire Police,Wiltshire Police,-1.789630,51.542056,On or near Fernacre Road,E01015536,Swindon 024D,Anti-social behaviour,,
,2012-12,Wiltshire Police,Wiltshire Police,-1.751190,51.544291,On or near The Oaks,E01015536,Swindon 024D,Anti-social behaviour,,
,2012-12,Wiltshire Police,Wiltshire Police,-1.754161,51.544100,On or near Petrol Station,E01015536,Swindon 024D,Anti-social behaviour,,
,2012-12,Wiltshire Police,Wiltshire Police,-1.790453,51.541751,On or near Culborne Road,E01015536,Swindon 024D,Anti-social behaviour,,
854230692b19f7ba76ec35edc695f0fdbe4b9a676e592d69b0e64d813e8691b5,2012-12,Wiltshire Police,Wiltshire Police,-1.759865,51.539903,On or near Broome Manor Lane,E01015536,Swindon 024D,Burglary,Investigation complete; no suspect identified,
441294802ca369f1e650b51efc9d76ad094ac99c332e79ebabce99ab1834ade6,2012-12,Wiltshire Police,Wiltshire Police,-1.757290,51.536023,On or near Brettingham Gate,E01015536,Swindon 024D,Criminal damage and arson,Under investigation,
c10cfcf49657732b4313978d882b8d6cdbdd45b9b8e05b954b671a516df90fef,2012-12,Wiltshire Police,Wiltshire Police,-1.757290,51.536023,On or near Brettingham Gate,E01015536,Swindon 024D,Criminal damage and arson,Investigation complete; no suspect identified,
5f6a33a754f9f671d4684ada2a04d2e5f587b6cab0d2cfd7eb2527e6558f7317,2012-12,Wiltshire Police,Wiltshire Police,-1.787574,51.540649,On or near Frogden Road,E01015536,Swindon 024D,Criminal damage and arson,Investigation complete; no suspect identified,
b628441b26fa2eb80bc42115ecbe1a42e88b0c6597cc71a0e3018da0caf9f430,2012-12,Wiltshire Police,Wiltshire Police,-1.774743,51.546173,On or near Sports/Recreation Area,E01015536,Swindon 024D,Other theft,Investigation complete; no suspect identified,
4cbdba243329e5f1834488b6bd0942a9ba784b958f0f644ce08235cbae7d8204,2012-12,Wiltshire Police,Wiltshire Police,-1.790453,51.541751,On or near Culborne Road,E01015536,Swindon 024D,Violent crime,Offender given a caution,
a33c032a7bc9ff700190952bf338cbd175e20ea3b678a5e8e3c42e8ef36858ce,2012-12,Wiltshire Police,Wiltshire Police,-1.757290,51.536023,On or near Brettingham Gate,E01015536,Swindon 024D,Violent crime,Local resolution,
863e028853a088b665109ce9153097acf94ef6d37cd89b0a840b5964765cd789,2012-12,Wiltshire Police,Wiltshire Police,-1.757290,51.536023,On or near Brettingham Gate,E01015536,Swindon 024D,Violent crime,Under investigation,
,2012-12,Wiltshire Police,Wiltshire Police,-1.768288,51.511031,On or near Sports/Recreation Area,E01015583,Swindon 025A,Anti-social behaviour,,
,2012-12,Wiltshire Police,Wiltshire Police,-1.737593,51.543965,On or near Marlborough Road,E01015583,Swindon 025A,Anti-social behaviour,,
3cdb161291aa466312992456dbf5d19762bdebf14fad1e42ca8e335bbb84cfeb,2012-12,Wiltshire Police,Wiltshire Police,-1.788314,51.511761,On or near Thorney Park,E01015583,Swindon 025A,Criminal damage and arson,Offender given community sentence,
c7e8498a04d863e8eec85d1453f2cb38c1a8389c32c95af1e106ce12fc308801,2012-12,Wiltshire Police,Wiltshire Police,-1.788314,51.511761,On or near Thorney Park,E01015583,Swindon 025A,Other theft,Investigation complete; no suspect identified,
ef691ae9e2a2f89ff9de0be1efae59bad028ea4fdeaa0025fc647b475566c990,2012-12,Wiltshire Police,Wiltshire Police,-1.737593,51.543965,On or near Marlborough Road,E01015583,Swindon 025A,Violent crime,Defendant found not guilty,
617ef09286e009529af2c6624abd68923dbd27aa3e4e5ba0114c1a086701212b,2012-12,Wiltshire Police,Wiltshire Police,-1.737593,51.543965,On or near Marlborough Road,E01015583,Swindon 025A,Violent crime,Defendant found not guilty,
46a94ef4c0ca8abf9c49e4e376f57669865e0b144a0a3170006af1b6aa5914f1,2012-12,Wiltshire Police,Wiltshire Police,-1.737593,51.543965,On or near Marlborough Road,E01015583,Swindon 025A,Violent crime,Defendant found not guilty,
23037cccdbffbb0232fc3fc5327134a835e50b447dca672b3dc15ffb9a978129,2012-12,Wiltshire Police,Wiltshire Police,-1.737593,51.543965,On or near Marlborough Road,E01015583,Swindon 025A,Violent crime,Offender sent to prison,
5f4f57cc0f6aed795710e7b26ddeddd8c87e497f19bd1b8d2b34b5e81eaee4cf,2012-12,Wiltshire Police,Wiltshire Police,-1.737593,51.543965,On or near Marlborough Road,E01015583,Swindon 025A,Violent crime,Defendant found not guilty,
7ce40706e57c068e4c33bf4c7c537dae923a44fd27ed54a535cd5a42b6d18ccb,2012-12,Wiltshire Police,Wiltshire Police,-1.788314,51.511761,On or near Thorney Park,E01015583,Swindon 025A,Other crime,Local resolution,
,2012-12,Wiltshire Police,Wiltshire Police,-1.787915,51.529321,On or near Berkeley Road,E01015584,Swindon 025B,Anti-social behaviour,,
,2012-12,Wiltshire Police,Wiltshire Police,-1.795033,51.526977,On or near Kerrs Way,E01015584,Swindon 025B,Anti-social behaviour,,
,2012-12,Wiltshire Police,Wiltshire Police,-1.792240,51.529319,On or near Inverary Road,E01015584,Swindon 025B,Anti-social behaviour,,
5897da7462340d06580b0d5d5013d3ff6f933e1cfdd12ab4a255bfcf6d96ab85,2012-12,Wiltshire Police,Wiltshire Police,-1.792240,51.529319,On or near Inverary Road,E01015584,Swindon 025B,Criminal damage and arson,Investigation complete; no suspect identified,
,2012-12,Wiltshire Police,Wiltshire Police,-1.787368,51.532314,On or near The Mountings,E01015585,Swindon 025C,Anti-social behaviour,,
,2012-12,Wiltshire Police,Wiltshire Police,-1.790633,51.521440,On or near Manor Close,E01015585,Swindon 025C,Anti-social behaviour,,
,2012-12,Wiltshire Police,Wiltshire Police,-1.786161,51.525325,On or near Hospital,E01015585,Swindon 025C,Anti-social behaviour,,
,2012-12,Wiltshire Police,Wiltshire Police,-1.786406,51.531386,On or near Petter Close,E01015585,Swindon 025C,Anti-social behaviour,,
,2012-12,Wiltshire Police,Wiltshire Police,-1.841422,51.542748,On or near M4,E01015585,Swindon 025C,Anti-social behaviour,,
,2012-12,Wiltshire Police,Wiltshire Police,-1.819684,51.537295,On or near Wharf Road,E01015585,Swindon 025C,Anti-social behaviour,,
28ac24161341ab0b614e61165f24be5dc6076f7a6d6581a77b7a9fb2e95108d7,2012-12,Wiltshire Police,Wiltshire Police,-1.799163,51.521815,On or near Church Hill,E01015585,Swindon 025C,Burglary,Investigation complete; no suspect identified,
d937b66e0a5fb6833596997764c027d353fa70508d55b9bc12560059a19cbb80,2012-12,Wiltshire Police,Wiltshire Police,-1.787755,51.526524,On or near Moormead Road,E01015585,Swindon 025C,Burglary,Investigation complete; no suspect identified,
3a7b35ff6bcb20bfc24c179a1bd2c3df96b1b61e53c18458fd57183b2abdcb6f,2012-12,Wiltshire Police,Wiltshire Police,-1.784960,51.532444,On or near Swindon Road,E01015585,Swindon 025C,Other theft,Investigation complete; no suspect identified,
d86200d1258e522614038ff8702413df32187ff8eb076b888c34005ae51bd1d1,2012-12,Wiltshire Police,Wiltshire Police,-1.786161,51.525325,On or near Hospital,E01015585,Swindon 025C,Other theft,Investigation complete; no suspect identified,
8575c814c62cbb866acdabce919a521d229365df00d5714b76505dcf431de0e2,2012-12,Wiltshire Police,Wiltshire Police,-1.813241,51.512091,On or near A4361,E01015585,Swindon 025C,Vehicle crime,Investigation complete; no suspect identified,
f7480becb03a2a2fdbea9d03ac91dd16b0a4a5961c7987ecf1e1a53a7b483b16,2012-12,Wiltshire Police,Wiltshire Police,-1.785746,51.536977,On or near Woodland View,E01015585,Swindon 025C,Violent crime,Local resolution,
2a84790295330fff46772d09fbb37f58de26ff9f0ae6b559e473581f88608fa0,2012-12,Wiltshire Police,Wiltshire Police,-1.843671,51.538759,On or near Hay Lane,E01015585,Swindon 025C,Violent crime,Investigation complete; no suspect identified,
2f6e3bb15a313837595fedfbda64be57a30ac3015cec305dfc8d28459dee9768,2012-12,Wiltshire Police,Wiltshire Police,-1.796295,51.528238,On or near Stirling Close,E01015586,Swindon 025D,Criminal damage and arson,Investigation complete; no suspect identified,
a8ef9431b161bd35b3a4dba759fe844e9e22e4f1479d2eb35058b477f529f171,2012-12,Wiltshire Police,Wiltshire Police,-1.802184,51.529984,On or near Victoria Cross Road,E01015586,Swindon 025D,Vehicle crime,Investigation complete; no suspect identified,
b88c15a56a7319d6ed6ea8b7d323134710ee24fbbc70dfa5a837736baa3ecf6c,2012-12,Wiltshire Police,Wiltshire Police,-1.799706,51.529521,On or near Summerhouse Road,E01015586,Swindon 025D,Vehicle crime,Under investigation,
,2012-12,Wiltshire Police,Wiltshire Police,-1.793872,51.525339,On or near Coronation Road,E01015587,Swindon 025E,Anti-social behaviour,,
0bd2907aca8e43a562b717d553a185b4c3f028552675ce3bce0cbad03c6bc7d1,2012-12,Wiltshire Police,Wiltshire Police,-1.789942,51.524217,On or near Devizes Road,E01015587,Swindon 025E,Criminal damage and arson,Investigation complete; no suspect identified,
104bb2f95fba58197a5220c793991f18a48e79ed7e127ed597663db45b336d10,2012-12,Wiltshire Police,Wiltshire Police,-1.792782,51.524168,On or near Parking Area,E01015587,Swindon 025E,Criminal damage and arson,Investigation complete; no suspect identified,
94bf3b983aca87fa4a5382e11b076670a26e3b82a110cbce27b908f605597ac2,2012-12,Wiltshire Police,Wiltshire Police,-1.794601,51.523668,On or near Hall Close,E01015587,Swindon 025E,Other theft,Offender given community sentence,
b34c815b3d348e45ae222d231f97a49b63e09995e4531613fdd38be3ecc1f945,2012-12,Wiltshire Police,Wiltshire Police,-1.789771,51.526968,On or near Weirside Avenue,E01015587,Swindon 025E,Other theft,Investigation complete; no suspect identified,
a3a21f7bbdb834f1babd89986a2511189efa9e46aad70ab4d10c09c4f707a5c3,2012-12,Wiltshire Police,Wiltshire Police,-1.792782,51.524168,On or near Parking Area,E01015587,Swindon 025E,Shoplifting,Offender sent to prison,
79497742e682b20aff96aeca3c44d50db3d4a66de915be09ad85ba47d6b8512d,2012-12,Wiltshire Police,Wiltshire Police,-1.789981,51.528335,On or near Coventry Close,E01015587,Swindon 025E,Vehicle crime,Investigation complete; no suspect identified,
,2012-12,Wiltshire Police,Wiltshire Police,-1.723610,51.514675,On or near Petrol Station,E01015588,Swindon 025F,Anti-social behaviour,,
,2012-12,Wiltshire Police,Wiltshire Police,-1.735229,51.513982,On or near John Alder Close,E01015588,Swindon 025F,Anti-social behaviour,,
,2012-12,Wiltshire Police,Wiltshire Police,-1.723610,51.514675,On or near Petrol Station,E01015588,Swindon 025F,Anti-social behaviour,,
b6c5cc9e26d0bc505395ce8af994a468be0cbac4226de8938d3f3bcaeef50582,2012-12,Wiltshire Police,Wiltshire Police,-1.728890,51.518544,On or near Saxon Mill,E01015588,Swindon 025F,Criminal damage and arson,Investigation complete; no suspect identified,
0c5c67544a68851e51d664c9e5f0a679499d96026ff9f8fe01748f3fde47156f,2012-12,Wiltshire Police,Wiltshire Police,-1.723610,51.514675,On or near Petrol Station,E01015588,Swindon 025F,Other crime,Local resolution,
,2012-12,Wiltshire Police,Wiltshire Police,-1.824990,51.590109,On or near Exmoor Close,E01015525,Swindon 026A,Anti-social behaviour,,
,2012-12,Wiltshire Police,Wiltshire Police,-1.822451,51.585907,On or near Purton Road,E01015525,Swindon 026A,Anti-social behaviour,,
bd7a53aeaeddc6e947561f7973f18142192efdecae6f2d9c02130b653ac85a8e,2012-12,Wiltshire Police,Wiltshire Police,-1.823682,51.588534,On or near Hysopp Close,E01015525,Swindon 026A,Burglary,Investigation complete; no suspect identified,
6463ee2cfed704aeee2c7019719b9646afbdbd3914d45a5be0a5edd2be7c41d4,2012-12,Wiltshire Police,Wiltshire Police,-1.823631,51.586709,On or near Tarragon Close,E01015525,Swindon 026A,Burglary,Investigation complete; no suspect identified,
165e19eac4da8262c42190e7bc6d566d1e23823fb741dc8f14e191b1c2f21274,2012-12,Wiltshire Police,Wiltshire Police,-1.825164,51.589804,On or near Waterdown Close,E01015525,Swindon 026A,Violent crime,Investigation complete; no suspect identified,
2498fb52298b6f2708840284ac75fa633dfd6411613f5002f380925310adbe15,2012-12,Wiltshire Police,Wiltshire Police,-1.820710,51.588215,On or near Westfield Way,E01015525,Swindon 026A,Violent crime,Offender given community sentence,
,2012-12,Wiltshire Police,Wiltshire Police,-1.819486,51.594696,On or near Sandbourne Road,E01032700,Swindon 026B,Anti-social behaviour,,
,2012-12,Wiltshire Police,Wiltshire Police,-1.821321,51.594303,On or near Jopp Close,E01032700,Swindon 026B,Anti-social behaviour,,
8fe784c9f2af11916c2bcd5b5bd34a3d6bf18fe2a0ef336003c3d519bedad3c4,2012-12,Wiltshire Police,Wiltshire Police,-1.825027,51.591548,On or near Galloway Drive,E01032700,Swindon 026B,Burglary,Investigation complete; no suspect identified,
c5dbeb90b3bba3f4d1097309ea935c5d41ad6c331a9326aed0c3b226cbb8ba92,2012-12,Wiltshire Police,Wiltshire Police,-1.824570,51.594173,On or near Aiken Road,E01032700,Swindon 026B,Criminal damage and arson,Investigation complete; no suspect identified,
aae24578b1e3834ba51fde4d2cca5ea3090165a4168d41452263a3aab7eeb4a9,2012-12,Wiltshire Police,Wiltshire Police,-1.824570,51.594173,On or near Aiken Road,E01032700,Swindon 026B,Violent crime,Investigation complete; no suspect identified,
,2012-12,Wiltshire Police,Wiltshire Police,-1.827315,51.601091,On or near Treforest Close,E01032703,Swindon 026C,Anti-social behaviour,,
817a99de22234f2446704334f5798d43415bcf2500607a58a2401f4d6c9ab28e,2012-12,Wiltshire Police,Wiltshire Police,-1.823170,51.597740,On or near Friday Street,E01032703,Swindon 026C,Criminal damage and arson,Offender given a caution,
,2012-12,Wiltshire Police,Wiltshire Police,-1.831469,51.602302,On or near Beagle Close,E01032705,Swindon 026D,Anti-social behaviour,,
,2012-12,Wiltshire Police,Wiltshire Police,-1.829606,51.602362,On or near Pioneer Road,E01032705,Swindon 026D,Anti-social behaviour,,
219187b519e3f8e976f01b3d19b8171532accef7cd53185cf0d9a1eb12a70966,2012-12,Wiltshire Police,Wiltshire Police,-1.830728,51.603614,On or near Vega Close,E01032705,Swindon 026D,Burglary,Investigation complete; no suspect identified,
0e8f93ce6596660f0c5b7153c3a4cba69e3e2719e83b2850bf0f5077253e1d14,2012-12,Wiltshire Police,Wiltshire Police,-1.831469,51.602302,On or near Beagle Close,E01032705,Swindon 026D,Criminal damage and arson,Investigation complete; no suspect identified,
1e9d107dddc2a27b2558fefe4c0b16c987a1027055e052ce2b51fda1777a6676,2012-12,Wiltshire Police,Wiltshire Police,-1.828435,51.602810,On or near Deneb Drive,E01032705,Swindon 026D,Criminal damage and arson,Investigation complete; no suspect identified,
60b3a354b75220411eb8a3f639fd2eaa8e9adc2fc09f16584651990f1f2dd449,2012-12,Wiltshire Police,Wiltshire Police,-1.831469,51.602302,On or near Beagle Close,E01032705,Swindon 026D,Violent crime,Offender given a caution,
8cec2463956b978a9af34994c4b0f0716a595aab556c9bff5e34323492f4d854,2012-12,Wiltshire Police,Wiltshire Police,-1.831469,51.602302,On or near Beagle Close,E01032705,Swindon 026D,Violent crime,Investigation complete; no suspect identified,
,2012-12,Wiltshire Police,Wiltshire Police,-1.837283,51.603722,On or near Boatman Close,E01032709,Swindon 026E,Anti-social behaviour,,
,2012-12,Wiltshire Police,Wiltshire Police,-1.837283,51.603722,On or near Boatman Close,E01032709,Swindon 026E,Anti-social behaviour,,
5b1d59e905ff04fbc8e6e476f69946a13958ec6420d981a3068d57992b4d6421,2012-12,Wiltshire Police,Wiltshire Police,-1.833099,51.602817,On or near Rosetta Close,E01032709,Swindon 026E,Burglary,Investigation complete; no suspect identified,
5667abf3309d44cb7f0fe753834406d53af7a1646ae5645d7479e7d3d1975814,2012-12,Wiltshire Police,Wiltshire Police,-1.837283,51.603722,On or near Boatman Close,E01032709,Swindon 026E,Criminal damage and arson,Local resolution,
26bdd5f5aec2859e0a858fc8e8a2ef797a697a8af94d97c6c8e38aec6737fb89,2012-12,Wiltshire Police,Wiltshire Police,-1.833883,51.601649,On or near Pulsar Road,E01032709,Swindon 026E,Criminal damage and arson,Investigation complete; no suspect identified,
eb0feb48a7a6719b3ca8884b4b8ab7fde82ab21ed3f1635fc8446ad00572bb67,2012-12,Wiltshire Police,Wiltshire Police,-1.833883,51.601649,On or near Pulsar Road,E01032709,Swindon 026E,Other theft,Investigation complete; no suspect identified,
62147d82c0cadfd430843e972ba2edbe144f83fc8e10f91d0b2177eba1166ea4,2012-12,Wiltshire Police,Wiltshire Police,-1.833883,51.601649,On or near Pulsar Road,E01032709,Swindon 026E,Other theft,Investigation complete; no suspect identified,
e9724dd9db643d82d2276306676a24268934ff3ca42e1bddc73f621f39f31eb0,2012-12,Wiltshire Police,Wiltshire Police,-1.837283,51.603722,On or near Boatman Close,E01032709,Swindon 026E,Violent crime,Investigation complete; no suspect identified,
,2012-12,Wiltshire Police,Wiltshire Police,-1.827821,51.604823,On or near Dorney Road,E01032713,Swindon 026F,Anti-social behaviour,,
94164ce54f56fba0c05892258e1130c08e2e79c50f675e389f5af8c1ddca7335,2012-12,Wiltshire Police,Wiltshire Police,-1.824696,51.602517,On or near Fitwell Road,E01032713,Swindon 026F,Criminal damage and arson,Local resolution,
b11c86a0f9c884e30453d3af266be5935055d657c324215ca04d0da696e2adc2,2012-12,Wiltshire Police,Wiltshire Police,-1.824696,51.602517,On or near Fitwell Road,E01032713,Swindon 026F,Criminal damage and arson,Investigation complete; no suspect identified,
,2012-12,Wiltshire Police,Wiltshire Police,-1.814549,51.598222,On or near Zakopane Road,E01032701,Swindon 027A,Anti-social behaviour,,
,2012-12,Wiltshire Police,Wiltshire Police,-1.816490,51.596597,On or near Egdon Close,E01032701,Swindon 027A,Anti-social behaviour,,
,2012-12,Wiltshire Police,Wiltshire Police,-1.820628,51.598132,On or near Mycroft Road,E01032701,Swindon 027A,Anti-social behaviour,,
39b35263dcdffa17893c3ec6a6a457bce3981edfe58ff724620b82d2004dc3c3,2012-12,Wiltshire Police,Wiltshire Police,-1.814739,51.597781,On or near Dolina Road,E01032701,Swindon 027A,Burglary,Investigation complete; no suspect identified,
239f27f5693f14420410a5c802010336f50b19e85c074fb132f05cea523f5dbb,2012-12,Wiltshire Police,Wiltshire Police,-1.814549,51.598222,On or near Zakopane Road,E01032701,Swindon 027A,Criminal damage and arson,Investigation complete; no suspect identified,
68fdea29f073082c836447488e8cf71d9996ef0bfb51f19ffd8bd29a461b24bb,2012-12,Wiltshire Police,Wiltshire Police,-1.816560,51.597128,On or near Haydon End Lane,E01032701,Swindon 027A,Violent crime,Offender given a caution,
d30a6ee462c15bd1f9bdf202c8dc80aa9da2508f76940acfac8fec2d3cd3155e,2012-12,Wiltshire Police,Wiltshire Police,-1.817711,51.598280,On or near Bradshaw Court,E01032701,Swindon 027A,Violent crime,Investigation complete; no suspect identified,
c22a220de02e06b1b7e6fd42a3affb17872696242a3aae1b13c4dc94c847f0d2,2012-12,Wiltshire Police,Wiltshire Police,-1.816560,51.597128,On or near Haydon End Lane,E01032701,Swindon 027A,Violent crime,Investigation complete; no suspect identified,
,2012-12,Wiltshire Police,Wiltshire Police,-1.810704,51.599285,On or near Vistula Crescent,E01032702,Swindon 027B,Anti-social behaviour,,
,2012-12,Wiltshire Police,Wiltshire Police,-1.809771,51.601442,On or near Chastleton Road,E01032702,Swindon 027B,Anti-social behaviour,,
,2012-12,Wiltshire Police,Wiltshire Police,-1.813677,51.599668,On or near Artus Close,E01032702,Swindon 027B,Anti-social behaviour,,
,2012-12,Wiltshire Police,Wiltshire Police,-1.808877,51.601386,On or near Willington Road,E01032702,Swindon 027B,Anti-social behaviour,,
7737179ef27067b4e6ea541d18821162320021f0409f12a5b93f2f83a0d32df8,2012-12,Wiltshire Police,Wiltshire Police,-1.810704,51.599285,On or near Vistula Crescent,E01032702,Swindon 027B,Burglary,Investigation complete; no suspect identified,
63ef290c401f21e7fc6c1fcd6e99b58edd02bde642230ab0595a598a43be582b,2012-12,Wiltshire Police,Wiltshire Police,-1.810704,51.599285,On or near Vistula Crescent,E01032702,Swindon 027B,Violent crime,Offender given a caution,
,2012-12,Wiltshire Police,Wiltshire Police,-1.818466,51.600844,On or near Barcote Close,E01032704,Swindon 027C,Anti-social behaviour,,
,2012-12,Wiltshire Police,Wiltshire Police,-1.824927,51.595082,On or near Greenwood Grovedydale Road,E01032704,Swindon 027C,Anti-social behaviour,,
,2012-12,Wiltshire Police,Wiltshire Police,-1.820733,51.597026,On or near Prospero Way,E01032704,Swindon 027C,Anti-social behaviour,,
,2012-12,Wiltshire Police,Wiltshire Police,-1.820733,51.597026,On or near Prospero Way,E01032704,Swindon 027C,Anti-social behaviour,,
9e10fe73ac1b6039172abd18c01f4d3d3e5eae3d00872630d55003aa043d2b4e,2012-12,Wiltshire Police,Wiltshire Police,-1.820335,51.599004,On or near Eyre Close,E01032704,Swindon 027C,Criminal damage and arson,Investigation complete; no suspect identified,
5774729184284e26cf94139be89dcfbb28c9f8f9b72f2b0e9af9e2b71820ff5e,2012-12,Wiltshire Police,Wiltshire Police,-1.824302,51.600071,On or near Burcot Close,E01032704,Swindon 027C,Drugs,Offender given a drugs possession warning,
46f19914959cf86a8dbc7be0c2a8cf83148428bcafd1cc656ea9e7cd8e4f8a7f,2012-12,Wiltshire Police,Wiltshire Police,-1.822533,51.594404,On or near Figsbury Close,E01032704,Swindon 027C,Other theft,Investigation complete; no suspect identified,
d640a590e4989156412b72383a6188782706e7fae09332436e36fc384dc996da,2012-12,Wiltshire Police,Wiltshire Police,-1.824236,51.594559,On or near Supermarket,E01032704,Swindon 027C,Shoplifting,Offender given suspended prison sentence,
dc99eb8d0138d9d1648086c5fd382f92791b3bb9edae2b776f3d00676780488b,2012-12,Wiltshire Police,Wiltshire Police,-1.825061,51.597950,On or near Alicia Close,E01032704,Swindon 027C,Violent crime,Investigation complete; no suspect identified,
ef00507fde43d8f9893334b6fe002ac6fd773574ce5245438828806a09d67b51,2012-12,Wiltshire Police,Wiltshire Police,-1.818466,51.600844,On or near Barcote Close,E01032704,Swindon 027C,Violent crime,Investigation complete; no suspect identified,
494fd8f0c534f6968399b486574e71707266999c0cfa743e6b86c82467848341,2012-12,Wiltshire Police,Wiltshire Police,-1.825985,51.594031,On or near The Boulevard,E01032704,Swindon 027C,Violent crime,Offender given conditional discharge,
,2012-12,Wiltshire Police,Wiltshire Police,-1.812020,51.602363,On or near Eastbury Way,E01032711,Swindon 027D,Anti-social behaviour,,
,2012-12,Wiltshire Police,Wiltshire Police,-1.813552,51.602023,On or near Doulton Close,E01032711,Swindon 027D,Anti-social behaviour,,
9d02bc7326169be9231e60e74bacd3ce613c4c5f7e57d6baebbf278a00de6bb9,2012-12,Wiltshire Police,Wiltshire Police,-1.816570,51.601830,On or near Tuscan Road,E01032711,Swindon 027D,Burglary,Investigation complete; no suspect identified,
1fae1dc2b78d1e4f1ebda9bb10641b4aea71c13db8a1bd01f67deab28399432a,2012-12,Wiltshire Police,Wiltshire Police,-1.806385,51.603208,On or near Hayburn Road,E01032711,Swindon 027D,Criminal damage and arson,Investigation complete; no suspect identified,
c4463c95c8f79c4679ae83cf16ada5966e46827253f2b09230c0ddc4cac1482e,2012-12,Wiltshire Police,Wiltshire Police,-1.816525,51.602244,On or near Delft Crescent,E01032711,Swindon 027D,Drugs,Offender given a caution,
3e2f062567d6e4aeef20a7518b5fc3a7444400d5b4acb31026d70f635978e15f,2012-12,Wiltshire Police,Wiltshire Police,-1.816525,51.602244,On or near Delft Crescent,E01032711,Swindon 027D,Drugs,Offender given a drugs possession warning,
797b7bbb888c2cae19f096c1f5e62935f7dcfcac7654b067fdb2d918ecc769db,2012-12,Wiltshire Police,Wiltshire Police,-1.816525,51.602244,On or near Delft Crescent,E01032711,Swindon 027D,Shoplifting,Offender sent to prison,
1595cf1ced3dcb88d183999038b0bcc795decc54cf72945464bda67ba13380ec,2012-12,Wiltshire Police,Wiltshire Police,-1.815400,51.602062,On or near Redhouse Gardens,E01032711,Swindon 027D,Violent crime,Investigation complete; no suspect identified,
fc4e10ce98ffabd1d9df373c8d41f924cbcceaf1c1c92ff0f59a668f3681e1d2,2012-12,Wiltshire Police,Wiltshire Police,-1.811396,51.603099,On or near Marbeck Close,E01032711,Swindon 027D,Violent crime,Investigation complete; no suspect identified,
,2012-12,Wiltshire Police,Wiltshire Police,-1.814647,51.602610,On or near Millgrove Street,E01032712,Swindon 027E,Anti-social behaviour,,
,2012-12,Wiltshire Police,Wiltshire Police,-1.816926,51.603269,On or near Greenwood Place,E01032712,Swindon 027E,Anti-social behaviour,,
,2012-12,Wiltshire Police,Wiltshire Police,-1.819805,51.601754,On or near Muirfield,E01032712,Swindon 027E,Anti-social behaviour,,
7aa6602232f69bece52df9388e7c24a3b3b32112dec4fe5406fd7d2a339c32e6,2012-12,Wiltshire Police,Wiltshire Police,-1.816926,51.603269,On or near Greenwood Place,E01032712,Swindon 027E,Drugs,Offender given a caution,
eaf76b9c131d7c83609403e091e7d17e1cf4cc8b373ad197ce83da5b0ada9bd1,2012-12,Wiltshire Police,Wiltshire Police,-1.821348,51.602287,On or near Birkdale Close,E01032712,Swindon 027E,Violent crime,Investigation complete; no suspect identified,
bc9e322dcade60b15370cba3c37baf2d783937cf5647e83b2cd59c7c502a108f,2012-12,Wiltshire Police,Wiltshire Police,-1.816926,51.603269,On or near Greenwood Place,E01032712,Swindon 027E,Violent crime,Under investigation,
55904b456c436291f36c1e0906e32e8733fa9be93f050ff1c5d3038815bb65eb,2012-12,Wiltshire Police,Wiltshire Police,-1.811201,51.604888,On or near Smart Close,E01032712,Swindon 027E,Violent crime,Investigation complete; no suspect identified,
66c23c278dc81f908bb7a849b88936dd6ae5ed1a0805e02d30483ddab0840e66,2012-12,Wiltshire Police,Wiltshire Police,-1.821348,51.602287,On or near Birkdale Close,E01032712,Swindon 027E,Violent crime,Offender given a caution,
182768aad8928dea598d050334787e27b7b5baf9500e5c4aa5c3c7cd258ed030,2012-12,Wiltshire Police,Wiltshire Police,-1.799809,51.608106,On or near Nolan Close,E01015471,Swindon 028A,Burglary,Investigation complete; no suspect identified,
fe3ef856c60c28904f6c66a68537818e137c18fbdfb5eb4009547dcc8dbe5120,2012-12,Wiltshire Police,Wiltshire Police,-1.799676,51.605408,On or near Meynell Close,E01015471,Swindon 028A,Criminal damage and arson,Investigation complete; no suspect identified,
,2012-12,Wiltshire Police,Wiltshire Police,-1.788233,51.597710,On or near Woodsman Road,E01015472,Swindon 028B,Anti-social behaviour,,
,2012-12,Wiltshire Police,Wiltshire Police,-1.787077,51.597851,On or near Falconer Mews,E01015472,Swindon 028B,Anti-social behaviour,,
,2012-12,Wiltshire Police,Wiltshire Police,-1.790190,51.598954,On or near Olivier Road,E01015472,Swindon 028B,Anti-social behaviour,,
,2012-12,Wiltshire Police,Wiltshire Police,-1.784750,51.598288,On or near Waggoner Close,E01015472,Swindon 028B,Anti-social behaviour,,
810ea86851f14fc2bfec18c9eecb896ba1557ecab38c6a1a1902eabf5489c95f,2012-12,Wiltshire Police,Wiltshire Police,-1.788514,51.599248,On or near Sawyer Road,E01015472,Swindon 028B,Burglary,Investigation complete; no suspect identified,
71f0faff45506c36c98aa0a8595cc7e683ef053fd022bf8ed2763da4c438de42,2012-12,Wiltshire Police,Wiltshire Police,-1.784750,51.598288,On or near Waggoner Close,E01015472,Swindon 028B,Burglary,Investigation complete; no suspect identified,
049dd5ea715f9bbc4289c36aef291cd1927361bbf5e78dbbbb8c02c0f276ea19,2012-12,Wiltshire Police,Wiltshire Police,-1.794347,51.599186,On or near Hugo Drive,E01015472,Swindon 028B,Violent crime,Offender given a caution,
53988b3f68f03a84b2e51fd208d408674bc68343d46288eee56303c41c78c6a0,2012-12,Wiltshire Police,Wiltshire Police,-1.788233,51.597710,On or near Woodsman Road,E01015472,Swindon 028B,Violent crime,Investigation complete; no suspect identified,
b65821e8f7b426b56654aec5adb7e05d241676a0cae2f36903bbfc138d24c2e9,2012-12,Wiltshire Police,Wiltshire Police,-1.788244,51.598411,On or near Mason Road,E01015472,Swindon 028B,Violent crime,Local resolution,
,2012-12,Wiltshire Police,Wiltshire Police,-1.794829,51.594790,On or near Cooper Fields,E01015512,Swindon 028C,Anti-social behaviour,,
9ec26fd126c28452b179a6ae630cf2104b330e7fd79b4d1aec3390430bf896ad,2012-12,Wiltshire Police,Wiltshire Police,-1.795706,51.595547,On or near Colman Park,E01015512,Swindon 028C,Criminal damage and arson,Investigation complete; no suspect identified,
204598e7b64c35f48c1c91725e6056cfe2a52eb8c7fb47adfe51470ca845881f,2012-12,Wiltshire Police,Wiltshire Police,-1.792968,51.594571,On or near Oakie Close,E01015512,Swindon 028C,Other theft,Offender given conditional discharge,
3cfd2d45804c3a7ee5a6e18c92a4c840842fb994801661195e6923ee7e7ead4d,2012-12,Wiltshire Police,Wiltshire Police,-1.794539,51.591894,On or near Henman Close,E01015512,Swindon 028C,Public disorder and weapons,Investigation complete; no suspect identified,
763ad81d9dfde481cb65beed999f26a647620d67896a804f947bf7dbac332958,2012-12,Wiltshire Police,Wiltshire Police,-1.798608,51.598825,On or near March Close,E01015518,Swindon 028D,Burglary,Investigation complete; no suspect identified,
f0c2e35ddc7f7d5156d8a17dd1fb5eed39809f8d8e7f230a460d2bb5a5560307,2012-12,Wiltshire Police,Wiltshire Police,-1.799839,51.597937,On or near Kelly Gardens,E01015518,Swindon 028D,Burglary,Investigation complete; no suspect identified,
868e702ba9e8822d83af6362d5fdb3265258aa10f6a72ec549e675e4b6516a5b,2012-12,Wiltshire Police,Wiltshire Police,-1.801731,51.597652,On or near Lewis Close,E01015518,Swindon 028D,Criminal damage and arson,Investigation complete; no suspect identified,
6588558533ba9990042175ef419b5b419ccf8e9a7f5b3955ee8dccdc51b02404,2012-12,Wiltshire Police,Wiltshire Police,-1.795287,51.598873,On or near Shepperton Way,E01015518,Swindon 028D,Other theft,Investigation complete; no suspect identified,
82577cccd5be09ffa3889559497999667ba6571ef284f1daaea1c6c9ef90633c,2012-12,Wiltshire Police,Wiltshire Police,-1.802184,51.596466,On or near Scotney Crescent,E01015518,Swindon 028D,Violent crime,Investigation complete; no suspect identified,
,2012-12,Wiltshire Police,Wiltshire Police,-1.805112,51.597226,On or near Supermarket,E01032710,Swindon 028E,Anti-social behaviour,,
,2012-12,Wiltshire Police,Wiltshire Police,-1.814473,51.595704,On or near White Eagle Road,E01032710,Swindon 028E,Anti-social behaviour,,
,2012-12,Wiltshire Police,Wiltshire Police,-1.805112,51.597226,On or near Supermarket,E01032710,Swindon 028E,Anti-social behaviour,,
,2012-12,Wiltshire Police,Wiltshire Police,-1.805112,51.597226,On or near Supermarket,E01032710,Swindon 028E,Anti-social behaviour,,
,2012-12,Wiltshire Police,Wiltshire Police,-1.810567,51.597622,On or near Mazurek Way,E01032710,Swindon 028E,Anti-social behaviour,,
2e843070e48648b30aa9ec039428c82a4c8fadbb7b0952125a32977905ff99e3,2012-12,Wiltshire Police,Wiltshire Police,-1.813063,51.598093,On or near Rysy Court,E01032710,Swindon 028E,Burglary,Investigation complete; no suspect identified,
2c63fdaf1badc6bd424f847ef2a93b6740e409c62d1a76b631e77c6164a20e44,2012-12,Wiltshire Police,Wiltshire Police,-1.811547,51.598073,On or near Piernik Close,E01032710,Swindon 028E,Burglary,Investigation complete; no suspect identified,
3146331dc9108b55a7444e4e637178a383be5de566dce50abb91d822d25e53f1,2012-12,Wiltshire Police,Wiltshire Police,-1.810567,51.597622,On or near Mazurek Way,E01032710,Swindon 028E,Criminal damage and arson,Investigation complete; no suspect identified,
8be98798d09392a8a76d27217652768d6620a4a560bb50e298881b47b680cd0e,2012-12,Wiltshire Police,Wiltshire Police,-1.805112,51.597226,On or near Supermarket,E01032710,Swindon 028E,Other theft,Offender given community sentence,
2971e31452dd3c525ea2c7e8a8e1b8a10d1c45e18c966ab20d306511a9a59071,2012-12,Wiltshire Police,Wiltshire Police,-1.813063,51.598093,On or near Rysy Court,E01032710,Swindon 028E,Other theft,Investigation complete; no suspect identified,
aaeff1fa791e5ee995872a45681ed794d6a478a6fa991a53f1f616fbd4f1ed04,2012-12,Wiltshire Police,Wiltshire Police,-1.805112,51.597226,On or near Supermarket,E01032710,Swindon 028E,Other theft,Investigation complete; no suspect identified,
71cc38435e5469bbf080fa3aefdb769c4ee7034ec0c65f2b811a06a6799b9cc3,2012-12,Wiltshire Police,Wiltshire Police,-1.805112,51.597226,On or near Supermarket,E01032710,Swindon 028E,Other theft,Investigation complete; no suspect identified,
129a7a04a2df537a2207b7903145f823cc7d30e27f3e137be1c8ccbb62f540b8,2012-12,Wiltshire Police,Wiltshire Police,-1.805112,51.597226,On or near Supermarket,E01032710,Swindon 028E,Other theft,Investigation complete; no suspect identified,
3a6cb1f72cfa7f78eeebe69562004ab6b78d673d4e55a69e75e91492846e2a27,2012-12,Wiltshire Police,Wiltshire Police,-1.805112,51.597226,On or near Supermarket,E01032710,Swindon 028E,Shoplifting,Offender given penalty notice,
c19d42e01095f3137d57a0640585833e11e19fc946c21b6aa2359e46a5725f23,2012-12,Wiltshire Police,Wiltshire Police,-1.805112,51.597226,On or near Supermarket,E01032710,Swindon 028E,Shoplifting,Defendant found not guilty,
bd3fff367d0bf807f43f572a03f4327bee9ec4f38bf19977ba3672c2ac277262,2012-12,Wiltshire Police,Wiltshire Police,-1.805112,51.597226,On or near Supermarket,E01032710,Swindon 028E,Shoplifting,Offender given penalty notice,
7e180c09b0bda283e784eaf5b1da56f0fff2dd9739e20cb33ad5098baf920f01,2012-12,Wiltshire Police,Wiltshire Police,-1.810567,51.597622,On or near Mazurek Way,E01032710,Swindon 028E,Shoplifting,Investigation complete; no suspect identified,
394a2e12b7d3d0d8859185c68ca35a346befa068521215d408fc5c66e7182bed,2012-12,Wiltshire Police,Wiltshire Police,-1.805112,51.597226,On or near Supermarket,E01032710,Swindon 028E,Shoplifting,Local resolution,
3e6d72aee8cff4f3720d5cc438e334fb7b9fe3844773c42bf949d6d6e2d5f822,2012-12,Wiltshire Police,Wiltshire Police,-1.805112,51.597226,On or near Supermarket,E01032710,Swindon 028E,Shoplifting,Offender given conditional discharge,
5a300be040db312460688f5b8b00e653588e00c255490b8c8a7eaa5c77d8675f,2012-12,Wiltshire Police,Wiltshire Police,-1.810567,51.597622,On or near Mazurek Way,E01032710,Swindon 028E,Shoplifting,Offender given penalty notice,
fdfe5910f0b92971a1aa774cb7cd3c6f0482c43d621161f7f678a428a277d9e1,2012-12,Wiltshire Police,Wiltshire Police,-1.805112,51.597226,On or near Supermarket,E01032710,Swindon 028E,Shoplifting,Offender sent to prison,
ed6d77ffc8dc5de66d325825442c894e04f4c1717fb8b8e87eb2571ecafcd9ae,2012-12,Wiltshire Police,Wiltshire Police,-1.805112,51.597226,On or near Supermarket,E01032710,Swindon 028E,Shoplifting,Offender given a caution,
f4aee5448baab4182f3b59a9e5541149c78d1e5b29f26558cf13bcf91c14c063,2012-12,Wiltshire Police,Wiltshire Police,-1.805112,51.597226,On or near Supermarket,E01032710,Swindon 028E,Shoplifting,Investigation complete; no suspect identified,
c870adf43ef5637af454defbcaac6af1c88920501296cc2d5217614643590504,2012-12,Wiltshire Police,Wiltshire Police,-1.805112,51.597226,On or near Supermarket,E01032710,Swindon 028E,Shoplifting,Local resolution,
cb3a212416aaed2915a3b71f1d19171e51219b86b0f97f8a306dcfdc04c9052f,2012-12,Wiltshire Police,Wiltshire Police,-1.805112,51.597226,On or near Supermarket,E01032710,Swindon 028E,Shoplifting,Offender given suspended prison sentence,
f17f7750674092f648dda07d6a4f7d8c0736be79a8cb05d9525011bcca302ed6,2012-12,Wiltshire Police,Wiltshire Police,-1.805112,51.597226,On or near Supermarket,E01032710,Swindon 028E,Shoplifting,Offender fined,
1112d4908eb8fb3ac07ab4e345e188ed120ee5afcc3e24f4c8b7497e44225ee1,2012-12,Wiltshire Police,Wiltshire Police,-1.805112,51.597226,On or near Supermarket,E01032710,Swindon 028E,Shoplifting,Offender given suspended prison sentence,
e9c7ae4b1eb95575423abc5c854bbf6a295fde817e6734d275f715e3189a6edf,2012-12,Wiltshire Police,Wiltshire Police,-1.811547,51.598073,On or near Piernik Close,E01032710,Swindon 028E,Vehicle crime,Investigation complete; no suspect identified,
eb52b9cbb4e522d05a606e937b25c7444936d6f6ebc0029b8ac87c32422c9dec,2012-12,Wiltshire Police,Wiltshire Police,-1.805112,51.597226,On or near Supermarket,E01032710,Swindon 028E,Violent crime,Investigation complete; no suspect identified,
799b4d18edbb081b1eab31e2129b6e6ed80e3782689c5c9c69e2fddec6d7e83c,2012-12,Wiltshire Police,Wiltshire Police,-1.813063,51.598093,On or near Rysy Court,E01032710,Swindon 028E,Violent crime,Investigation complete; no suspect identified,
58ebf5777177d02279225c4b37d1e76978a25ba6591c9da80917c85dc96b2da3,2012-12,Wiltshire Police,Wiltshire Police,-1.805112,51.597226,On or near Supermarket,E01032710,Swindon 028E,Violent crime,Investigation complete; no suspect identified,
be7e2da96d42c2cf2741e1fc97e683bb84f78c218d82135af1a2527e440327ee,2012-12,Wiltshire Police,Wiltshire Police,-1.805112,51.597226,On or near Supermarket,E01032710,Swindon 028E,Other crime,Offender ordered to pay compensation,
87b3b82842d9867acce4789ee27456c663ffed264f5d6c4337260694abb9b025,2012-12,Wiltshire Police,Wiltshire Police,-1.688618,51.584900,On or near Parking Area,E01028746,Vale of White Horse 016B,Criminal damage and arson,Investigation complete; no suspect identified,
b084bab46d45daa0006062f90bfff6c07313c5ddb1949468f90d1b6e2855aecf,2012-12,Wiltshire Police,Wiltshire Police,-1.551798,51.481469,On or near Sports/Recreation Area,E01016304,West Berkshire 002B,Public disorder and weapons,Investigation complete; no suspect identified,
,2012-12,Wiltshire Police,Wiltshire Police,-1.953691,51.659283,On or near Park/Open Space,E01031887,Wiltshire 001A,Anti-social behaviour,,
5e4395bc2594ed69d7151a528496b6de1495b655b8dde3db23cb076c3095a905,2012-12,Wiltshire Police,Wiltshire Police,-1.932882,51.644033,On or near Birch Glade,E01031887,Wiltshire 001A,Burglary,Investigation complete; no suspect identified,
b805abb9487163b1a43911c016d6df8543e261a685bb5c3625b1a969905562b6,2012-12,Wiltshire Police,Wiltshire Police,-1.930108,51.624350,On or near B4696,E01031887,Wiltshire 001A,Burglary,Investigation complete; no suspect identified,
c747d11f3c4921f4ecd54a9a43395b5416d1544c4ab97fcc605cedee1b78e287,2012-12,Wiltshire Police,Wiltshire Police,-1.928256,51.644687,On or near Four Acre Close,E01031887,Wiltshire 001A,Burglary,Investigation complete; no suspect identified,
,2012-12,Wiltshire Police,Wiltshire Police,-1.859080,51.633529,On or near Park/Open Space,E01031934,Wiltshire 001B,Anti-social behaviour,,
,2012-12,Wiltshire Police,Wiltshire Police,-1.865798,51.643374,On or near West Mill Lane,E01031934,Wiltshire 001B,Anti-social behaviour,,
,2012-12,Wiltshire Police,Wiltshire Police,-1.856452,51.637743,On or near Pauls Croft,E01031934,Wiltshire 001B,Anti-social behaviour,,
,2012-12,Wiltshire Police,Wiltshire Police,-1.869159,51.640689,On or near Common Hill,E01031934,Wiltshire 001B,Anti-social behaviour,,
,2012-12,Wiltshire Police,Wiltshire Police,-1.839384,51.638431,On or near A419,E01031934,Wiltshire 001B,Anti-social behaviour,,
df9b5c4029bbd12ca9a082839c82e3b293fb01e5fc650d937a728b1fabc86539,2012-12,Wiltshire Police,Wiltshire Police,-1.831366,51.634068,On or near Petrol Station,E01031934,Wiltshire 001B,Burglary,Investigation complete; no suspect identified,
b998adb8c8db1ed6acc19c644c66c5af0dd0645fdcfdbe9fdbace4e05d877815,2012-12,Wiltshire Police,Wiltshire Police,-1.864030,51.640323,On or near Bishopsfield,E01031934,Wiltshire 001B,Criminal damage and arson,Offender sent to prison,
45128c86d526f7395f228e6711cefb1e47d0708f5c07dfb558a708b8d5da1118,2012-12,Wiltshire Police,Wiltshire Police,-1.867637,51.642180,On or near Sports/Recreation Area,E01031934,Wiltshire 001B,Other theft,Investigation complete; no suspect identified,
1fcc3d56315edff4227de5a0f94b8d9e26c5c3a8367adc236019e056b8e7c42c,2012-12,Wiltshire Police,Wiltshire Police,-1.831366,51.634068,On or near Petrol Station,E01031934,Wiltshire 001B,Other theft,Investigation complete; no suspect identified,
3440340d05aa21cd129cae79ece8719568badf3bbf4b68828f73ace77f439292,2012-12,Wiltshire Police,Wiltshire Police,-1.883698,51.628881,On or near Braydon Lane,E01031934,Wiltshire 001B,Vehicle crime,Investigation complete; no suspect identified,
551da7d137ba4b4a3dced49cef15864e9fac1830b56091f4bf462c9c5d7692d9,2012-12,Wiltshire Police,Wiltshire Police,-1.834439,51.635214,On or near Petrol Station,E01031934,Wiltshire 001B,Other crime,Court case unable to proceed,
,2012-12,Wiltshire Police,Wiltshire Police,-1.856581,51.642571,On or near Gas Lane,E01031935,Wiltshire 001C,Anti-social behaviour,,
,2012-12,Wiltshire Police,Wiltshire Police,-1.856581,51.642571,On or near Gas Lane,E01031935,Wiltshire 001C,Anti-social behaviour,,
,2012-12,Wiltshire Police,Wiltshire Police,-1.854690,51.641949,On or near Horse Fair Lane,E01031935,Wiltshire 001C,Anti-social behaviour,,
527659763a85e9fde4eac835c7b7f4a1f3795f8115f3c58e600b7fb3c3222493,2012-12,Wiltshire Police,Wiltshire Police,-1.852772,51.640562,On or near Calcutt Street,E01031935,Wiltshire 001C,Criminal damage and arson,Investigation complete; no suspect identified,
f63245b763cdc7380a3163185de8376c527ad7002927917772663757dfbb2817,2012-12,Wiltshire Police,Wiltshire Police,-1.857153,51.639785,On or near High Street,E01031935,Wiltshire 001C,Other theft,Investigation complete; no suspect identified,
e30700e0069d91d869970cea429dd2528145b52f49c3cafb49acc9bc878a88d6,2012-12,Wiltshire Police,Wiltshire Police,-1.855089,51.643765,On or near Rectory Lane,E01031935,Wiltshire 001C,Other theft,Investigation complete; no suspect identified,
e10cd51556463583885a869eb622d1c1d72344ac17025acb9020aa3c9ef53993,2012-12,Wiltshire Police,Wiltshire Police,-1.856581,51.642571,On or near Gas Lane,E01031935,Wiltshire 001C,Shoplifting,Offender otherwise dealt with,
09a36c17f0b73591e7565ca407b85438444648acfccb306fdf3b7f2a246dda7e,2012-12,Wiltshire Police,Wiltshire Police,-1.856581,51.642571,On or near Gas Lane,E01031935,Wiltshire 001C,Violent crime,Offender given suspended prison sentence,
cb4203794fb6c75fb6fb19fe5617a1a35592c430dc5161d40f649580a5f923b1,2012-12,Wiltshire Police,Wiltshire Police,-1.849434,51.640674,On or near Stockham Gardens,E01031935,Wiltshire 001C,Violent crime,Investigation complete; no suspect identified,
,2012-12,Wiltshire Police,Wiltshire Police,-1.857849,51.639228,On or near Portwell,E01031936,Wiltshire 001D,Anti-social behaviour,,
30a02ebc33b4c926d0f0a3da6a98f299fdef66c164cb6ada6ed3268b2940ab81,2012-12,Wiltshire Police,Wiltshire Police,-1.860472,51.641326,On or near Bath Road,E01031936,Wiltshire 001D,Criminal damage and arson,Investigation complete; no suspect identified,
6b3d3115cb6bf020b6cc82f722c36309cc2331b36fffdf0d501bd67ac4e5bbfb,2012-12,Wiltshire Police,Wiltshire Police,-1.856977,51.640792,On or near Church Lane,E01031936,Wiltshire 001D,Criminal damage and arson,Investigation complete; no suspect identified,
20e6556e5ea936e3988afa629fabaa6fcfa5487e526a4ae4d896d1778931aa19,2012-12,Wiltshire Police,Wiltshire Police,-1.864403,51.641124,On or near Cliffords,E01031936,Wiltshire 001D,Criminal damage and arson,Investigation complete; no suspect identified,
9ba653664478c9c090d4527e6a7e16f35401981f99a7e5c822d0f1e84e918b4d,2012-12,Wiltshire Police,Wiltshire Police,-1.862578,51.642606,On or near Fullers Avenue,E01031936,Wiltshire 001D,Drugs,Offender given penalty notice,
2a620bb53389cca98ffbca3a792cb39ae57fbb34da3929503c74fa51386ed36a,2012-12,Wiltshire Police,Wiltshire Police,-1.864403,51.641124,On or near Cliffords,E01031936,Wiltshire 001D,Vehicle crime,Investigation complete; no suspect identified,
b8a6ccb0570e3d3b0095ca27a3d1c8e617e7c0bd816e894003c7e33114b20df9,2012-12,Wiltshire Police,Wiltshire Police,-1.862546,51.643801,On or near Fairfield,E01031936,Wiltshire 001D,Violent crime,Investigation complete; no suspect identified,
bea1d7e957aebe2db0bb67c2f3b5f4c3c2f65b2ee5bf30426f293d712c6a3320,2012-12,Wiltshire Police,Wiltshire Police,-2.016654,51.632129,On or near Airport/Airfield,E01031885,Wiltshire 002A,Criminal damage and arson,Under investigation,
a2c68ce056e9033a04f368869335c0865407807d4527567acdc9f663487e9aa9,2012-12,Wiltshire Police,Wiltshire Police,-2.042039,51.647309,On or near The Grove,E01031885,Wiltshire 002A,Criminal damage and arson,Investigation complete; no suspect identified,
44bf0849c85842f55f0731e1df3b458f09613de4e113381539781c9dab3d430e,2012-12,Wiltshire Police,Wiltshire Police,-2.016654,51.632129,On or near Airport/Airfield,E01031885,Wiltshire 002A,Criminal damage and arson,Investigation complete; no suspect identified,
f13844213db25ebbe6d949b68db118ec6fd8177366edb63036f2cd7eb5c78edd,2012-12,Wiltshire Police,Wiltshire Police,-2.069653,51.634555,On or near Brookside,E01031885,Wiltshire 002A,Other theft,Investigation complete; no suspect identified,
,2012-12,Wiltshire Police,Wiltshire Police,-2.106417,51.588285,On or near St Aldhelms Close,E01031947,Wiltshire 002B,Anti-social behaviour,,
,2012-12,Wiltshire Police,Wiltshire Police,-2.103901,51.586228,On or near Hudson Road,E01031947,Wiltshire 002B,Anti-social behaviour,,
,2012-12,Wiltshire Police,Wiltshire Police,-2.105305,51.587683,On or near Hodge Lane,E01031947,Wiltshire 002B,Anti-social behaviour,,
bde198f1c09108fbc0b5492d149dfdba5da90890bc19570966b60648f643229f,2012-12,Wiltshire Police,Wiltshire Police,-2.106056,51.588141,On or near St Aldhelm Road,E01031947,Wiltshire 002B,Violent crime,Investigation complete; no suspect identified,
65495e6c624114502db6dce8ff91dfa61c7119c75032ac623c1380d659232a01,2012-12,Wiltshire Police,Wiltshire Police,-2.109607,51.588228,On or near Basevi Close,E01031947,Wiltshire 002B,Violent crime,Offender given suspended prison sentence,
,2012-12,Wiltshire Police,Wiltshire Police,-2.096007,51.593518,On or near Lacemakers Road,E01031948,Wiltshire 002C,Anti-social behaviour,,
,2012-12,Wiltshire Police,Wiltshire Police,-2.101440,51.589341,On or near Supermarket,E01031948,Wiltshire 002C,Anti-social behaviour,,
,2012-12,Wiltshire Police,Wiltshire Police,-2.102924,51.594618,On or near Beuttell Way,E01031948,Wiltshire 002C,Anti-social behaviour,,
29daf7b0cdeec71ebe753ec4c1bdf28920483a5e00e99bf884991a9fcc8b2b88,2012-12,Wiltshire Police,Wiltshire Police,-2.101440,51.589341,On or near Supermarket,E01031948,Wiltshire 002C,Criminal damage and arson,Investigation complete; no suspect identified,
,2012-12,Wiltshire Police,Wiltshire Police,-2.097545,51.583563,On or near Supermarket,E01031949,Wiltshire 002D,Anti-social behaviour,,
,2012-12,Wiltshire Police,Wiltshire Police,-2.097849,51.584129,On or near High Street,E01031949,Wiltshire 002D,Anti-social behaviour,,
,2012-12,Wiltshire Police,Wiltshire Police,-2.101908,51.585798,On or near Katifer Lane,E01031949,Wiltshire 002D,Anti-social behaviour,,
,2012-12,Wiltshire Police,Wiltshire Police,-2.096575,51.582143,On or near Ingram Street,E01031949,Wiltshire 002D,Anti-social behaviour,,
6b6d4671d8bb863137747362169b68551b0c5442a2a781dbc7148b6edc73e02b,2012-12,Wiltshire Police,Wiltshire Police,-2.108834,51.584875,On or near Bremilham Rise,E01031949,Wiltshire 002D,Burglary,Investigation complete; no suspect identified,
b8e32b80c5c712675fe5daf06c9a6f520e48a88721572a0ebdfb15310e15f54d,2012-12,Wiltshire Police,Wiltshire Police,-2.099554,51.584793,On or near Abbey Row,E01031949,Wiltshire 002D,Criminal damage and arson,Investigation complete; no suspect identified,
2e9af48b84346dfcd640762457e69b1080666f818f77641915f79bc564c7d540,2012-12,Wiltshire Police,Wiltshire Police,-2.101908,51.585798,On or near Katifer Lane,E01031949,Wiltshire 002D,Other theft,Investigation complete; no suspect identified,
ac7943925cef2b50db75cc3d71766d74a4b972a86a3ff13ebaf4a574ad1ad511,2012-12,Wiltshire Police,Wiltshire Police,-2.102648,51.587236,On or near Foundry Road,E01031949,Wiltshire 002D,Vehicle crime,Investigation complete; no suspect identified,
bab77ad8b28bbbe5329177a73b9925157d19a152583aabc0a5f1eca5fb9a103e,2012-12,Wiltshire Police,Wiltshire Police,-2.101436,51.587615,On or near Gloucester Road,E01031949,Wiltshire 002D,Vehicle crime,Investigation complete; no suspect identified,
54a2c06643d9ad1f4b24f0df07bcc3077878bd2016a6eccfb0d16448e921d246,2012-12,Wiltshire Police,Wiltshire Police,-2.097905,51.583185,On or near High Street,E01031949,Wiltshire 002D,Violent crime,Offender given a caution,
22884fd2b36b17360d2b606c232024381ae48ac7f903eae0871ea8195b5cc0e4,2012-12,Wiltshire Police,Wiltshire Police,-2.097214,51.583860,On or near Oxford Street,E01031949,Wiltshire 002D,Violent crime,Investigation complete; no suspect identified,
,2012-12,Wiltshire Police,Wiltshire Police,-1.866141,51.595774,On or near Widham,E01031954,Wiltshire 003A,Anti-social behaviour,,
,2012-12,Wiltshire Police,Wiltshire Police,-1.865822,51.591287,On or near Bamford Close,E01031954,Wiltshire 003A,Anti-social behaviour,,
92b1574bdc2e956882f13ead4877ab7a6b42c3d30359f6749cc12e50e70fe339,2012-12,Wiltshire Police,Wiltshire Police,-1.857621,51.582484,On or near Park/Open Space,E01031954,Wiltshire 003A,Burglary,Investigation complete; no suspect identified,
96b41d1b966f8ba04251b713220c72edaa274d25a9ce05d09b8f2f4122269922,2012-12,Wiltshire Police,Wiltshire Police,-1.875784,51.595929,On or near The Common,E01031955,Wiltshire 003B,Burglary,Investigation complete; no suspect identified,
d4a6759cdd5c0c331f9415b849a0e19c114c0aae7c3b641d716c16d49b7f9329,2012-12,Wiltshire Police,Wiltshire Police,-1.866823,51.589643,On or near Willowbrook,E01031955,Wiltshire 003B,Burglary,Investigation complete; no suspect identified,
f19ce7bd3b1f860f744172e204b2ae63ebe400a6d8975ed48ba11c99f82d9afa,2012-12,Wiltshire Police,Wiltshire Police,-1.875784,51.595929,On or near The Common,E01031955,Wiltshire 003B,Criminal damage and arson,Investigation complete; no suspect identified,
64f421971a9186811bd65170064a932585676252047a8fea575fe901597fe4a2,2012-12,Wiltshire Police,Wiltshire Police,-1.866949,51.585741,On or near Park/Open Space,E01031955,Wiltshire 003B,Other theft,Investigation complete; no suspect identified,
f2144fd61f2a6c1f47286e4387d98b5c392b7d04855ec0d23be458a9741983e6,2012-12,Wiltshire Police,Wiltshire Police,-1.872994,51.586772,On or near High Street,E01031955,Wiltshire 003B,Other theft,Investigation complete; no suspect identified,
d5e47062c4353ad09e9b4d4bd5c7bbd8d8e4d01cabdd2db8990d3ddfda0183c2,2012-12,Wiltshire Police,Wiltshire Police,-1.885855,51.586372,On or near Restrop View,E01031955,Wiltshire 003B,Violent crime,Local resolution,
,2012-12,Wiltshire Police,Wiltshire Police,-1.884297,51.586307,On or near Dogridge,E01031956,Wiltshire 003C,Anti-social behaviour,,
,2012-12,Wiltshire Police,Wiltshire Police,-1.884297,51.586307,On or near Dogridge,E01031956,Wiltshire 003C,Anti-social behaviour,,
,2012-12,Wiltshire Police,Wiltshire Police,-1.884297,51.586307,On or near Dogridge,E01031956,Wiltshire 003C,Anti-social behaviour,,
3b4b69a4ff3b1e71ee68e0291eeb20e3dbeb961a386a4fb7aaefa268061ca0ce,2012-12,Wiltshire Police,Wiltshire Police,-1.885439,51.579916,On or near Mud Lane,E01031956,Wiltshire 003C,Burglary,Investigation complete; no suspect identified,
dadc23360b13e67b224f2a69f9fab3aaf7b16c9a00a70d51cb36d723ba60d3ec,2012-12,Wiltshire Police,Wiltshire Police,-1.924242,51.599207,On or near Braydon Road,E01031956,Wiltshire 003C,Burglary,Investigation complete; no suspect identified,
53ac50cbaac9f26b3726c51703e39d995441842bd400288d833ca0f5956984c0,2012-12,Wiltshire Police,Wiltshire Police,-1.877274,51.584106,On or near Kibblewhite Close,E01031956,Wiltshire 003C,Drugs,Investigation complete; no suspect identified,
b67d1a9c7363f91ccb255e9bb5ba0faec0c40fe7bff933e1b18a80cfa2983ec0,2012-12,Wiltshire Police,Wiltshire Police,-1.872014,51.586232,On or near The Peak,E01031956,Wiltshire 003C,Violent crime,Under investigation,
,2012-12,Wiltshire Police,Wiltshire Police,-1.858934,51.568621,On or near Park Lane,E01031962,Wiltshire 003D,Anti-social behaviour,,
46bf706e0de9b1c09a50305cf3138d4e42b6c5203140277e5937af6d58295a9c,2012-12,Wiltshire Police,Wiltshire Police,-1.863224,51.571881,On or near The Close,E01031962,Wiltshire 003D,Burglary,Investigation complete; no suspect identified,
7aaec1dcaa6d2947c3945a778a792335bfab8b1c0efe2ebcca40527acf01531c,2012-12,Wiltshire Police,Wiltshire Police,-1.863696,51.573257,On or near Bury Fields,E01031962,Wiltshire 003D,Criminal damage and arson,Investigation complete; no suspect identified,
fdb969dc47baf2b1993d0fd073292f3d9796d5109d411e646d6de43d2515e2d5,2012-12,Wiltshire Police,Wiltshire Police,-1.863696,51.573257,On or near Bury Fields,E01031962,Wiltshire 003D,Other theft,Offender given a caution,
,2012-12,Wiltshire Police,Wiltshire Police,-1.998854,51.618679,On or near Flisteridge Road,E01031886,Wiltshire 004A,Anti-social behaviour,,
a6dfa619bcdf7e916a3a890543b1d7da6293d84e299592dae39b1018d02eb931,2012-12,Wiltshire Police,Wiltshire Police,-1.958822,51.612297,On or near Fairfield,E01031886,Wiltshire 004A,Violent crime,Investigation complete; no suspect identified,
,2012-12,Wiltshire Police,Wiltshire Police,-2.052930,51.543176,On or near Paddock Close,E01031892,Wiltshire 004B,Anti-social behaviour,,
9cb2df9fd829183cac058cb83e360fedd3b4173621d22bc2966b8bbacd1530e9,2012-12,Wiltshire Police,Wiltshire Police,-2.051720,51.543940,On or near Winkins Lane,E01031892,Wiltshire 004B,Criminal damage and arson,Investigation complete; no suspect identified,
007ed2790153f9321d85054cd1bfa146a86742f6fdd7f94c283c877507756bbb,2012-12,Wiltshire Police,Wiltshire Police,-2.051720,51.543940,On or near Winkins Lane,E01031892,Wiltshire 004B,Criminal damage and arson,Local resolution,
ee944629606f621aa8eda2d5e3258ea1c927c2557d727b90b994f762412c90ef,2012-12,Wiltshire Police,Wiltshire Police,-2.006425,51.536525,On or near The Green,E01031892,Wiltshire 004B,Criminal damage and arson,Investigation complete; no suspect identified,
79ef372104cf44154a66a6a9284342f1fcf0bbb61612def23293b936a142963d,2012-12,Wiltshire Police,Wiltshire Police,-2.063961,51.543305,On or near Shiptons Lane,E01031892,Wiltshire 004B,Drugs,Offender given penalty notice,
,2012-12,Wiltshire Police,Wiltshire Police,-1.982744,51.555711,On or near Brooklands,E01031893,Wiltshire 004C,Anti-social behaviour,,
261ea114b2abb7b84b0edbf8f02b319be869e69ed45f09c535da88cb2c40e4ea,2012-12,Wiltshire Police,Wiltshire Police,-2.002460,51.535509,On or near M4,E01031893,Wiltshire 004C,Other theft,Investigation complete; no suspect identified,
183e47f361bb90719be9eea7b1cdaa5f873013f344248da7ab24fadd53ad4b92,2012-12,Wiltshire Police,Wiltshire Police,-2.007864,51.520097,On or near Beeches Lane,E01031893,Wiltshire 004C,Vehicle crime,Investigation complete; no suspect identified,
5641d9a0d6e7eaa9fbb240c1ee64a4fb04f9e4c991b06aaee954d66e99bee6d7,2012-12,Wiltshire Police,Wiltshire Police,-2.044971,51.616800,On or near Follyfield,E01031894,Wiltshire 004D,Violent crime,Offender fined,
,2012-12,Wiltshire Police,Wiltshire Police,-2.241707,51.552820,On or near Hollis Gardens,E01031957,Wiltshire 005A,Anti-social behaviour,,
,2012-12,Wiltshire Police,Wiltshire Police,-2.215777,51.574459,On or near Strongs Close,E01031957,Wiltshire 005A,Anti-social behaviour,,
ae139b99f8ed241e50735a2837392707eb560fb2b7352093f03a54ef7e033605,2012-12,Wiltshire Police,Wiltshire Police,-2.211537,51.572030,On or near Noble Street,E01031957,Wiltshire 005A,Criminal damage and arson,Investigation complete; no suspect identified,
6e3f6c11f73d3d0a1f4fc23c9d5ade2d62521d3c2d1834f3e3da67623ef1eca5,2012-12,Wiltshire Police,Wiltshire Police,-2.211537,51.572030,On or near Noble Street,E01031957,Wiltshire 005A,Violent crime,Offender given a caution,
60f2f93f01de740960a34b51d8e1cb7f438f1f3357c2e7d2b5aa53d6c7a0559a,2012-12,Wiltshire Police,Wiltshire Police,-2.211537,51.572030,On or near Noble Street,E01031957,Wiltshire 005A,Violent crime,Offender given a caution,
baf3c0a8c1d78a8e59bd1c65d2e63b136fba9407d6051d29df18851d2b78bcbe,2012-12,Wiltshire Police,Wiltshire Police,-2.211537,51.572030,On or near Noble Street,E01031957,Wiltshire 005A,Violent crime,Offender given a caution,
aa0252e08f70fd3af059ff3e2914475351867e5ec1619f96859266645abb9bad,2012-12,Wiltshire Police,Wiltshire Police,-2.211537,51.572030,On or near Noble Street,E01031957,Wiltshire 005A,Violent crime,Offender given a caution,
,2012-12,Wiltshire Police,Wiltshire Police,-2.191637,51.581721,On or near Bransdown Hill,E01031958,Wiltshire 005B,Anti-social behaviour,,
,2012-12,Wiltshire Police,Wiltshire Police,-2.157126,51.534405,On or near The Parklands,E01031958,Wiltshire 005B,Anti-social behaviour,,
,2012-12,Wiltshire Police,Wiltshire Police,-2.094967,51.579186,On or near Barley Close,E01031959,Wiltshire 005C,Anti-social behaviour,,
0bf96667334eb2213c6fb766a1f9450fdec39e5d63275da9724e330242162aea,2012-12,Wiltshire Police,Wiltshire Police,-2.083337,51.588007,On or near Milbourne Park,E01031959,Wiltshire 005C,Other theft,Investigation complete; no suspect identified,
1b52e7abf3d3032b5bcdbe4e32c6cac6f99e1c8c683789bc957f13118d774505,2012-12,Wiltshire Police,Wiltshire Police,-2.088814,51.591536,On or near Petrol Station,E01031959,Wiltshire 005C,Violent crime,Investigation complete; no suspect identified,
,2012-12,Wiltshire Police,Wiltshire Police,-2.152235,51.537550,On or near The Street,E01031960,Wiltshire 005D,Anti-social behaviour,,
,2012-12,Wiltshire Police,Wiltshire Police,-2.095069,51.559046,On or near Grange Lane,E01031960,Wiltshire 005D,Anti-social behaviour,,
e5a5673fcccd006b0bfc5d2f9a4e173584c0ed7bcfcb2c8f6d5b11e7de5e1455,2012-12,Wiltshire Police,Wiltshire Police,-2.151725,51.540365,On or near Newtown,E01031960,Wiltshire 005D,Vehicle crime,Investigation complete; no suspect identified,
,2012-12,Wiltshire Police,Wiltshire Police,-1.902050,51.545782,On or near Sprats Barn Crescent,E01031963,Wiltshire 006A,Anti-social behaviour,,
,2012-12,Wiltshire Police,Wiltshire Police,-1.902731,51.544272,On or near Coxstalls,E01031963,Wiltshire 006A,Anti-social behaviour,,
17564a9b0344e85831cb158ee99c29ba497cbe9e16fb496d8c0b4191e8f0c374,2012-12,Wiltshire Police,Wiltshire Police,-1.898003,51.543719,On or near The Rosary,E01031963,Wiltshire 006A,Criminal damage and arson,Investigation complete; no suspect identified,
57f5d19a628df0bd5d56722a0480d0dcf43b8755a075db5b2b8c8330f89bf0ac,2012-12,Wiltshire Police,Wiltshire Police,-1.902050,51.545782,On or near Sprats Barn Crescent,E01031963,Wiltshire 006A,Vehicle crime,Investigation complete; no suspect identified,
,2012-12,Wiltshire Police,Wiltshire Police,-1.889796,51.544233,On or near Squirrel Crescent,E01031964,Wiltshire 006B,Anti-social behaviour,,
,2012-12,Wiltshire Police,Wiltshire Police,-1.892052,51.547823,On or near Longfellow Crescent,E01031964,Wiltshire 006B,Anti-social behaviour,,
d8b647d136948e1b49a04e4c677632576969f809b0790de5445db5aacc8d9c5f,2012-12,Wiltshire Police,Wiltshire Police,-1.890601,51.545601,On or near Shakespeare Road,E01031964,Wiltshire 006B,Criminal damage and arson,Investigation complete; no suspect identified,
98ecb0159f3e6879ccdb97f8720ec03843fcf4027dda1bdff249519a97294790,2012-12,Wiltshire Police,Wiltshire Police,-1.890601,51.545601,On or near Shakespeare Road,E01031964,Wiltshire 006B,Criminal damage and arson,Investigation complete; no suspect identified,
90f6b3df6ce57b74cf2583e141fdfa4e96394132cff42d659b70e930be0441db,2012-12,Wiltshire Police,Wiltshire Police,-1.892052,51.547823,On or near Longfellow Crescent,E01031964,Wiltshire 006B,Other theft,Under investigation,
0e0b1c7b31fd76309ef48110986e4be669cda0043d2476605c6e62c1c9cd8179,2012-12,Wiltshire Police,Wiltshire Police,-1.889208,51.543145,On or near Badger Close,E01031964,Wiltshire 006B,Vehicle crime,Investigation complete; no suspect identified,
,2012-12,Wiltshire Police,Wiltshire Police,-1.902907,51.542851,On or near High Street,E01031967,Wiltshire 006C,Anti-social behaviour,,
,2012-12,Wiltshire Police,Wiltshire Police,-1.899084,51.537219,On or near Daisy Brook,E01031967,Wiltshire 006C,Anti-social behaviour,,
,2012-12,Wiltshire Police,Wiltshire Police,-1.906427,51.542207,On or near Wood Street,E01031967,Wiltshire 006C,Anti-social behaviour,,
,2012-12,Wiltshire Police,Wiltshire Police,-1.906101,51.539464,On or near The Maltings,E01031967,Wiltshire 006C,Anti-social behaviour,,
,2012-12,Wiltshire Police,Wiltshire Police,-1.902907,51.542851,On or near High Street,E01031967,Wiltshire 006C,Anti-social behaviour,,
,2012-12,Wiltshire Police,Wiltshire Police,-1.900989,51.543155,On or near Mitchell Close,E01031967,Wiltshire 006C,Anti-social behaviour,,
,2012-12,Wiltshire Police,Wiltshire Police,-1.904655,51.541441,On or near Supermarket,E01031967,Wiltshire 006C,Anti-social behaviour,,
,2012-12,Wiltshire Police,Wiltshire Police,-1.905056,51.542835,On or near Supermarket,E01031967,Wiltshire 006C,Anti-social behaviour,,
5461f3732db0b3fb06b725ef420815d66a1369485907a1f2e2b2b111f22b143c,2012-12,Wiltshire Police,Wiltshire Police,-1.904117,51.543751,On or near The Lawns,E01031967,Wiltshire 006C,Criminal damage and arson,Investigation complete; no suspect identified,
61078dfbe9751e399c12a2e0896751c23f1200c0d794740f5b1101dd3956a07f,2012-12,Wiltshire Police,Wiltshire Police,-1.902907,51.542851,On or near High Street,E01031967,Wiltshire 006C,Criminal damage and arson,Investigation complete; no suspect identified,
bd3ed4f04f65613a777e2c3ccfeb2828371c94d89e15e076f7703767d00821e6,2012-12,Wiltshire Police,Wiltshire Police,-1.900601,51.542534,On or near Tinkers Field,E01031967,Wiltshire 006C,Criminal damage and arson,Investigation complete; no suspect identified,
7de90c6e86e1e060b5cf60aecedd45f9648e1395b0d019f57f69e075f6b58a1d,2012-12,Wiltshire Police,Wiltshire Police,-1.900989,51.543155,On or near Mitchell Close,E01031967,Wiltshire 006C,Criminal damage and arson,Investigation complete; no suspect identified,
aed8b9ca4badcee7cb2207287448f9e3564e0efa233b0f7a64e819235cf7b4ed,2012-12,Wiltshire Police,Wiltshire Police,-1.902907,51.542851,On or near High Street,E01031967,Wiltshire 006C,Other theft,Investigation complete; no suspect identified,
068bf989cdeb88573eed24b457c513c24f3b8bc32d7d41157a79e4035685a94d,2012-12,Wiltshire Police,Wiltshire Police,-1.902907,51.542851,On or near High Street,E01031967,Wiltshire 006C,Other theft,Investigation complete; no suspect identified,
750b2d6bc667cbe292695a7ab6573030e9bd9f31a21a3a71f60372ba45a85389,2012-12,Wiltshire Police,Wiltshire Police,-1.904655,51.541441,On or near Supermarket,E01031967,Wiltshire 006C,Violent crime,Offender given a caution,
aff2bafca157c6d9d533b35e02e96d1e413411097138de116b8966ef56b51c55,2012-12,Wiltshire Police,Wiltshire Police,-1.905056,51.542835,On or near Supermarket,E01031967,Wiltshire 006C,Violent crime,Under investigation,
,2012-12,Wiltshire Police,Wiltshire Police,-1.887697,51.541741,On or near Roebuck Close,E01031969,Wiltshire 006D,Anti-social behaviour,,
,2012-12,Wiltshire Police,Wiltshire Police,-1.886281,51.542926,On or near Squires Hill Close,E01031969,Wiltshire 006D,Anti-social behaviour,,
d3319da5eaf7e547c916b323ac63e58c2066763c5afa10f51a086dbbacfdd59d,2012-12,Wiltshire Police,Wiltshire Police,-1.879527,51.545158,On or near Woolford Grange,E01031969,Wiltshire 006D,Other theft,Investigation complete; no suspect identified,
5343c3ec4d7f2bfcd2e62abfe274072aede779eca5c9159aa830063eb70abba7,2012-12,Wiltshire Police,Wiltshire Police,-1.883621,51.545549,On or near Lindisfarne,E01031969,Wiltshire 006D,Violent crime,Investigation complete; no suspect identified,
9c5aea086469e44f102f5dedd13b3367d95d85755df62dc07d1ce0c3114c9ed6,2012-12,Wiltshire Police,Wiltshire Police,-1.899803,51.498736,On or near Wood Street,E01031944,Wiltshire 007B,Burglary,Investigation complete; no suspect identified,
ffd93cbfaf1a4b3ca014e169a7667a554ae12777b495225cab1728e029a316dc,2012-12,Wiltshire Police,Wiltshire Police,-1.909792,51.502863,On or near Withy Bed,E01031944,Wiltshire 007B,Burglary,Investigation complete; no suspect identified,
97e2e502a1c0b4c3b12d80a24a143db951c6a0fa59d24ac4426ac80fd1248ccb,2012-12,Wiltshire Police,Wiltshire Police,-1.962506,51.504186,On or near Pintail Court,E01031944,Wiltshire 007B,Criminal damage and arson,Investigation complete; no suspect identified,
17e4edc1ae0ef8a52a7e8cdf93489411f31c9e2d7b34e2ed7c1ec33a6b321fc1,2012-12,Wiltshire Police,Wiltshire Police,-1.899803,51.498736,On or near Wood Street,E01031944,Wiltshire 007B,Vehicle crime,Investigation complete; no suspect identified,
,2012-12,Wiltshire Police,Wiltshire Police,-1.853674,51.548644,On or near Conference/Exhibition Centre,E01031961,Wiltshire 007E,Anti-social behaviour,,
edc2aaff7b3759089750e59a96985cc7a5fbd37fffe6719d2366a785754764ff,2012-12,Wiltshire Police,Wiltshire Police,-1.871637,51.504832,On or near Redhills,E01031961,Wiltshire 007E,Burglary,Investigation complete; no suspect identified,
c6ab61fbaeee236a555c8802b448121452b2a36c796c6e97f8600e18f1d1ecc3,2012-12,Wiltshire Police,Wiltshire Police,-1.853674,51.548644,On or near Conference/Exhibition Centre,E01031961,Wiltshire 007E,Criminal damage and arson,Local resolution,
a439e9c2d378268da3f00078284b369f4e41dabee08701e519ca21bf7f33f539,2012-12,Wiltshire Police,Wiltshire Police,-1.853674,51.548644,On or near Conference/Exhibition Centre,E01031961,Wiltshire 007E,Violent crime,Investigation complete; no suspect identified,
,2012-12,Wiltshire Police,Wiltshire Police,-1.894704,51.548302,On or near Swinburne Place,E01031965,Wiltshire 007F,Anti-social behaviour,,
,2012-12,Wiltshire Police,Wiltshire Police,-1.896114,51.549877,On or near Linden Close,E01031965,Wiltshire 007F,Anti-social behaviour,,
,2012-12,Wiltshire Police,Wiltshire Police,-1.900658,51.549476,On or near Showfield,E01031965,Wiltshire 007F,Anti-social behaviour,,
415688f31bf57977c25baae274f337810dea943533a5858f3d830b364e540a94,2012-12,Wiltshire Police,Wiltshire Police,-1.900084,51.554870,On or near Sports/Recreation Area,E01031965,Wiltshire 007F,Criminal damage and arson,Investigation complete; no suspect identified,
908244838e5ff786fa7ec1da62d8d81ad3fd34c9808479008b1247be2c997ada,2012-12,Wiltshire Police,Wiltshire Police,-1.897655,51.550660,On or near Maple Drive,E01031965,Wiltshire 007F,Criminal damage and arson,Local resolution,
ee3234c0357d3f83ed9e4c1dfc37952541914756d3bc0bbafe060523c1d11268,2012-12,Wiltshire Police,Wiltshire Police,-1.894807,51.547394,On or near Coleridge Close,E01031965,Wiltshire 007F,Criminal damage and arson,Investigation complete; no suspect identified,
,2012-12,Wiltshire Police,Wiltshire Police,-1.898598,51.535295,On or near Cloatley Crescent,E01031966,Wiltshire 007G,Anti-social behaviour,,
28dd2a3c8bf451a5be58c838d6d3df4af47dbcdf540642ccf86cbfa013c9371f,2012-12,Wiltshire Police,Wiltshire Police,-1.887081,51.522489,On or near Broadtown Road,E01031966,Wiltshire 007G,Burglary,Investigation complete; no suspect identified,
7060177fb1e601da6bd705512f2d53f458ccb85ef3259b5e6c6c8e39e905fd2d,2012-12,Wiltshire Police,Wiltshire Police,-1.887081,51.522489,On or near Broadtown Road,E01031966,Wiltshire 007G,Burglary,Investigation complete; no suspect identified,
c14a9074b4ef12953ddce6ba1d1ab998b9f31e4dfca284eb7b50963e2fbc4899,2012-12,Wiltshire Police,Wiltshire Police,-1.887081,51.522489,On or near Broadtown Road,E01031966,Wiltshire 007G,Other theft,Offender given a caution,
be5442b65ebff642f01c2222128fe1e6d26db250feeca0bcb90e4d514c9878d5,2012-12,Wiltshire Police,Wiltshire Police,-1.887081,51.522489,On or near Broadtown Road,E01031966,Wiltshire 007G,Other theft,Under investigation,
c19f700bb8064be6af74718dfb7e911c4e4c6068c951bd854ae76ab1d31acc2c,2012-12,Wiltshire Police,Wiltshire Police,-1.898598,51.535295,On or near Cloatley Crescent,E01031966,Wiltshire 007G,Violent crime,Investigation complete; no suspect identified,
6cb689d80242acdb75f72800b982734ed7f5c451dfa99394ce966e5d3bb6a411,2012-12,Wiltshire Police,Wiltshire Police,-1.898598,51.535295,On or near Cloatley Crescent,E01031966,Wiltshire 007G,Violent crime,Investigation complete; no suspect identified,
,2012-12,Wiltshire Police,Wiltshire Police,-1.904054,51.539049,On or near Glebe Road,E01031968,Wiltshire 007H,Anti-social behaviour,,
af9dee3cc423ea7a3fe7da5135b48be80b9d38f4fdae9c80e00dfe5f9d00946c,2012-12,Wiltshire Police,Wiltshire Police,-1.905167,51.537737,On or near Sports/Recreation Area,E01031968,Wiltshire 007H,Criminal damage and arson,Investigation complete; no suspect identified,
985ae3f5e99220265c7b62463890cc7a6eb78f22868b246ddd226249b32be995,2012-12,Wiltshire Police,Wiltshire Police,-1.913757,51.539551,On or near Bowman Court,E01031968,Wiltshire 007H,Other theft,Investigation complete; no suspect identified,
b1330772955c0b8b0eca0b0048a1869b602300a4dd076ade09599523075058f0,2012-12,Wiltshire Police,Wiltshire Police,-1.913757,51.539551,On or near Bowman Court,E01031968,Wiltshire 007H,Other theft,Investigation complete; no suspect identified,
,2012-12,Wiltshire Police,Wiltshire Police,-1.965803,51.507802,On or near Supermarket,E01032699,Wiltshire 007I,Anti-social behaviour,,
,2012-12,Wiltshire Police,Wiltshire Police,-1.969577,51.509880,On or near Bakers Field,E01032699,Wiltshire 007I,Anti-social behaviour,,
,2012-12,Wiltshire Police,Wiltshire Police,-1.971808,51.513737,On or near The Green,E01032699,Wiltshire 007I,Anti-social behaviour,,
,2012-12,Wiltshire Police,Wiltshire Police,-1.969577,51.509880,On or near Bakers Field,E01032699,Wiltshire 007I,Anti-social behaviour,,
a74ae4b283ffe0afc180399423e9dd610cb4e721580d3122a96659fe1d91af4a,2012-12,Wiltshire Police,Wiltshire Police,-1.969273,51.511201,On or near Webbs Court,E01032699,Wiltshire 007I,Criminal damage and arson,Investigation complete; no suspect identified,
35c1d204ee899d485909dd50a8a2bbf459a642f7c97e6cdc2ca84c141e05a2b5,2012-12,Wiltshire Police,Wiltshire Police,-1.985540,51.515772,On or near B4069,E01032699,Wiltshire 007I,Other theft,Investigation complete; no suspect identified,
b8f55bc9560fba845fbb19a244f3b1f17e59414b041a35b79b7878193dffde67,2012-12,Wiltshire Police,Wiltshire Police,-1.964750,51.508898,On or near Lancaster Square,E01032699,Wiltshire 007I,Robbery,Investigation complete; no suspect identified,
b6d906d83598e3af2fc373ff0cb4de4f9e4176df658a813fc43cc57da8273b30,2012-12,Wiltshire Police,Wiltshire Police,-1.975511,51.514161,On or near St Michaels Close,E01032699,Wiltshire 007I,Violent crime,Offender given a caution,
,2012-12,Wiltshire Police,Wiltshire Police,-2.124862,51.487599,On or near Moors Close,E01031939,Wiltshire 008A,Anti-social behaviour,,
535091dce85267f54629bda08d10f13f76dde5f54990d0bc3093cd6542aa2873,2012-12,Wiltshire Police,Wiltshire Police,-2.078350,51.525412,On or near Broadleaze,E01031939,Wiltshire 008A,Vehicle crime,Investigation complete; no suspect identified,
25b73f41cff8e5df9dc40d20d5caa5b996f93ae0c1e8ca7dceddafdd5f8be49f,2012-12,Wiltshire Police,Wiltshire Police,-2.124862,51.487599,On or near Moors Close,E01031939,Wiltshire 008A,Vehicle crime,Investigation complete; no suspect identified,
,2012-12,Wiltshire Police,Wiltshire Police,-2.139722,51.495917,On or near Paddock End,E01031940,Wiltshire 008B,Anti-social behaviour,,
b6fae6a3da41896b5d0616f3f8406cbd2b10f23db7afec35cccfd433a19833dc,2012-12,Wiltshire Police,Wiltshire Police,-2.199463,51.460539,On or near Church Road,E01031940,Wiltshire 008B,Burglary,Investigation complete; no suspect identified,
03ab9f6319d3357c1cbb8ed072d8c711e47732e9d45e1ce0efc1689bbc06f718,2012-12,Wiltshire Police,Wiltshire Police,-2.152917,51.470320,On or near Bristol Road,E01031940,Wiltshire 008B,Other theft,Investigation complete; no suspect identified,
6c03072d3b964407550465e458efa1a59faff90eb0bf60ca539944708b1ae908,2012-12,Wiltshire Police,Wiltshire Police,-2.162847,51.509419,On or near Petrol Station,E01031940,Wiltshire 008B,Other theft,Investigation complete; no suspect identified,
2dd9a14de4c052e5cc75835c4509ac79612f524b5916351dbfee96b618406217,2012-12,Wiltshire Police,Wiltshire Police,-2.190099,51.482943,On or near Farrells Field,E01031940,Wiltshire 008B,Other theft,Investigation complete; no suspect identified,
973d9103f3fb4cb3bcfbf481ea2d3686390726e5cefdd41391478c366343797e,2012-12,Wiltshire Police,Wiltshire Police,-2.146477,51.500180,On or near Honey Knob Hill,E01031940,Wiltshire 008B,Vehicle crime,Investigation complete; no suspect identified,
7ffd01d54b1b5ed9c859467c06c5dcff7c0a54786cfb07cf520cb4f2e1e4ab17,2012-12,Wiltshire Police,Wiltshire Police,-2.162847,51.509419,On or near Petrol Station,E01031940,Wiltshire 008B,Vehicle crime,Investigation complete; no suspect identified,
3899d071d930533ed2d6a6c8c5128e62bc5c98b325d4a2736c767036d0d176ef,2012-12,Wiltshire Police,Wiltshire Police,-2.203312,51.471547,On or near A420,E01031940,Wiltshire 008B,Vehicle crime,Investigation complete; no suspect identified,
,2012-12,Wiltshire Police,Wiltshire Police,-2.265429,51.497723,On or near Wood Lane,E01031950,Wiltshire 008C,Anti-social behaviour,,
1e479a604a134099c5450abbd55c1ac5f914534e3873e9098800ea0ad12020b0,2012-12,Wiltshire Police,Wiltshire Police,-2.268781,51.513972,On or near Toll Down Way,E01031950,Wiltshire 008C,Burglary,Investigation complete; no suspect identified,
99f58c75500b6a500e8617e338b89dc11124acb38c36a842a3ed0a0292f198d8,2012-12,Wiltshire Police,Wiltshire Police,-2.228385,51.473020,On or near Park Lane,E01031950,Wiltshire 008C,Burglary,Investigation complete; no suspect identified,
f044ce80e6691df6cf1ad72cad8c0401393d1f662a4a05a4f820e0b3c550b842,2012-12,Wiltshire Police,Wiltshire Police,-2.201581,51.519663,On or near The Street,E01031950,Wiltshire 008C,Burglary,Investigation complete; no suspect identified,
55cf7350211825b2cb96fc60de0a6d7f4bb9787bb531581348466ead25b5a756,2012-12,Wiltshire Police,Wiltshire Police,-2.228385,51.473020,On or near Park Lane,E01031950,Wiltshire 008C,Drugs,Offender given a drugs possession warning,
b6902a2102e1b1a7d8a12f073b0293f8b5a0747c7a634510e02902f530599712,2012-12,Wiltshire Police,Wiltshire Police,-2.286267,51.469063,On or near Richards Drive,E01031950,Wiltshire 008C,Other theft,Investigation complete; no suspect identified,
ec78e2d71e281c55cc3d694b76514ca73678ed3d858159ad6846318432688466,2012-12,Wiltshire Police,Wiltshire Police,-2.264342,51.513928,On or near Burton Farm Close,E01031950,Wiltshire 008C,Other theft,Investigation complete; no suspect identified,
,2012-12,Wiltshire Police,Wiltshire Police,-2.122922,51.526714,On or near Newbourne Gardens,E01031951,Wiltshire 008D,Anti-social behaviour,,
be9171cb20991fb054516fd56fe677701c754ccc4a43675b180e292aabecac4b,2012-12,Wiltshire Police,Wiltshire Police,-2.155606,51.511443,On or near Petrol Station,E01031951,Wiltshire 008D,Shoplifting,Offender given a caution,
3c24dcaae5a266af6c5416fdd56e3e96027b9ce2bbc70e747a3ee6c74fac6ef3,2012-12,Wiltshire Police,Wiltshire Police,-2.229886,51.493842,On or near Park Lane,E01031951,Wiltshire 008D,Vehicle crime,Investigation complete; no suspect identified,
64f31140ce0cd54afa01dca4123deb7a4636dcee46633d4a6be0f32be77f1991,2012-12,Wiltshire Police,Wiltshire Police,-2.155606,51.511443,On or near Petrol Station,E01031951,Wiltshire 008D,Violent crime,Investigation complete; no suspect identified,
70479a22c61a095c8b48b4f3e8a8b6eabc325a8b8d5b3ff1cf1e393586e1a745,2012-12,Wiltshire Police,Wiltshire Police,-2.121581,51.526346,On or near Seagry Road,E01031951,Wiltshire 008D,Other crime,Investigation complete; no suspect identified,
,2012-12,Wiltshire Police,Wiltshire Police,-2.131658,51.471865,On or near Hardenhuish Lane,E01031907,Wiltshire 009A,Anti-social behaviour,,
,2012-12,Wiltshire Police,Wiltshire Police,-2.136065,51.467643,On or near Hardenhuish Lane,E01031907,Wiltshire 009A,Anti-social behaviour,,
17eba74c0a4e581af7d69b130ec15e9d02c500c66b672b019750082e824d6913,2012-12,Wiltshire Police,Wiltshire Police,-2.131658,51.471865,On or near Hardenhuish Lane,E01031907,Wiltshire 009A,Burglary,Offender sent to prison,
abf615b543f88b7eee333fa5be59c280b8e159d55480240cfc5cedc407848c1e,2012-12,Wiltshire Police,Wiltshire Police,-2.134075,51.476367,On or near West Cepen Way,E01031907,Wiltshire 009A,Drugs,Offender given a drugs possession warning,
c3dcf59283e8b4ddaf09743bbf8b3382bab8a5a9719cbd29f16815e12189e773,2012-12,Wiltshire Police,Wiltshire Police,-2.137179,51.469566,On or near Fox Close,E01031907,Wiltshire 009A,Other theft,Investigation complete; no suspect identified,
889b0c04744790928fa11bb553537bcbf9403b95cf780d15caa7d658e8ea29e7,2012-12,Wiltshire Police,Wiltshire Police,-2.129912,51.475608,On or near Argyle Drive,E01031907,Wiltshire 009A,Shoplifting,Investigation complete; no suspect identified,
72aef337a4700d5bfc73da86d661aa7aeeae2110d6c9a7473763ed4d6656b5b9,2012-12,Wiltshire Police,Wiltshire Police,-2.140041,51.468367,On or near Jasmine Close,E01031907,Wiltshire 009A,Vehicle crime,Investigation complete; no suspect identified,
91c760b6e79140564d4a7c436346ddc74004f45eb3234ed170c6f7056585c9ba,2012-12,Wiltshire Police,Wiltshire Police,-2.129912,51.475608,On or near Argyle Drive,E01031907,Wiltshire 009A,Vehicle crime,Investigation complete; no suspect identified,
,2012-12,Wiltshire Police,Wiltshire Police,-2.127755,51.461287,On or near Canterbury Street,E01031910,Wiltshire 009B,Anti-social behaviour,,
,2012-12,Wiltshire Police,Wiltshire Police,-2.120760,51.461186,On or near Parking Area,E01031910,Wiltshire 009B,Anti-social behaviour,,
943e26304ddcb1b283d0e7878df3e9eef18c58222514af9d4fe75ced7948d32f,2012-12,Wiltshire Police,Wiltshire Police,-2.120760,51.461186,On or near Parking Area,E01031910,Wiltshire 009B,Criminal damage and arson,Investigation complete; no suspect identified,
313e3b60656ebe38bd0641e0a7a706f06b3530bb2ba7c758c2b42dcbf08dea39,2012-12,Wiltshire Police,Wiltshire Police,-2.122851,51.462748,On or near Marshfield Road,E01031910,Wiltshire 009B,Violent crime,Investigation complete; no suspect identified,
,2012-12,Wiltshire Police,Wiltshire Police,-2.118237,51.470899,On or near Supermarket,E01031914,Wiltshire 009C,Anti-social behaviour,,
,2012-12,Wiltshire Police,Wiltshire Police,-2.116584,51.472097,On or near Birds Marsh View,E01031914,Wiltshire 009C,Anti-social behaviour,,
,2012-12,Wiltshire Police,Wiltshire Police,-2.117175,51.472276,On or near Hill Corner Road,E01031914,Wiltshire 009C,Anti-social behaviour,,
,2012-12,Wiltshire Police,Wiltshire Police,-2.117175,51.472276,On or near Hill Corner Road,E01031914,Wiltshire 009C,Anti-social behaviour,,
0e435111fe35a4f7390151c328498f5b5da0e9313b0c3553f99d0af8c1c8159d,2012-12,Wiltshire Police,Wiltshire Police,-2.118237,51.470899,On or near Supermarket,E01031914,Wiltshire 009C,Shoplifting,Investigation complete; no suspect identified,
,2012-12,Wiltshire Police,Wiltshire Police,-2.112580,51.471319,On or near Moorlands,E01031915,Wiltshire 009D,Anti-social behaviour,,
8b4bb58915f1fef5f423e6646825061b75e61a27d681047ca58d2d4a7c653de9,2012-12,Wiltshire Police,Wiltshire Police,-2.125709,51.470946,On or near Long Ridings,E01031919,Wiltshire 009E,Other theft,Investigation complete; no suspect identified,
,2012-12,Wiltshire Police,Wiltshire Police,-2.117410,51.468527,On or near Greenway Lane,E01031920,Wiltshire 009F,Anti-social behaviour,,
,2012-12,Wiltshire Police,Wiltshire Police,-2.125185,51.463573,On or near Park Terrace,E01031920,Wiltshire 009F,Anti-social behaviour,,
3dccb01eb54aaf40051f93d2e5b24a86331b0360780535c3c35ef871d37bc56a,2012-12,Wiltshire Police,Wiltshire Police,-2.125185,51.463573,On or near Park Terrace,E01031920,Wiltshire 009F,Burglary,Investigation complete; no suspect identified,
7da17a341d6a7e3e8f0e27ee87dd6977bc72ae6c414ebb19823f044af7111f8e,2012-12,Wiltshire Police,Wiltshire Police,-2.125185,51.463573,On or near Park Terrace,E01031920,Wiltshire 009F,Criminal damage and arson,Investigation complete; no suspect identified,
e98e71b895786567a506c0e7da606f4aef9a728191a927d8595a5a5684571884,2012-12,Wiltshire Police,Wiltshire Police,-2.118752,51.464254,On or near Parkside,E01031920,Wiltshire 009F,Criminal damage and arson,Investigation complete; no suspect identified,
242be23dd37fd6f7a5877c8019061d37c68a0325a6dc7e9eee7e0e736d66ac16,2012-12,Wiltshire Police,Wiltshire Police,-2.120852,51.463389,On or near Park Lane,E01031920,Wiltshire 009F,Criminal damage and arson,Investigation complete; no suspect identified,
31a61969d2fbffbe836ac8e1edda695c8e9ea40d72babaab8c869add67a6cfe3,2012-12,Wiltshire Police,Wiltshire Police,-2.118152,51.465954,On or near Ashfield Road,E01031920,Wiltshire 009F,Violent crime,Investigation complete; no suspect identified,
,2012-12,Wiltshire Police,Wiltshire Police,-2.148715,51.466486,On or near Sports/Recreation Area,E01031905,Wiltshire 010A,Anti-social behaviour,,
,2012-12,Wiltshire Police,Wiltshire Police,-2.146837,51.464411,On or near Vincients Road,E01031905,Wiltshire 010A,Anti-social behaviour,,
9eabfaf6a5b6a37a86401fcd00eab4392f51307a6329e0ba0af4f014294622ac,2012-12,Wiltshire Police,Wiltshire Police,-2.148239,51.461631,On or near Cruse Close,E01031905,Wiltshire 010A,Other theft,Investigation complete; no suspect identified,
,2012-12,Wiltshire Police,Wiltshire Police,-2.138962,51.449819,On or near Hungerdown Lane,E01031906,Wiltshire 010B,Anti-social behaviour,,
,2012-12,Wiltshire Police,Wiltshire Police,-2.146327,51.448892,On or near Petrol Station,E01031906,Wiltshire 010B,Anti-social behaviour,,
,2012-12,Wiltshire Police,Wiltshire Police,-2.141278,51.449393,On or near Cheltenham Drive,E01031906,Wiltshire 010B,Anti-social behaviour,,
,2012-12,Wiltshire Police,Wiltshire Police,-2.149595,51.449410,On or near Ayr Close,E01031906,Wiltshire 010B,Anti-social behaviour,,
,2012-12,Wiltshire Police,Wiltshire Police,-2.147309,51.450105,On or near Warwick Close,E01031906,Wiltshire 010B,Anti-social behaviour,,
,2012-12,Wiltshire Police,Wiltshire Police,-2.149595,51.449410,On or near Ayr Close,E01031906,Wiltshire 010B,Anti-social behaviour,,
,2012-12,Wiltshire Police,Wiltshire Police,-2.147309,51.450105,On or near Warwick Close,E01031906,Wiltshire 010B,Anti-social behaviour,,
970ceb2f163496ddcf650b5f2dfd9f0192f97f8cd77120706cfa13a331ac1d93,2012-12,Wiltshire Police,Wiltshire Police,-2.146327,51.448892,On or near Petrol Station,E01031906,Wiltshire 010B,Drugs,Court result unavailable,
d6c4e9ea027eb44b3f51d799f87d08c733496d12a7b2dae098a61551047f0bea,2012-12,Wiltshire Police,Wiltshire Police,-2.141278,51.449393,On or near Cheltenham Drive,E01031906,Wiltshire 010B,Public disorder and weapons,Investigation complete; no suspect identified,
bb53d686c5c8e83ad225c8fbe1276f3f71c2436f605a504d5a1f9b4c1a7fcbc3,2012-12,Wiltshire Police,Wiltshire Police,-2.146327,51.448892,On or near Petrol Station,E01031906,Wiltshire 010B,Shoplifting,Offender given community sentence,
b094d99d28917d9d3e74332b6f0ea9750f112297ded5d2f3b3ff86db5ed4c798,2012-12,Wiltshire Police,Wiltshire Police,-2.138962,51.449819,On or near Hungerdown Lane,E01031906,Wiltshire 010B,Shoplifting,Investigation complete; no suspect identified,
0edae3476c1fb8b183fb74fe06a96e60aae434d50d2a36a0192c930d26a0d070,2012-12,Wiltshire Police,Wiltshire Police,-2.144975,51.449137,On or near Kelso Court,E01031906,Wiltshire 010B,Violent crime,Offender given a caution,
31157108a9debb7c39a6c5c06c7bddc262402c448941bb4d5494bcf9ba22bd9f,2012-12,Wiltshire Police,Wiltshire Police,-2.145069,51.451564,On or near Huntingdon Way,E01031906,Wiltshire 010B,Violent crime,Investigation complete; no suspect identified,
dfb975580ad602803d9461d912208f85d5b538e15f52f74f195c8e2c371a9b84,2012-12,Wiltshire Police,Wiltshire Police,-2.146327,51.448892,On or near Petrol Station,E01031906,Wiltshire 010B,Violent crime,Local resolution,
66448c33e5758e44648c075721226bba12b5b152bbefde63dbcb37556bde5a95,2012-12,Wiltshire Police,Wiltshire Police,-2.141278,51.449393,On or near Cheltenham Drive,E01031906,Wiltshire 010B,Other crime,Local resolution,
,2012-12,Wiltshire Police,Wiltshire Police,-2.137913,51.459666,On or near Petrol Station,E01031908,Wiltshire 010C,Anti-social behaviour,,
,2012-12,Wiltshire Police,Wiltshire Police,-2.140596,51.466415,On or near Lower Field,E01031908,Wiltshire 010C,Anti-social behaviour,,
,2012-12,Wiltshire Police,Wiltshire Police,-2.138764,51.460402,On or near Westbrook Close,E01031908,Wiltshire 010C,Anti-social behaviour,,
,2012-12,Wiltshire Police,Wiltshire Police,-2.137913,51.459666,On or near Petrol Station,E01031908,Wiltshire 010C,Anti-social behaviour,,
,2012-12,Wiltshire Police,Wiltshire Police,-2.137913,51.459666,On or near Petrol Station,E01031908,Wiltshire 010C,Anti-social behaviour,,
,2012-12,Wiltshire Police,Wiltshire Police,-2.138661,51.464286,On or near Lamberts,E01031908,Wiltshire 010C,Anti-social behaviour,,
,2012-12,Wiltshire Police,Wiltshire Police,-2.137913,51.459666,On or near Petrol Station,E01031908,Wiltshire 010C,Anti-social behaviour,,
,2012-12,Wiltshire Police,Wiltshire Police,-2.140596,51.466415,On or near Lower Field,E01031908,Wiltshire 010C,Anti-social behaviour,,
81e7e0c4e74e4bb538942719710bf51f2db424fb822cc0cf3909b017a2079670,2012-12,Wiltshire Police,Wiltshire Police,-2.140515,51.463295,On or near Manor Road,E01031908,Wiltshire 010C,Criminal damage and arson,Investigation complete; no suspect identified,
60ca54a70a4d953f1b6f8180f7ce39856d27fad8b408b7a551e2a5aa9383a8b4,2012-12,Wiltshire Police,Wiltshire Police,-2.138286,51.459404,On or near Weavern Court,E01031908,Wiltshire 010C,Criminal damage and arson,Investigation complete; no suspect identified,
4b624afc757b1d589b2495dcd911ce00548c9174851ce163bced626cdcfab5e3,2012-12,Wiltshire Police,Wiltshire Police,-2.137913,51.459666,On or near Petrol Station,E01031908,Wiltshire 010C,Criminal damage and arson,Offender given conditional discharge,
43b12f2a64f480fb80eab34f49480cbabc93e4f646136df0adb22503f9a58057,2012-12,Wiltshire Police,Wiltshire Police,-2.137913,51.459666,On or near Petrol Station,E01031908,Wiltshire 010C,Criminal damage and arson,Investigation complete; no suspect identified,
2c137f8424295bd1e3d04bb8f84a809cfed7833adaa7ba1a7f9270c32a411fc8,2012-12,Wiltshire Police,Wiltshire Police,-2.137913,51.459666,On or near Petrol Station,E01031908,Wiltshire 010C,Drugs,Offender given suspended prison sentence,
6fbee5e9a6f9b6be5abc73b718c2e0f359c9703a4728c9e0c3f3b816e08f1a05,2012-12,Wiltshire Police,Wiltshire Police,-2.137913,51.459666,On or near Petrol Station,E01031908,Wiltshire 010C,Drugs,Offender given a drugs possession warning,
b949e66dbe056d4128ab7f5004ec727daa8c804406cbf59b6efc817f99712f38,2012-12,Wiltshire Police,Wiltshire Police,-2.138661,51.464286,On or near Lamberts,E01031908,Wiltshire 010C,Other theft,Investigation complete; no suspect identified,
8e5d9031dbad01faee0a8c09cb22a8a2ddfdd68e3397e882576c06c8a73f435b,2012-12,Wiltshire Police,Wiltshire Police,-2.137913,51.459666,On or near Petrol Station,E01031908,Wiltshire 010C,Vehicle crime,Investigation complete; no suspect identified,
8e5f9a5548dfeff45d68871bbd95e7900ac13ee3ce1e87291a037b66207da63e,2012-12,Wiltshire Police,Wiltshire Police,-2.137913,51.459666,On or near Petrol Station,E01031908,Wiltshire 010C,Violent crime,Local resolution,
beddfe03146932e48d2744b96573e43c8e38ca4b5fd7d96a03464d4675d1ec93,2012-12,Wiltshire Police,Wiltshire Police,-2.137913,51.459666,On or near Petrol Station,E01031908,Wiltshire 010C,Violent crime,Offender given conditional discharge,
763808bf9c59cd4db52b6d50a133d9452d907b12c24824bcb4917fe600a78d27,2012-12,Wiltshire Police,Wiltshire Police,-2.137913,51.459666,On or near Petrol Station,E01031908,Wiltshire 010C,Violent crime,Offender given community sentence,
9b3acc03d526bb45c5c37e717e154dbfde91ecf279bdedaabd71a65ecb9339e0,2012-12,Wiltshire Police,Wiltshire Police,-2.140515,51.463295,On or near Manor Road,E01031908,Wiltshire 010C,Violent crime,Investigation complete; no suspect identified,
a1acee3ecb3be1ea0c9940b93bd8e230feaec6c753946d9a3f1401b3fa0196af,2012-12,Wiltshire Police,Wiltshire Police,-2.138661,51.464286,On or near Lamberts,E01031908,Wiltshire 010C,Violent crime,Defendant found not guilty,
5334daf0cf4000809b6f9738ad1fae60e6fcf1dc55d8923660b7fa1dca277644,2012-12,Wiltshire Police,Wiltshire Police,-2.138213,51.459144,On or near Beale Court,E01031908,Wiltshire 010C,Violent crime,Offender given community sentence,
,2012-12,Wiltshire Police,Wiltshire Police,-2.142462,51.460047,On or near Picketleaze,E01031909,Wiltshire 010D,Anti-social behaviour,,
,2012-12,Wiltshire Police,Wiltshire Police,-2.137490,51.457886,On or near Hungerdown Lane,E01031909,Wiltshire 010D,Anti-social behaviour,,
,2012-12,Wiltshire Police,Wiltshire Police,-2.142329,51.459049,On or near Ryan Avenue,E01031909,Wiltshire 010D,Anti-social behaviour,,
be4b7ec76c83aeac9198ebc63e1c93b64187051282bd8a488da11163a05a8320,2012-12,Wiltshire Police,Wiltshire Police,-2.142462,51.460047,On or near Picketleaze,E01031909,Wiltshire 010D,Other theft,Investigation complete; no suspect identified,
,2012-12,Wiltshire Police,Wiltshire Police,-2.132471,51.464284,On or near Park Avenue,E01031925,Wiltshire 010E,Anti-social behaviour,,
,2012-12,Wiltshire Police,Wiltshire Police,-2.132374,51.460814,On or near Wessex Close,E01031925,Wiltshire 010E,Anti-social behaviour,,
,2012-12,Wiltshire Police,Wiltshire Police,-2.136608,51.461339,On or near Saxon Street,E01031925,Wiltshire 010E,Anti-social behaviour,,
,2012-12,Wiltshire Police,Wiltshire Police,-2.132471,51.464284,On or near Park Avenue,E01031925,Wiltshire 010E,Anti-social behaviour,,
,2012-12,Wiltshire Police,Wiltshire Police,-2.132471,51.464284,On or near Park Avenue,E01031925,Wiltshire 010E,Anti-social behaviour,,
,2012-12,Wiltshire Police,Wiltshire Police,-2.132374,51.460814,On or near Wessex Close,E01031925,Wiltshire 010E,Anti-social behaviour,,
6dcd27ee20514c78f7a0ba203e89cd4aadfa17d59c897b6c430c0320b5762b02,2012-12,Wiltshire Police,Wiltshire Police,-2.133947,51.462044,On or near Brook Street,E01031925,Wiltshire 010E,Criminal damage and arson,Investigation complete; no suspect identified,
2fbcf1442a36a5ad9d93617dcdf15cb87ab6ee837efbc9e6ca5eab0bf43f7ac4,2012-12,Wiltshire Police,Wiltshire Police,-2.136608,51.461339,On or near Saxon Street,E01031925,Wiltshire 010E,Criminal damage and arson,Offender ordered to pay compensation,
7f446dda3a1e2aee9045e963350eb1b0883547bc1033a53618bac2eee3190062,2012-12,Wiltshire Police,Wiltshire Police,-2.135580,51.464137,On or near Patchway,E01031925,Wiltshire 010E,Shoplifting,Offender given conditional discharge,
a3376fa9d70159c3457e1c579dfb73c9470e3bcffe0c5569b356897f6aab5f6d,2012-12,Wiltshire Police,Wiltshire Police,-2.135580,51.464137,On or near Patchway,E01031925,Wiltshire 010E,Shoplifting,Offender given conditional discharge,
,2012-12,Wiltshire Police,Wiltshire Police,-2.132095,51.458728,On or near Sheldon Road,E01031926,Wiltshire 010F,Anti-social behaviour,,
,2012-12,Wiltshire Police,Wiltshire Police,-2.135216,51.457960,On or near Orchard Crescent,E01031926,Wiltshire 010F,Anti-social behaviour,,
854ab04d2e142d62a8acc6683df846416a0ec236eb6a6c455ec883429388426c,2012-12,Wiltshire Police,Wiltshire Police,-2.134905,51.459885,On or near Andrews Close,E01031926,Wiltshire 010F,Other theft,Investigation complete; no suspect identified,
96277229d3083d5ef58269024d76affb11e116b26324adab072906a52b89b825,2012-12,Wiltshire Police,Wiltshire Police,-2.131934,51.457730,On or near Parliament Street,E01031926,Wiltshire 010F,Shoplifting,Investigation complete; no suspect identified,
,2012-12,Wiltshire Police,Wiltshire Police,-2.129207,51.460674,On or near Marshall Street,E01031911,Wiltshire 011A,Anti-social behaviour,,
,2012-12,Wiltshire Police,Wiltshire Police,-2.128494,51.457689,On or near Palmer Street,E01031911,Wiltshire 011A,Anti-social behaviour,,
,2012-12,Wiltshire Police,Wiltshire Police,-2.124629,51.460139,On or near Goldney Avenue,E01031911,Wiltshire 011A,Anti-social behaviour,,
,2012-12,Wiltshire Police,Wiltshire Police,-2.128494,51.457689,On or near Palmer Street,E01031911,Wiltshire 011A,Anti-social behaviour,,
,2012-12,Wiltshire Police,Wiltshire Police,-2.124629,51.460139,On or near Goldney Avenue,E01031911,Wiltshire 011A,Anti-social behaviour,,
017ee8491455d038f78f8b20b180c3f2849b5345064a22d490b6aa95cdf223fa,2012-12,Wiltshire Police,Wiltshire Police,-2.131045,51.459188,On or near Marlborough Court,E01031911,Wiltshire 011A,Criminal damage and arson,Investigation complete; no suspect identified,
7019c0efdb14bd1dfb4eff923cd101ca664bc39f727f46bbe1dee65ad8424f85,2012-12,Wiltshire Police,Wiltshire Police,-2.126166,51.459148,On or near Kingham Close,E01031911,Wiltshire 011A,Criminal damage and arson,Investigation complete; no suspect identified,
c8a97c9b5d12b6406c01389285b2418442818791c261a753777ad4d82b6f5afa,2012-12,Wiltshire Police,Wiltshire Police,-2.124629,51.460139,On or near Goldney Avenue,E01031911,Wiltshire 011A,Criminal damage and arson,Investigation complete; no suspect identified,
eaad5cf91e2306da45d446852b2762e989097474615857dce76f368cb55d8c4d,2012-12,Wiltshire Police,Wiltshire Police,-2.131045,51.459188,On or near Marlborough Court,E01031911,Wiltshire 011A,Criminal damage and arson,Investigation complete; no suspect identified,
a75e3b94d524c6f29c96b17f36756ff372d3189c509052c18e116ea230c758aa,2012-12,Wiltshire Police,Wiltshire Police,-2.128989,51.459757,On or near Loyalty Street,E01031911,Wiltshire 011A,Criminal damage and arson,Investigation complete; no suspect identified,
0d4d81e38a03ad3cbd9b4c00bedeb5fccac208f2e31213873d5a9d61b3c46574,2012-12,Wiltshire Police,Wiltshire Police,-2.128494,51.457689,On or near Palmer Street,E01031911,Wiltshire 011A,Other theft,Investigation complete; no suspect identified,
7616893079b1f9636b2215ab02472bcffb912fc7960e90401c8757ec94400a62,2012-12,Wiltshire Police,Wiltshire Police,-2.126166,51.459148,On or near Kingham Close,E01031911,Wiltshire 011A,Shoplifting,Investigation complete; no suspect identified,
23efb51ee5aeb589d6374f41809bd3fceddbb0b48582552f26ce8b0f0f687ca5,2012-12,Wiltshire Police,Wiltshire Police,-2.126166,51.459148,On or near Kingham Close,E01031911,Wiltshire 011A,Shoplifting,Offender sent to prison,
e0a7db10873239413db6d3f9a3a7b2d910545fd0133841543ed0c430d42748e5,2012-12,Wiltshire Police,Wiltshire Police,-2.128494,51.457689,On or near Palmer Street,E01031911,Wiltshire 011A,Vehicle crime,Investigation complete; no suspect identified,
c582935739d6e219c0c2df5dd6159783e6e857c31ed4a5102a35e9948dda69ce,2012-12,Wiltshire Police,Wiltshire Police,-2.131045,51.459188,On or near Marlborough Court,E01031911,Wiltshire 011A,Violent crime,Offender given a caution,
51628e4a6c31985f0321888163b0391f949549dab5202858e68f04b840bd7a5b,2012-12,Wiltshire Police,Wiltshire Police,-2.126166,51.459148,On or near Kingham Close,E01031911,Wiltshire 011A,Violent crime,Investigation complete; no suspect identified,
,2012-12,Wiltshire Police,Wiltshire Police,-2.116386,51.456389,On or near Louise Rayner Place,E01031912,Wiltshire 011B,Anti-social behaviour,,
,2012-12,Wiltshire Police,Wiltshire Police,-2.117532,51.459733,On or near The Bridge,E01031912,Wiltshire 011B,Anti-social behaviour,,
,2012-12,Wiltshire Police,Wiltshire Police,-2.117700,51.463752,On or near Park Lane,E01031912,Wiltshire 011B,Anti-social behaviour,,
,2012-12,Wiltshire Police,Wiltshire Police,-2.115405,51.461156,On or near Parking Area,E01031912,Wiltshire 011B,Anti-social behaviour,,
,2012-12,Wiltshire Police,Wiltshire Police,-2.117356,51.458483,On or near Shopping Area,E01031912,Wiltshire 011B,Anti-social behaviour,,
,2012-12,Wiltshire Police,Wiltshire Police,-2.118427,51.460811,On or near New Road,E01031912,Wiltshire 011B,Anti-social behaviour,,
,2012-12,Wiltshire Police,Wiltshire Police,-2.125172,51.453431,On or near St Lukes Drive,E01031912,Wiltshire 011B,Anti-social behaviour,,
,2012-12,Wiltshire Police,Wiltshire Police,-2.117356,51.458483,On or near Shopping Area,E01031912,Wiltshire 011B,Anti-social behaviour,,
,2012-12,Wiltshire Police,Wiltshire Police,-2.118427,51.460811,On or near New Road,E01031912,Wiltshire 011B,Anti-social behaviour,,
,2012-12,Wiltshire Police,Wiltshire Police,-2.113697,51.457246,On or near Lord'S Lane,E01031912,Wiltshire 011B,Anti-social behaviour,,
,2012-12,Wiltshire Police,Wiltshire Police,-2.118427,51.460811,On or near New Road,E01031912,Wiltshire 011B,Anti-social behaviour,,
,2012-12,Wiltshire Police,Wiltshire Police,-2.118427,51.460811,On or near New Road,E01031912,Wiltshire 011B,Anti-social behaviour,,
,2012-12,Wiltshire Police,Wiltshire Police,-2.115669,51.463169,On or near Shopping Area,E01031912,Wiltshire 011B,Anti-social behaviour,,
,2012-12,Wiltshire Police,Wiltshire Police,-2.118683,51.459552,On or near Parking Area,E01031912,Wiltshire 011B,Anti-social behaviour,,
,2012-12,Wiltshire Police,Wiltshire Police,-2.117356,51.458483,On or near Shopping Area,E01031912,Wiltshire 011B,Anti-social behaviour,,
,2012-12,Wiltshire Police,Wiltshire Police,-2.125172,51.453431,On or near St Lukes Drive,E01031912,Wiltshire 011B,Anti-social behaviour,,
,2012-12,Wiltshire Police,Wiltshire Police,-2.113697,51.457246,On or near Lord'S Lane,E01031912,Wiltshire 011B,Anti-social behaviour,,
,2012-12,Wiltshire Police,Wiltshire Police,-2.117532,51.459733,On or near The Bridge,E01031912,Wiltshire 011B,Anti-social behaviour,,
,2012-12,Wiltshire Police,Wiltshire Police,-2.117160,51.460893,On or near St Mary'S Place,E01031912,Wiltshire 011B,Anti-social behaviour,,
,2012-12,Wiltshire Police,Wiltshire Police,-2.115405,51.461156,On or near Parking Area,E01031912,Wiltshire 011B,Anti-social behaviour,,
,2012-12,Wiltshire Police,Wiltshire Police,-2.116676,51.457423,On or near Parking Area,E01031912,Wiltshire 011B,Anti-social behaviour,,
,2012-12,Wiltshire Police,Wiltshire Police,-2.116386,51.456389,On or near Louise Rayner Place,E01031912,Wiltshire 011B,Anti-social behaviour,,
,2012-12,Wiltshire Police,Wiltshire Police,-2.117532,51.459733,On or near The Bridge,E01031912,Wiltshire 011B,Anti-social behaviour,,
c746b576a350ed7c7975cd16f246d702bfdd208b1a0bd6cb4b140f2a50ab0753,2012-12,Wiltshire Police,Wiltshire Police,-2.118016,51.463455,On or near Parking Area,E01031912,Wiltshire 011B,Burglary,Investigation complete; no suspect identified,
64adf3f95cd6502df2d43e0c62029321c1fc9b174462fd64b07d2d6f68715c2c,2012-12,Wiltshire Police,Wiltshire Police,-2.117532,51.459733,On or near The Bridge,E01031912,Wiltshire 011B,Criminal damage and arson,Local resolution,
39546b0c12d4f239f4a0408f0171d211f030f031a8325a8a6394d761b7210d94,2012-12,Wiltshire Police,Wiltshire Police,-2.113819,51.460168,On or near Park/Open Space,E01031912,Wiltshire 011B,Criminal damage and arson,Investigation complete; no suspect identified,
b2165d1b9ed908359b5d251b3fb762fdfd18acfe8476f17f250859d994317c1f,2012-12,Wiltshire Police,Wiltshire Police,-2.117521,51.461315,On or near Nightclub,E01031912,Wiltshire 011B,Criminal damage and arson,Court result unavailable,
0837c37f1b7f11dc59e5221812f7d2d04cd6244daece4046b992997f4e691fec,2012-12,Wiltshire Police,Wiltshire Police,-2.117356,51.458483,On or near Shopping Area,E01031912,Wiltshire 011B,Drugs,Offender given conditional discharge,
b44c446f3c5dc8bf4cada11dc55445f5bcd2a55cc71b037c938a1029af261fad,2012-12,Wiltshire Police,Wiltshire Police,-2.116090,51.458835,On or near High Street,E01031912,Wiltshire 011B,Drugs,Offender given a caution,
042f4a38ff9bdb2e65de96a3363418d5ec638047738b7a4ff3a6f5a83a77ce73,2012-12,Wiltshire Police,Wiltshire Police,-2.115669,51.463169,On or near Shopping Area,E01031912,Wiltshire 011B,Drugs,Investigation complete; no suspect identified,
f4f8cf64ce22d1481231a0e22e3ecb6d5965f9b12087859f36fe015e714945ba,2012-12,Wiltshire Police,Wiltshire Police,-2.118683,51.459552,On or near Parking Area,E01031912,Wiltshire 011B,Other theft,Investigation complete; no suspect identified,
b99dfa540f0688806627849c5abd46734b6d4c70ddb731c2247810fc50c9b457,2012-12,Wiltshire Police,Wiltshire Police,-2.118427,51.460811,On or near New Road,E01031912,Wiltshire 011B,Other theft,Investigation complete; no suspect identified,
00acaef9a86c545ad84bc332a4768e575526fc57027d2e80ae88bc55c93067cf,2012-12,Wiltshire Police,Wiltshire Police,-2.117532,51.459733,On or near The Bridge,E01031912,Wiltshire 011B,Other theft,Investigation complete; no suspect identified,
4d38c17aa83ad14da931ea3451b25e7198bf38cd8630175a987b5edb09cd84bf,2012-12,Wiltshire Police,Wiltshire Police,-2.119252,51.462698,On or near St Paul Street,E01031912,Wiltshire 011B,Other theft,Investigation complete; no suspect identified,
6dc8613d5d47582957f366518584782e0275ea3fdabf51100a3e16084972f508,2012-12,Wiltshire Police,Wiltshire Police,-2.118427,51.460811,On or near New Road,E01031912,Wiltshire 011B,Public disorder and weapons,Court result unavailable,
d48f4790b77c68a5c4733d4c729b05efbe9c74e0f5d78942250540334e6c8318,2012-12,Wiltshire Police,Wiltshire Police,-2.118427,51.460811,On or near New Road,E01031912,Wiltshire 011B,Public disorder and weapons,Offender fined,
0748b1b35fa06ff06d9a38dc00765ee0dde0818c742f4498ed1039f7670ee859,2012-12,Wiltshire Police,Wiltshire Police,-2.117532,51.459733,On or near The Bridge,E01031912,Wiltshire 011B,Public disorder and weapons,Court result unavailable,
3cc9b4b5ce19378e0403991e6bd8582ce564871a957317f35a4ded447e435b09,2012-12,Wiltshire Police,Wiltshire Police,-2.113819,51.460168,On or near Park/Open Space,E01031912,Wiltshire 011B,Shoplifting,Investigation complete; no suspect identified,
f5e6c93b79f28e4975709835a99597f270046ef5d988852c6f0e72c548820e1b,2012-12,Wiltshire Police,Wiltshire Police,-2.114952,51.458530,On or near Chapel Lane,E01031912,Wiltshire 011B,Shoplifting,Investigation complete; no suspect identified,
12250426a9b2e7ec723b395b9adae17dba8806d565e9259526c6189b2ce0abff,2012-12,Wiltshire Police,Wiltshire Police,-2.114060,51.458504,On or near Supermarket,E01031912,Wiltshire 011B,Shoplifting,Investigation complete; no suspect identified,
933e2df5d1e042ca31354fda0a2af8c005138b497a83aceb561bcd5abf19dc71,2012-12,Wiltshire Police,Wiltshire Police,-2.117356,51.458483,On or near Shopping Area,E01031912,Wiltshire 011B,Shoplifting,Offender given conditional discharge,
b6cd444fc26ab2482eee17a6f24dc5645221652d9ecdf0cb51c18bc8d6374451,2012-12,Wiltshire Police,Wiltshire Police,-2.116090,51.458835,On or near High Street,E01031912,Wiltshire 011B,Shoplifting,Offender given community sentence,
303fb5242090c841b46f2eab1a9f6114c8ad1085e351f385ffdd79ac39b0b70d,2012-12,Wiltshire Police,Wiltshire Police,-2.114952,51.458530,On or near Chapel Lane,E01031912,Wiltshire 011B,Shoplifting,Investigation complete; no suspect identified,
04b8af27d6540cc4da0b8179487e39ebe4b3daa6aea8e88ac0f260ce05f4ccc1,2012-12,Wiltshire Police,Wiltshire Police,-2.113914,51.457686,On or near Market Place,E01031912,Wiltshire 011B,Shoplifting,Investigation complete; no suspect identified,
af8929d5a9d9fa59fcc5cf723991f9cdf9d0b915aec1baa30442d0426ad95ac0,2012-12,Wiltshire Police,Wiltshire Police,-2.117356,51.458483,On or near Shopping Area,E01031912,Wiltshire 011B,Violent crime,Investigation complete; no suspect identified,
1f583c7b80dc2279c535e552fec5902b996ab6a6f48f572a3a24781cc705c6a8,2012-12,Wiltshire Police,Wiltshire Police,-2.117532,51.459733,On or near The Bridge,E01031912,Wiltshire 011B,Violent crime,Investigation complete; no suspect identified,
10f98fb199470fd71646c492e4c6cd4668e9d39462dd2bc0b17a46ecb70e9c62,2012-12,Wiltshire Police,Wiltshire Police,-2.117356,51.458483,On or near Shopping Area,E01031912,Wiltshire 011B,Violent crime,Investigation complete; no suspect identified,
7cc8b6803c9dfd4b2912d01f6768e8319672a3c16f0d0352f518b1870ba51b72,2012-12,Wiltshire Police,Wiltshire Police,-2.117532,51.459733,On or near The Bridge,E01031912,Wiltshire 011B,Violent crime,Investigation complete; no suspect identified,
0e3816010c85d3456dcd3c0c71b53d9888fb8d4379754def5a7e7981bb7a9a2b,2012-12,Wiltshire Police,Wiltshire Police,-2.117700,51.463752,On or near Park Lane,E01031912,Wiltshire 011B,Other crime,Under investigation,
697b151011f0ea5534088f62b78cbe720df68415f95c93064af4eb2c194cbe58,2012-12,Wiltshire Police,Wiltshire Police,-2.118057,51.462592,On or near New Road,E01031912,Wiltshire 011B,Other crime,Investigation complete; no suspect identified,
b7fdd65009745ce1e5ea15c42b3cc705df8f2f35cfaec87a1368fc32e3111e3d,2012-12,Wiltshire Police,Wiltshire Police,-2.117700,51.463752,On or near Park Lane,E01031912,Wiltshire 011B,Other crime,Local resolution,
,2012-12,Wiltshire Police,Wiltshire Police,-2.124761,51.456012,On or near St Teresas Drive,E01031913,Wiltshire 011C,Anti-social behaviour,,
,2012-12,Wiltshire Police,Wiltshire Police,-2.126876,51.455641,On or near Pavely Close,E01031913,Wiltshire 011C,Anti-social behaviour,,
,2012-12,Wiltshire Police,Wiltshire Police,-2.127610,51.455586,On or near Lowden,E01031913,Wiltshire 011C,Anti-social behaviour,,
,2012-12,Wiltshire Police,Wiltshire Police,-2.124336,51.458305,On or near Lowden Hill,E01031913,Wiltshire 011C,Anti-social behaviour,,
,2012-12,Wiltshire Police,Wiltshire Police,-2.126876,51.455641,On or near Pavely Close,E01031913,Wiltshire 011C,Anti-social behaviour,,
0eecba19e6875525f2fb6e6d32d28e6d4e801339cd233e449fe6eff53e930c36,2012-12,Wiltshire Police,Wiltshire Police,-2.121041,51.458875,On or near Ivy Road,E01031913,Wiltshire 011C,Burglary,Investigation complete; no suspect identified,
b829a30d791cd28a8dd69d042a878a478273a65f495606641d93932f7b5fb111,2012-12,Wiltshire Police,Wiltshire Police,-2.121041,51.458875,On or near Ivy Road,E01031913,Wiltshire 011C,Drugs,Offender fined,
fa4e85b7a7f8a835017137e7aad6b727ff1b771e3ffa06bda0ea7376649d080e,2012-12,Wiltshire Police,Wiltshire Police,-2.126876,51.455641,On or near Pavely Close,E01031913,Wiltshire 011C,Vehicle crime,Investigation complete; no suspect identified,
f5b3104cd08dcbebe314ae3ed3051e5bcd55b493bebf100f8724d15a516288c7,2012-12,Wiltshire Police,Wiltshire Police,-2.126876,51.455641,On or near Pavely Close,E01031913,Wiltshire 011C,Vehicle crime,Investigation complete; no suspect identified,
3e62a1de1d654b618068031760bf331c79dc0e20215acbdd761eb11fd80973f7,2012-12,Wiltshire Police,Wiltshire Police,-2.131817,51.452156,On or near Petrol Station,E01031913,Wiltshire 011C,Other crime,Investigation complete; no suspect identified,
,2012-12,Wiltshire Police,Wiltshire Police,-2.106763,51.452802,On or near Petrol Station,E01031917,Wiltshire 011D,Anti-social behaviour,,
,2012-12,Wiltshire Police,Wiltshire Police,-2.112125,51.456069,On or near The Causeway,E01031917,Wiltshire 011D,Anti-social behaviour,,
,2012-12,Wiltshire Police,Wiltshire Police,-2.111603,51.454407,On or near Popham Court,E01031917,Wiltshire 011D,Anti-social behaviour,,
,2012-12,Wiltshire Police,Wiltshire Police,-2.109786,51.452979,On or near Wood Lane,E01031917,Wiltshire 011D,Anti-social behaviour,,
,2012-12,Wiltshire Police,Wiltshire Police,-2.111285,51.453858,On or near Avenue La Fleche,E01031917,Wiltshire 011D,Anti-social behaviour,,
,2012-12,Wiltshire Police,Wiltshire Police,-2.112299,51.456555,On or near Theatre/Concert Hall,E01031917,Wiltshire 011D,Anti-social behaviour,,
,2012-12,Wiltshire Police,Wiltshire Police,-2.115088,51.455527,On or near Fuller Close,E01031917,Wiltshire 011D,Anti-social behaviour,,
,2012-12,Wiltshire Police,Wiltshire Police,-2.112125,51.456069,On or near The Causeway,E01031917,Wiltshire 011D,Anti-social behaviour,,
c8c9a0c0728d37c0094be52d0d7b9171bab8ff44dc1e0deea150eb4abd414260,2012-12,Wiltshire Police,Wiltshire Police,-2.108897,51.454526,On or near Larkham Rise,E01031917,Wiltshire 011D,Criminal damage and arson,Investigation complete; no suspect identified,
39b85995c175dcaf51502c304d5c5f63d42f13c4c087f6428dd68cc3564a9342,2012-12,Wiltshire Police,Wiltshire Police,-2.112125,51.456069,On or near The Causeway,E01031917,Wiltshire 011D,Criminal damage and arson,Investigation complete; no suspect identified,
48ef7a69e44b07a50a49cd8070699796679dd193915154b9c1fdde3074a6c674,2012-12,Wiltshire Police,Wiltshire Police,-2.112972,51.455367,On or near Parking Area,E01031917,Wiltshire 011D,Criminal damage and arson,Investigation complete; no suspect identified,
339f44385ad6413ed5b806950f3c2b9c0d37c1e9ad4dbac74d46c2ace5cd63a3,2012-12,Wiltshire Police,Wiltshire Police,-2.106763,51.452802,On or near Petrol Station,E01031917,Wiltshire 011D,Criminal damage and arson,Investigation complete; no suspect identified,
2f2a62b6c9c581f3f715b91f7be5c29798de7d72aa0ec1ded95b32373574d21e,2012-12,Wiltshire Police,Wiltshire Police,-2.115502,51.454196,On or near Sports/Recreation Area,E01031917,Wiltshire 011D,Drugs,Offender given conditional discharge,
2299e5fba084c3c3b3ecc7765a484aedf16cff81ad02a3d6573e166bd3ad1368,2012-12,Wiltshire Police,Wiltshire Police,-2.112125,51.456069,On or near The Causeway,E01031917,Wiltshire 011D,Public disorder and weapons,Local resolution,
,2012-12,Wiltshire Police,Wiltshire Police,-2.108515,51.463212,On or near Market Mead,E01031918,Wiltshire 011E,Anti-social behaviour,,
,2012-12,Wiltshire Police,Wiltshire Police,-2.108515,51.463212,On or near Market Mead,E01031918,Wiltshire 011E,Anti-social behaviour,,
,2012-12,Wiltshire Police,Wiltshire Police,-2.107725,51.463797,On or near Great Mead,E01031918,Wiltshire 011E,Anti-social behaviour,,
,2012-12,Wiltshire Police,Wiltshire Police,-2.108663,51.464840,On or near Cowleaze,E01031918,Wiltshire 011E,Anti-social behaviour,,
,2012-12,Wiltshire Police,Wiltshire Police,-2.099718,51.462168,On or near Martins Close,E01031918,Wiltshire 011E,Anti-social behaviour,,
0a34f790f4245734603d187a8b8b7cbe6567abbb1af887f1499ca79aa37d8d02,2012-12,Wiltshire Police,Wiltshire Police,-2.112097,51.462364,On or near Further/Higher Educational Building,E01031918,Wiltshire 011E,Criminal damage and arson,Investigation complete; no suspect identified,
c0a556a6ed9519f40f92db48782a1e59a405a76a056c40d2897fbf513b01433e,2012-12,Wiltshire Police,Wiltshire Police,-2.105467,51.458431,On or near Villiers Close,E01031918,Wiltshire 011E,Other theft,Investigation complete; no suspect identified,
5d3b835c58dce3582e642a39e9c72c76e6a915eb4fd7d1c6d521e776210a74c4,2012-12,Wiltshire Police,Wiltshire Police,-2.108663,51.464840,On or near Cowleaze,E01031918,Wiltshire 011E,Violent crime,Court case unable to proceed,
,2012-12,Wiltshire Police,Wiltshire Police,-2.136085,51.454956,On or near Chelwood Close,E01031928,Wiltshire 011F,Anti-social behaviour,,
,2012-12,Wiltshire Police,Wiltshire Police,-2.135424,51.455236,On or near Stockwood Road,E01031928,Wiltshire 011F,Anti-social behaviour,,
,2012-12,Wiltshire Police,Wiltshire Police,-2.137384,51.451457,On or near Westcroft,E01031928,Wiltshire 011F,Anti-social behaviour,,
,2012-12,Wiltshire Police,Wiltshire Police,-2.136063,51.452277,On or near Litherland Close,E01031928,Wiltshire 011F,Anti-social behaviour,,
,2012-12,Wiltshire Police,Wiltshire Police,-2.136063,51.452277,On or near Litherland Close,E01031928,Wiltshire 011F,Anti-social behaviour,,
,2012-12,Wiltshire Police,Wiltshire Police,-2.136085,51.454956,On or near Chelwood Close,E01031928,Wiltshire 011F,Anti-social behaviour,,
,2012-12,Wiltshire Police,Wiltshire Police,-2.135424,51.455236,On or near Stockwood Road,E01031928,Wiltshire 011F,Anti-social behaviour,,
,2012-12,Wiltshire Police,Wiltshire Police,-2.135424,51.455236,On or near Stockwood Road,E01031928,Wiltshire 011F,Anti-social behaviour,,
21f4c244b1dc2020e03a7c0082eee2093c842ee98f9ea7be559ffc7f08667e52,2012-12,Wiltshire Police,Wiltshire Police,-2.136063,51.452277,On or near Litherland Close,E01031928,Wiltshire 011F,Vehicle crime,Investigation complete; no suspect identified,
171964e17a8f14a2f1d45e187a30f60e59809ff31e07cd6595edd96cb0895ceb,2012-12,Wiltshire Police,Wiltshire Police,-2.131825,51.454961,On or near Kingsley Road,E01031928,Wiltshire 011F,Violent crime,Local resolution,
644dfe7616ddef6eb628c9ecb7e6b48e2d8e7121bcb755db4f4d9ee0048282fe,2012-12,Wiltshire Police,Wiltshire Police,-2.137384,51.451457,On or near Westcroft,E01031928,Wiltshire 011F,Other crime,Investigation complete; no suspect identified,
,2012-12,Wiltshire Police,Wiltshire Police,-1.616754,51.485440,On or near Chandler'S Lane,E01031841,Wiltshire 012A,Anti-social behaviour,,
,2012-12,Wiltshire Police,Wiltshire Police,-1.651440,51.465605,On or near Stock Lane,E01031841,Wiltshire 012A,Anti-social behaviour,,
,2012-12,Wiltshire Police,Wiltshire Police,-1.619705,51.478634,On or near Glebe Close,E01031841,Wiltshire 012A,Anti-social behaviour,,
,2012-12,Wiltshire Police,Wiltshire Police,-1.622969,51.477502,On or near Hawkins Road,E01031841,Wiltshire 012A,Anti-social behaviour,,
,2012-12,Wiltshire Police,Wiltshire Police,-1.619117,51.480044,On or near The Paddocks,E01031841,Wiltshire 012A,Anti-social behaviour,,
,2012-12,Wiltshire Police,Wiltshire Police,-1.712010,51.468853,On or near Jubb'S Lane,E01031868,Wiltshire 012B,Anti-social behaviour,,
6f3cd685044890248e3dc64d2d5cf1d328ca2d8098780032248225dc257120d7,2012-12,Wiltshire Police,Wiltshire Police,-1.778896,51.435909,On or near Taylors Lane,E01031868,Wiltshire 012B,Burglary,Investigation complete; no suspect identified,
a6128e3a76b26acd26197b3a12ea1151cf0f68f9a21b248f225580b9f6c2e0bc,2012-12,Wiltshire Police,Wiltshire Police,-1.696715,51.426185,On or near Berrycroft,E01031868,Wiltshire 012B,Burglary,Investigation complete; no suspect identified,
6f690f770157881817da59ffb7c5094d853b3b5caa9271e34e626cccf9961bb3,2012-12,Wiltshire Police,Wiltshire Police,-1.714241,51.468867,On or near Liddiards Green,E01031868,Wiltshire 012B,Criminal damage and arson,Investigation complete; no suspect identified,
a3d27f16cffd09dbb014eea52fefc741f88f4fefd081ea19d8434b59a720e7e5,2012-12,Wiltshire Police,Wiltshire Police,-1.712010,51.468853,On or near Jubb'S Lane,E01031868,Wiltshire 012B,Other theft,Investigation complete; no suspect identified,
0c4bc7afbfbab09916ffa3271f1e6e4b085f6056f6799ca5409fcf1f4734f8d7,2012-12,Wiltshire Police,Wiltshire Police,-1.705992,51.459954,On or near Bytham Road,E01031868,Wiltshire 012B,Other theft,Investigation complete; no suspect identified,
b5ca857c57e936d792fdf2242c5b4b9ff42c67b5b1d9216d1b626d59a70624ff,2012-12,Wiltshire Police,Wiltshire Police,-1.726397,51.451147,On or near Wet Pits Lane,E01031868,Wiltshire 012B,Vehicle crime,Under investigation,
f507fe894210e4fbefe160a4bc8e906488d81095b2805477563bda59cd805290,2012-12,Wiltshire Police,Wiltshire Police,-1.686230,51.428361,On or near Thicketts Road,E01031868,Wiltshire 012B,Violent crime,Investigation complete; no suspect identified,
,2012-12,Wiltshire Police,Wiltshire Police,-1.597692,51.501111,On or near Fiveways Close,E01031873,Wiltshire 012C,Anti-social behaviour,,
06a1bdd49b629ac06cdf9907819dcfc219baa05c9e57503aa1c938d10e28ac51,2012-12,Wiltshire Police,Wiltshire Police,-1.551387,51.432284,On or near Park/Open Space,E01031873,Wiltshire 012C,Burglary,Investigation complete; no suspect identified,
6ef0b2886ddf2a292231533069ce120119c09fbe5ed389bcedc06c53fa9cfddb,2012-12,Wiltshire Police,Wiltshire Police,-1.551387,51.432284,On or near Park/Open Space,E01031873,Wiltshire 012C,Burglary,Investigation complete; no suspect identified,
6a4fd98cb5eaeca5cc420104b1450a08ba1a63ba513b4ee73247e7aa238ae670,2012-12,Wiltshire Police,Wiltshire Police,-1.551387,51.432284,On or near Park/Open Space,E01031873,Wiltshire 012C,Burglary,Investigation complete; no suspect identified,
079b0f5f83b7d4153b0feb26c84e111b131c8c80ed536b5b61d87415fef52208,2012-12,Wiltshire Police,Wiltshire Police,-1.551387,51.432284,On or near Park/Open Space,E01031873,Wiltshire 012C,Other theft,Investigation complete; no suspect identified,
6b5036d1e47590ee292bfc9ad8c6af0bc6c793fd1fad467342ab9bed42c4db34,2012-12,Wiltshire Police,Wiltshire Police,-1.551387,51.432284,On or near Park/Open Space,E01031873,Wiltshire 012C,Other theft,Investigation complete; no suspect identified,
ca87357d772a8b2fab8acb8037d405c5167cc593fffc11ad94ec9d256061ac48,2012-12,Wiltshire Police,Wiltshire Police,-1.614271,51.445131,On or near Langfields,E01031874,Wiltshire 012D,Burglary,Investigation complete; no suspect identified,
,2012-12,Wiltshire Police,Wiltshire Police,-1.855022,51.428259,On or near Beckhampton Road,E01031884,Wiltshire 012E,Anti-social behaviour,,
4b63272a30ad69d46148d9188fd09d3ed333014ba68721c420ff4b70e9d442fa,2012-12,Wiltshire Police,Wiltshire Police,-1.843068,51.487435,On or near The Croft,E01031884,Wiltshire 012E,Criminal damage and arson,Investigation complete; no suspect identified,
340a7efd8872bb24de994b4dc6805bde036aad711d11294889ca8f513c14d4a5,2012-12,Wiltshire Police,Wiltshire Police,-1.884076,51.417214,On or near A361,E01031884,Wiltshire 012E,Other theft,Investigation complete; no suspect identified,
9994a65a22a58ff2883aa761be2d4c10ca80c803de7a81dc9a363bc4dcc22759,2012-12,Wiltshire Police,Wiltshire Police,-1.846288,51.472298,On or near A4361,E01031884,Wiltshire 012E,Other theft,Investigation complete; no suspect identified,
f5718b29fadd29ceaccfa568f1dda5146347eeae983d84399bd25caea881d505,2012-12,Wiltshire Police,Wiltshire Police,-1.855338,51.473955,On or near St Katherines,E01031884,Wiltshire 012E,Other theft,Investigation complete; no suspect identified,
7d6363842dbde8b34cbc9c5148638f02a2be1ab58e803ea2a818e6f52e36883b,2012-12,Wiltshire Police,Wiltshire Police,-1.846288,51.472298,On or near A4361,E01031884,Wiltshire 012E,Other theft,Investigation complete; no suspect identified,
00ceed3b162da0e85c3d05a870c86f9c00cfb924037eafef5aaf37038a5167e9,2012-12,Wiltshire Police,Wiltshire Police,-1.854446,51.428465,On or near Green Street,E01031884,Wiltshire 012E,Vehicle crime,Investigation complete; no suspect identified,
dd9833c2a491e1e159d539f20d417f5f711d3fb2ccb276595c420cc39a9d2f5e,2012-12,Wiltshire Police,Wiltshire Police,-1.864557,51.423784,On or near Longfields,E01031884,Wiltshire 012E,Vehicle crime,Investigation complete; no suspect identified,
8d93c8b6c702eb8d51c27daca95a8706a4dfc83b8d542651c605e81e1334c11a,2012-12,Wiltshire Police,Wiltshire Police,-1.854446,51.428465,On or near Green Street,E01031884,Wiltshire 012E,Vehicle crime,Investigation complete; no suspect identified,
d27d36a6e791c5485ba4ad90fc0a115221d9e0971e3a9fb953fc2f86117f4962,2012-12,Wiltshire Police,Wiltshire Police,-1.854446,51.428465,On or near Green Street,E01031884,Wiltshire 012E,Vehicle crime,Investigation complete; no suspect identified,
0ccdf6d4df9483841d53521928649d23ca00f2bf08b7c0240a457f276bdaaf17,2012-12,Wiltshire Police,Wiltshire Police,-1.843839,51.409075,On or near Gunsite Road,E01031884,Wiltshire 012E,Vehicle crime,Investigation complete; no suspect identified,
b27b67f7b1878e3d9a5bf4e4c97b0098dced84555a8cb28a521202ccd636717f,2012-12,Wiltshire Police,Wiltshire Police,-1.864557,51.423784,On or near Longfields,E01031884,Wiltshire 012E,Vehicle crime,Investigation complete; no suspect identified,
2d9fec32724bf31a16b644e201410c466a8c56776c5eb5a3e164cc57a9212deb,2012-12,Wiltshire Police,Wiltshire Police,-1.864557,51.423784,On or near Longfields,E01031884,Wiltshire 012E,Violent crime,Offender given a caution,
15d3115fd7fe4d31b496b488aadd10642825f0936aecfc2fb2fd9e1dc32a2531,2012-12,Wiltshire Police,Wiltshire Police,-1.848971,51.488063,On or near Norborne Road,E01031884,Wiltshire 012E,Violent crime,Offender given a caution,
,2012-12,Wiltshire Police,Wiltshire Police,-2.033672,51.493838,On or near Park/Open Space,E01031891,Wiltshire 013A,Anti-social behaviour,,
,2012-12,Wiltshire Police,Wiltshire Police,-2.055370,51.510230,On or near Bus/Coach Station,E01031891,Wiltshire 013A,Anti-social behaviour,,
b4a6225a9b36e5fb8c444ada28c67f822ef0260127763f14e65cfa06856c9216,2012-12,Wiltshire Police,Wiltshire Police,-2.055370,51.510230,On or near Bus/Coach Station,E01031891,Wiltshire 013A,Burglary,Investigation complete; no suspect identified,
94cc5eeec5c77a4766901710f69a8534c8d8ef1193626bc5ea26bc6d40d902d8,2012-12,Wiltshire Police,Wiltshire Police,-2.060826,51.419961,On or near Devizes Road,E01031891,Wiltshire 013A,Criminal damage and arson,Local resolution,
9194a35f887fe46b2a4c41620e6b28902c7f77f105dd4b9e4fb3f18c1c601bc0,2012-12,Wiltshire Police,Wiltshire Police,-2.055370,51.510230,On or near Bus/Coach Station,E01031891,Wiltshire 013A,Criminal damage and arson,Investigation complete; no suspect identified,
24651f30654d5c80470e993f98a4d8d7ee0c2e7702427d9dae48c03962ebeaa6,2012-12,Wiltshire Police,Wiltshire Police,-2.055370,51.510230,On or near Bus/Coach Station,E01031891,Wiltshire 013A,Criminal damage and arson,Offender given community sentence,
6a1fd320bdac971e4edc78a1f7f63f167c9f0fbf9d1f2fb59614f63949cf6a6c,2012-12,Wiltshire Police,Wiltshire Police,-2.055370,51.510230,On or near Bus/Coach Station,E01031891,Wiltshire 013A,Criminal damage and arson,Investigation complete; no suspect identified,
5948c288435f64d3747771fd6e652b824f3b63cc7f66c54a2adaa16e60ecd8c5,2012-12,Wiltshire Police,Wiltshire Police,-2.031658,51.457090,On or near Lodowicks,E01031891,Wiltshire 013A,Public disorder and weapons,Investigation complete; no suspect identified,
6c26786edfead2201b77034522a41936f691a6339719ad1125424f7e14d42290,2012-12,Wiltshire Police,Wiltshire Police,-2.127655,51.476896,On or near Malmesbury Road,E01031891,Wiltshire 013A,Other crime,Local resolution,
5a9205c56d5d577317a2a478b798b2590f40984278ed05fa3ceb98efef576461,2012-12,Wiltshire Police,Wiltshire Police,-2.127655,51.476896,On or near Malmesbury Road,E01031891,Wiltshire 013A,Other crime,Local resolution,
01fd30cb45ac300eb1b5fc37d108bc7ad3db154e7d0c156e4f7b8170b40b3cbb,2012-12,Wiltshire Police,Wiltshire Police,-2.052149,51.440601,On or near Studley Lane,E01031904,Wiltshire 013B,Burglary,Investigation complete; no suspect identified,
977a358000c1639271a522c3182d568817a336024d6d9cb4082a3e9bcff633e2,2012-12,Wiltshire Police,Wiltshire Police,-2.032536,51.437246,On or near Black Dog Hill,E01031904,Wiltshire 013B,Criminal damage and arson,Local resolution,
,2012-12,Wiltshire Police,Wiltshire Police,-1.975739,51.492276,On or near Sports/Recreation Area,E01031937,Wiltshire 013C,Anti-social behaviour,,
,2012-12,Wiltshire Police,Wiltshire Police,-1.975739,51.492276,On or near Sports/Recreation Area,E01031937,Wiltshire 013C,Anti-social behaviour,,
d45522d74d33d30dce210c3bde8d5520b6e6aa668d27521b1c7d222d8d203092,2012-12,Wiltshire Police,Wiltshire Police,-1.947383,51.449809,On or near Briar Leaze,E01031937,Wiltshire 013C,Vehicle crime,Investigation complete; no suspect identified,
731c818317d7b65c045a59932a36dff703b627c3ad4d7338d9e3c4a644a18286,2012-12,Wiltshire Police,Wiltshire Police,-1.947383,51.449809,On or near Briar Leaze,E01031937,Wiltshire 013C,Violent crime,Offender given a caution,
,2012-12,Wiltshire Police,Wiltshire Police,-1.970685,51.420657,On or near Moggs Lane,E01031938,Wiltshire 013D,Anti-social behaviour,,
,2012-12,Wiltshire Police,Wiltshire Police,-1.970685,51.420657,On or near Moggs Lane,E01031938,Wiltshire 013D,Anti-social behaviour,,
b5f74f3f0dd947f65d189240a81caaba085476327813e00b7ef2677a9c122f61,2012-12,Wiltshire Police,Wiltshire Police,-1.955994,51.429320,On or near Olivers Hill,E01031938,Wiltshire 013D,Criminal damage and arson,Investigation complete; no suspect identified,
ff94644a2d3c2f9b565d3957c0166bd50546e628fa89966f0ec15d0d7f28c110,2012-12,Wiltshire Police,Wiltshire Police,-1.973323,51.434999,On or near Park/Open Space,E01031938,Wiltshire 013D,Other theft,Investigation complete; no suspect identified,
7e20aca1735b2b52828e388a9eafaca6f76e9cd72cc703e25cfcadfbd40312b4,2012-12,Wiltshire Police,Wiltshire Police,-1.973323,51.434999,On or near Park/Open Space,E01031938,Wiltshire 013D,Other theft,Investigation complete; no suspect identified,
3286e7235de0755b8015bfb975c723405ee540fb1cb28d1c4d600a50882dd3b0,2012-12,Wiltshire Police,Wiltshire Police,-1.969340,51.432301,On or near Whittle Avenue,E01031938,Wiltshire 013D,Vehicle crime,Investigation complete; no suspect identified,
,2012-12,Wiltshire Police,Wiltshire Police,-2.105713,51.452758,On or near Blackcross,E01031916,Wiltshire 014A,Anti-social behaviour,,
,2012-12,Wiltshire Police,Wiltshire Police,-2.103521,51.450691,On or near Cricketts Lane,E01031916,Wiltshire 014A,Anti-social behaviour,,
,2012-12,Wiltshire Police,Wiltshire Police,-2.103521,51.450691,On or near Cricketts Lane,E01031916,Wiltshire 014A,Anti-social behaviour,,
76c7b681276ace597d664b81c998ba1cf0b82e4bd611ea38b451488a1f47e060,2012-12,Wiltshire Police,Wiltshire Police,-2.103521,51.450691,On or near Cricketts Lane,E01031916,Wiltshire 014A,Criminal damage and arson,Investigation complete; no suspect identified,
a2f5d908151cdf9f91d7bc8e0fecbbd2b54d5ca657707cf4e03a0fabfab01edb,2012-12,Wiltshire Police,Wiltshire Police,-2.105079,51.452569,On or near Habrels Close,E01031916,Wiltshire 014A,Other theft,Investigation complete; no suspect identified,
5f108472aa2f82bdabba30a9928b12804ab9f97dfe93711589c12a5508287960,2012-12,Wiltshire Police,Wiltshire Police,-2.105079,51.452569,On or near Habrels Close,E01031916,Wiltshire 014A,Other theft,Investigation complete; no suspect identified,
,2012-12,Wiltshire Police,Wiltshire Police,-2.105751,51.444611,On or near Holmes Close,E01031921,Wiltshire 014B,Anti-social behaviour,,
,2012-12,Wiltshire Police,Wiltshire Police,-2.096546,51.446400,On or near Sherington Mead,E01031922,Wiltshire 014C,Anti-social behaviour,,
,2012-12,Wiltshire Police,Wiltshire Police,-2.093660,51.449387,On or near The Turnpike,E01031922,Wiltshire 014C,Anti-social behaviour,,
,2012-12,Wiltshire Police,Wiltshire Police,-2.093660,51.449387,On or near The Turnpike,E01031922,Wiltshire 014C,Anti-social behaviour,,
cf8419bc56e32fc018028dd0cc5f2bf3c0d4a42ce7891aefdb7f93d4370596a2,2012-12,Wiltshire Police,Wiltshire Police,-2.093442,51.448137,On or near Colborne Close,E01031922,Wiltshire 014C,Criminal damage and arson,Investigation complete; no suspect identified,
04618f24d71b924ee8dffe589007af3b1e6839de8d9db5604b85218b229b19a0,2012-12,Wiltshire Police,Wiltshire Police,-2.093660,51.449387,On or near The Turnpike,E01031922,Wiltshire 014C,Criminal damage and arson,Local resolution,
74e20cdbf6621b0097046da5677de9a491782dcfc9b5bcf8f06cb38efbd2fcb9,2012-12,Wiltshire Police,Wiltshire Police,-2.093660,51.449387,On or near The Turnpike,E01031922,Wiltshire 014C,Other theft,Under investigation,
05ccf69a2db892902957d5e231112d9cb4cea3842ea071d1d63391315d6c4d78,2012-12,Wiltshire Police,Wiltshire Police,-2.094951,51.447399,On or near Legate Close,E01031922,Wiltshire 014C,Violent crime,Investigation complete; no suspect identified,
7a68659b3984c0012bc73ee1a42f82befe1776224f44af70b26cebece85b2d89,2012-12,Wiltshire Police,Wiltshire Police,-2.094951,51.447399,On or near Legate Close,E01031922,Wiltshire 014C,Violent crime,Court result unavailable,
,2012-12,Wiltshire Police,Wiltshire Police,-2.102391,51.447599,On or near Supermarket,E01031923,Wiltshire 014D,Anti-social behaviour,,
ed096e0364f311cde5a729380d57eadf4098a47442509b5d754c1285e28f2cec,2012-12,Wiltshire Police,Wiltshire Police,-2.100248,51.447826,On or near Lysley Close,E01031923,Wiltshire 014D,Burglary,Investigation complete; no suspect identified,
2867704a5bf6c71a123a6d533602403f0c4b4cee233f93ed94fa5d6b1cfea206,2012-12,Wiltshire Police,Wiltshire Police,-2.100990,51.445065,On or near Hedge Row,E01031923,Wiltshire 014D,Other theft,Investigation complete; no suspect identified,
2f03e03c10ef10a5d2dc7895ea970ff94fb6d565b719daf10a7c20875e3ec4fe,2012-12,Wiltshire Police,Wiltshire Police,-2.096976,51.445365,On or near Monks Way,E01031923,Wiltshire 014D,Vehicle crime,Investigation complete; no suspect identified,
,2012-12,Wiltshire Police,Wiltshire Police,-2.111407,51.450882,On or near Claypole Mead,E01031924,Wiltshire 014E,Anti-social behaviour,,
,2012-12,Wiltshire Police,Wiltshire Police,-2.108299,51.450921,On or near Bolts Croft,E01031924,Wiltshire 014E,Anti-social behaviour,,
72d19e3f7e9de4a1d3bfcae103891df5d72dc34ebaf0919d69d9a3998883b195,2012-12,Wiltshire Police,Wiltshire Police,-2.108737,51.447765,On or near Swayne Close,E01031924,Wiltshire 014E,Burglary,Investigation complete; no suspect identified,
3f0cfeca23ac9d4700e7dc7508a368b006d02df2e418aff09c2f1a75f2d01aa2,2012-12,Wiltshire Police,Wiltshire Police,-2.105490,51.449656,On or near Brotherton Close,E01031924,Wiltshire 014E,Other theft,Investigation complete; no suspect identified,
4168d3cf730791e190fac2e8f11da9a973cde3532ffc5408e5b36ea64cd0678b,2012-12,Wiltshire Police,Wiltshire Police,-2.109873,51.447125,On or near Chivers Road,E01031924,Wiltshire 014E,Violent crime,Offender given a caution,
88052f927f7c5a1b40fac8d3ae8b0363f2d3e564e3cf3a5450c6af4b3e26ec00,2012-12,Wiltshire Police,Wiltshire Police,-2.110935,51.451881,On or near Daniell Drive,E01031924,Wiltshire 014E,Violent crime,Offender otherwise dealt with,
,2012-12,Wiltshire Police,Wiltshire Police,-1.994512,51.445657,On or near The Kilns,E01031895,Wiltshire 015A,Anti-social behaviour,,
,2012-12,Wiltshire Police,Wiltshire Police,-1.998627,51.442079,On or near Penn Court,E01031895,Wiltshire 015A,Anti-social behaviour,,
3b6dc9b07f24d3b8d3faa237386c194aa14ced35324a0414621775c879a5623d,2012-12,Wiltshire Police,Wiltshire Police,-2.003922,51.443193,On or near The Wynd,E01031895,Wiltshire 015A,Other theft,Investigation complete; no suspect identified,
,2012-12,Wiltshire Police,Wiltshire Police,-2.003001,51.439597,On or near Supermarket,E01031896,Wiltshire 015B,Anti-social behaviour,,
,2012-12,Wiltshire Police,Wiltshire Police,-2.001030,51.440073,On or near Broken Cross,E01031896,Wiltshire 015B,Anti-social behaviour,,
,2012-12,Wiltshire Police,Wiltshire Police,-2.003001,51.439597,On or near Supermarket,E01031896,Wiltshire 015B,Anti-social behaviour,,
,2012-12,Wiltshire Police,Wiltshire Police,-2.003001,51.439597,On or near Supermarket,E01031896,Wiltshire 015B,Anti-social behaviour,,
,2012-12,Wiltshire Police,Wiltshire Police,-2.003001,51.439597,On or near Supermarket,E01031896,Wiltshire 015B,Anti-social behaviour,,
,2012-12,Wiltshire Police,Wiltshire Police,-2.004210,51.440712,On or near Petrol Station,E01031896,Wiltshire 015B,Anti-social behaviour,,
,2012-12,Wiltshire Police,Wiltshire Police,-1.998901,51.439840,On or near The Knapp,E01031896,Wiltshire 015B,Anti-social behaviour,,
,2012-12,Wiltshire Police,Wiltshire Police,-2.004641,51.439363,On or near Supermarket,E01031896,Wiltshire 015B,Anti-social behaviour,,
,2012-12,Wiltshire Police,Wiltshire Police,-2.004641,51.439363,On or near Supermarket,E01031896,Wiltshire 015B,Anti-social behaviour,,
8689fb6937bedb814783f561e0b945932c26d91b2755f8936d356ec95be8d365,2012-12,Wiltshire Police,Wiltshire Police,-1.995030,51.442348,On or near The Slades,E01031896,Wiltshire 015B,Criminal damage and arson,Investigation complete; no suspect identified,
623408125d8e0d4b842618f5a493aad1882ac052d8da78bab775e853e1b04539,2012-12,Wiltshire Police,Wiltshire Police,-2.004641,51.439363,On or near Supermarket,E01031896,Wiltshire 015B,Criminal damage and arson,Investigation complete; no suspect identified,
4df998aa30062d7acd4538085c3105e9395f6fd89beb03d7ffecbc330f53f9b2,2012-12,Wiltshire Police,Wiltshire Police,-1.998901,51.439840,On or near The Knapp,E01031896,Wiltshire 015B,Drugs,Offender given a drugs possession warning,
a62763c54cfcd3fac2264d6dd0b7b55ad440ca23c533337b5efca7bcb3e1a928,2012-12,Wiltshire Police,Wiltshire Police,-2.003001,51.439597,On or near Supermarket,E01031896,Wiltshire 015B,Shoplifting,Local resolution,
2ab7057a75b7c2d08e046a80f82a4d099dc41bfa71b834577bf064596739f8d5,2012-12,Wiltshire Police,Wiltshire Police,-2.003836,51.439660,On or near The Pippin,E01031896,Wiltshire 015B,Shoplifting,Investigation complete; no suspect identified,
a27879b4c38735f5929d8dbf216b7c12f7de83201014c429197ca15fea381124,2012-12,Wiltshire Police,Wiltshire Police,-2.003001,51.439597,On or near Supermarket,E01031896,Wiltshire 015B,Shoplifting,Investigation complete; no suspect identified,
28a32fc917b4d4c58adcea0591fe97ef125b0aa91710092b8e9526e96cbf1f97,2012-12,Wiltshire Police,Wiltshire Police,-2.003001,51.439597,On or near Supermarket,E01031896,Wiltshire 015B,Violent crime,Local resolution,
24e1f5c352a85bee574a79bda073875f953f9b55c968c65b62a44acd9f458b83,2012-12,Wiltshire Police,Wiltshire Police,-1.998901,51.439840,On or near The Knapp,E01031896,Wiltshire 015B,Violent crime,Investigation complete; no suspect identified,
bdf396d65ac9ed757d9a7d72ce7a21a88b101f1c5befab903da1d6eb283cbc34,2012-12,Wiltshire Police,Wiltshire Police,-2.003001,51.439597,On or near Supermarket,E01031896,Wiltshire 015B,Violent crime,Offender given a caution,
16243636b311272fdcd64c8523cc3e7ed8d1be7e02a15ccfee91388a2e82f2d9,2012-12,Wiltshire Police,Wiltshire Police,-2.003001,51.439597,On or near Supermarket,E01031896,Wiltshire 015B,Other crime,Court result unavailable,
,2012-12,Wiltshire Police,Wiltshire Police,-2.018024,51.445305,On or near Poppy Close,E01031897,Wiltshire 015C,Anti-social behaviour,,
,2012-12,Wiltshire Police,Wiltshire Police,-2.013650,51.446286,On or near Harrier Close,E01031897,Wiltshire 015C,Anti-social behaviour,,
,2012-12,Wiltshire Police,Wiltshire Police,-2.013650,51.446286,On or near Harrier Close,E01031897,Wiltshire 015C,Anti-social behaviour,,
,2012-12,Wiltshire Police,Wiltshire Police,-2.016455,51.445728,On or near Honeysuckle Close,E01031897,Wiltshire 015C,Anti-social behaviour,,
,2012-12,Wiltshire Police,Wiltshire Police,-2.016684,51.442068,On or near Woodsage Way,E01031897,Wiltshire 015C,Anti-social behaviour,,
eb94a4be21dac7cb1d02f3f543b5e473dc0ef5f519b2c711d0fd17c51d5e97fc,2012-12,Wiltshire Police,Wiltshire Police,-2.016944,51.443381,On or near Carpenters Close,E01031897,Wiltshire 015C,Other theft,Investigation complete; no suspect identified,
aae1fd7a64280091aae89f93b74ba3d980ebe37f32154f71cffdbe80498c3c9f,2012-12,Wiltshire Police,Wiltshire Police,-2.013303,51.442626,On or near St Margarets Close,E01031897,Wiltshire 015C,Violent crime,Local resolution,
,2012-12,Wiltshire Police,Wiltshire Police,-2.007707,51.445801,On or near Cherry Tree Court,E01031898,Wiltshire 015D,Anti-social behaviour,,
,2012-12,Wiltshire Police,Wiltshire Police,-2.002858,51.444956,On or near Swaddon Street,E01031898,Wiltshire 015D,Anti-social behaviour,,
,2012-12,Wiltshire Police,Wiltshire Police,-2.005016,51.445055,On or near King Edward Close,E01031898,Wiltshire 015D,Anti-social behaviour,,
,2012-12,Wiltshire Police,Wiltshire Police,-2.002858,51.444956,On or near Swaddon Street,E01031898,Wiltshire 015D,Anti-social behaviour,,
,2012-12,Wiltshire Police,Wiltshire Police,-2.011189,51.444182,On or near Lansdowne Close,E01031898,Wiltshire 015D,Anti-social behaviour,,
,2012-12,Wiltshire Police,Wiltshire Police,-2.003088,51.447258,On or near Campion Close,E01031898,Wiltshire 015D,Anti-social behaviour,,
,2012-12,Wiltshire Police,Wiltshire Police,-2.005016,51.443787,On or near Dixon Way,E01031898,Wiltshire 015D,Anti-social behaviour,,
4b0192d88273b231e2cdd7334bf1f77d8bc3cb008be310ebbcabf9984140440e,2012-12,Wiltshire Police,Wiltshire Police,-2.006598,51.441970,On or near Victoria Terrace,E01031898,Wiltshire 015D,Burglary,Investigation complete; no suspect identified,
913fe8776f1f5bf9cfb6f8bdcb0e90c5ab1caa25b4ba33c7c43c9f35ad09ea51,2012-12,Wiltshire Police,Wiltshire Police,-2.003088,51.447258,On or near Campion Close,E01031898,Wiltshire 015D,Burglary,Investigation complete; no suspect identified,
81cc686fdca119350a9b65fe15d378deababeda4ea876c535bdae957b275f29a,2012-12,Wiltshire Police,Wiltshire Police,-2.002570,51.447671,On or near Cowslip Grove,E01031898,Wiltshire 015D,Burglary,Investigation complete; no suspect identified,
35e2a89f3300b16a5b47d33253e9ec9bd7fc53a71c13561f40f3d62cf52d15ab,2012-12,Wiltshire Police,Wiltshire Police,-2.000958,51.446161,On or near Luckett Way,E01031898,Wiltshire 015D,Criminal damage and arson,Investigation complete; no suspect identified,
e70cb0c1fe302f1dd4d20496f7ce423a48a22b402e20ac5b6fc26d1c26fb1e82,2012-12,Wiltshire Police,Wiltshire Police,-2.002297,51.444794,On or near Dunnet Close,E01031898,Wiltshire 015D,Vehicle crime,Investigation complete; no suspect identified,
0d78c2119ac3d9ff6fef6e2fc29ef6be26f6f869845960d6484b1ff045561f8a,2012-12,Wiltshire Police,Wiltshire Police,-2.005864,51.440927,On or near Alma Terrace,E01031898,Wiltshire 015D,Violent crime,Investigation complete; no suspect identified,
00237678ce4b679f3b48f26d4aa00b9dade433b260a67df06fc2563e0be2df63,2012-12,Wiltshire Police,Wiltshire Police,-2.011189,51.444182,On or near Lansdowne Close,E01031898,Wiltshire 015D,Violent crime,Offender fined,
759a5397e79913a3c2b0fabec722ad37156854a3c992b626a913a26407b06e27,2012-12,Wiltshire Police,Wiltshire Police,-2.006598,51.441970,On or near Victoria Terrace,E01031898,Wiltshire 015D,Violent crime,Investigation complete; no suspect identified,
,2012-12,Wiltshire Police,Wiltshire Police,-2.001620,51.447464,On or near Duncan Street,E01032690,Wiltshire 015F,Anti-social behaviour,,
,2012-12,Wiltshire Police,Wiltshire Police,-1.999620,51.450755,On or near Maundrell Road,E01032690,Wiltshire 015F,Anti-social behaviour,,
1e5eb0ab4ef257b4797c56531d5bf422b82fbd591f7ac447d9d7782c0f8ecb45,2012-12,Wiltshire Police,Wiltshire Police,-1.997332,51.450036,On or near Harris Road,E01032690,Wiltshire 015F,Burglary,Investigation complete; no suspect identified,
01f018ae0a1fc926b0596b6a58e03defad5d2e8fd7fd9fec9f3288c4b3e477fe,2012-12,Wiltshire Police,Wiltshire Police,-2.008341,51.450045,On or near Salmons Leap,E01032690,Wiltshire 015F,Burglary,Investigation complete; no suspect identified,
694c6935b592666d29992f3baa538176ec6a4992a604d545a2e679c228486b51,2012-12,Wiltshire Police,Wiltshire Police,-2.009103,51.448660,On or near Kestrel Close,E01032690,Wiltshire 015F,Burglary,Investigation complete; no suspect identified,
edeaea9eb204e8c394a857e0fd87b7237d9fa698d22499b85179fcb23400c48c,2012-12,Wiltshire Police,Wiltshire Police,-1.996627,51.453057,On or near Redman Road,E01032690,Wiltshire 015F,Criminal damage and arson,Investigation complete; no suspect identified,
0fa5beb1bd44ca88ae90f79e2b1017294aeb2606a5b013f3d733157ccc69d42b,2012-12,Wiltshire Police,Wiltshire Police,-2.004239,51.449272,On or near Buzzard Road,E01032690,Wiltshire 015F,Criminal damage and arson,Investigation complete; no suspect identified,
150c4d74158e84689a5503b634bfc45642dbc3e49d0860ad4dabfb75eb70ebc1,2012-12,Wiltshire Police,Wiltshire Police,-1.999620,51.450755,On or near Maundrell Road,E01032690,Wiltshire 015F,Drugs,Offender given penalty notice,
1567863e6214a687ed667a7a1d09866b622899e91e40ef94b587f70f310111f5,2012-12,Wiltshire Police,Wiltshire Police,-1.999620,51.450755,On or near Maundrell Road,E01032690,Wiltshire 015F,Drugs,Offender given penalty notice,
57000d9304d777bc6200eda8d92dfc19e4745e80d58fdc18c632e50826f81612,2012-12,Wiltshire Police,Wiltshire Police,-1.996627,51.453057,On or near Redman Road,E01032690,Wiltshire 015F,Shoplifting,Investigation complete; no suspect identified,
643deb7a62582421d36b7d441ade21f2622adbe2b085a9c72b0ae8d3c708d800,2012-12,Wiltshire Police,Wiltshire Police,-2.001620,51.447464,On or near Duncan Street,E01032690,Wiltshire 015F,Vehicle crime,Investigation complete; no suspect identified,
7422af219107ff217ebf9d23aa84b6f6e017e846c25ad010160edb30c79da08e,2012-12,Wiltshire Police,Wiltshire Police,-2.008341,51.450045,On or near Salmons Leap,E01032690,Wiltshire 015F,Vehicle crime,Investigation complete; no suspect identified,
,2012-12,Wiltshire Police,Wiltshire Police,-2.007189,51.447671,On or near Zander Road,E01032691,Wiltshire 015G,Anti-social behaviour,,
,2012-12,Wiltshire Police,Wiltshire Police,-2.005808,51.448202,On or near Minnow Close,E01032691,Wiltshire 015G,Anti-social behaviour,,
,2012-12,Wiltshire Police,Wiltshire Police,-2.008455,51.446646,On or near St Dunstan Close,E01032691,Wiltshire 015G,Anti-social behaviour,,
,2012-12,Wiltshire Police,Wiltshire Police,-2.006168,51.447680,On or near Grayling Close,E01032691,Wiltshire 015G,Anti-social behaviour,,
41dd3e7338c7ea39aaaa3343ad7fb77994263e2120128f188392c02e0238ad68,2012-12,Wiltshire Police,Wiltshire Police,-2.008455,51.446646,On or near St Dunstan Close,E01032691,Wiltshire 015G,Burglary,Investigation complete; no suspect identified,
eb47211660d5251ec8809a152bb2e7bec2af253bfbcc10573d8eee557128cfa6,2012-12,Wiltshire Police,Wiltshire Police,-2.012225,51.445369,On or near Sports/Recreation Area,E01032691,Wiltshire 015G,Criminal damage and arson,Offender fined,
3acbc493e1c873a81bc25a939a9e461e8c57029cf82807c75d7be9b05cdf01e1,2012-12,Wiltshire Police,Wiltshire Police,-2.005808,51.448202,On or near Minnow Close,E01032691,Wiltshire 015G,Criminal damage and arson,Investigation complete; no suspect identified,
e587cb978cc200a3991f64d60ddb8094c822ddb064e705d86cc0eb8366296fd8,2012-12,Wiltshire Police,Wiltshire Police,-2.009707,51.444299,On or near North End,E01032691,Wiltshire 015G,Criminal damage and arson,Investigation complete; no suspect identified,
b4fad56806a56c9f54d0ef7c1917c626dd5fa6089aa9ca9352b9f21dafd7ebf7,2012-12,Wiltshire Police,Wiltshire Police,-2.008455,51.446646,On or near St Dunstan Close,E01032691,Wiltshire 015G,Violent crime,Offender given a caution,
,2012-12,Wiltshire Police,Wiltshire Police,-2.009418,51.439552,On or near Curzon Close,E01031900,Wiltshire 016A,Anti-social behaviour,,
,2012-12,Wiltshire Police,Wiltshire Police,-2.014626,51.439272,On or near Druids Close,E01031900,Wiltshire 016A,Anti-social behaviour,,
,2012-12,Wiltshire Police,Wiltshire Police,-2.005850,51.438590,On or near Market Hill,E01031900,Wiltshire 016A,Anti-social behaviour,,
,2012-12,Wiltshire Police,Wiltshire Police,-2.005850,51.438590,On or near Market Hill,E01031900,Wiltshire 016A,Anti-social behaviour,,
,2012-12,Wiltshire Police,Wiltshire Police,-2.002886,51.434625,On or near South Place,E01031900,Wiltshire 016A,Anti-social behaviour,,
,2012-12,Wiltshire Police,Wiltshire Police,-2.005634,51.437322,On or near Patford Street,E01031900,Wiltshire 016A,Anti-social behaviour,,
,2012-12,Wiltshire Police,Wiltshire Police,-2.005850,51.438590,On or near Market Hill,E01031900,Wiltshire 016A,Anti-social behaviour,,
,2012-12,Wiltshire Police,Wiltshire Police,-2.014094,51.439641,On or near Lodge Close,E01031900,Wiltshire 016A,Anti-social behaviour,,
,2012-12,Wiltshire Police,Wiltshire Police,-2.005591,51.437816,On or near Cox'S Hill,E01031900,Wiltshire 016A,Anti-social behaviour,,
,2012-12,Wiltshire Police,Wiltshire Police,-2.001677,51.433707,On or near Back Road,E01031900,Wiltshire 016A,Anti-social behaviour,,
,2012-12,Wiltshire Police,Wiltshire Police,-2.005850,51.438590,On or near Market Hill,E01031900,Wiltshire 016A,Anti-social behaviour,,
f8b2114c66f07ec5d23217b7471da81675f6f823dce7145747d3287e2f44c6fd,2012-12,Wiltshire Police,Wiltshire Police,-2.001677,51.433707,On or near Back Road,E01031900,Wiltshire 016A,Criminal damage and arson,Investigation complete; no suspect identified,
1e89931259f8690b251e8fdbb2750500c4553256dc59f3e29f1cc053f5415218,2012-12,Wiltshire Police,Wiltshire Police,-2.005850,51.438590,On or near Market Hill,E01031900,Wiltshire 016A,Criminal damage and arson,Local resolution,
02e6615922395b7a550067f4842bec4164745cdc9c7bd08f9fc879e6f00d3c21,2012-12,Wiltshire Police,Wiltshire Police,-2.005850,51.438590,On or near Market Hill,E01031900,Wiltshire 016A,Shoplifting,Investigation complete; no suspect identified,
6b050af8ed46d1c66f7ad320c4883b5da65a578071f29f7ca1feb3aaf98abb46,2012-12,Wiltshire Police,Wiltshire Police,-2.004080,51.432341,On or near Hazel Grove,E01031900,Wiltshire 016A,Vehicle crime,Investigation complete; no suspect identified,
,2012-12,Wiltshire Police,Wiltshire Police,-2.003361,51.436567,On or near Church Street,E01031901,Wiltshire 016B,Anti-social behaviour,,
,2012-12,Wiltshire Police,Wiltshire Police,-1.995693,51.435973,On or near Park Close,E01031901,Wiltshire 016B,Anti-social behaviour,,
,2012-12,Wiltshire Police,Wiltshire Police,-2.004296,51.438014,On or near The Strand,E01031901,Wiltshire 016B,Anti-social behaviour,,
,2012-12,Wiltshire Police,Wiltshire Police,-1.999635,51.435668,On or near Horsebrook,E01031901,Wiltshire 016B,Anti-social behaviour,,
,2012-12,Wiltshire Police,Wiltshire Police,-1.995132,51.434220,On or near Priestley Grove,E01031901,Wiltshire 016B,Anti-social behaviour,,
,2012-12,Wiltshire Police,Wiltshire Police,-1.995693,51.435973,On or near Park Close,E01031901,Wiltshire 016B,Anti-social behaviour,,
0888834c94502b59611a39304ee875d6b6c774845474b4e867c236a71f80dc4b,2012-12,Wiltshire Police,Wiltshire Police,-1.996959,51.433716,On or near Saddleback Close,E01031901,Wiltshire 016B,Criminal damage and arson,Investigation complete; no suspect identified,
6cd4820c3d5883023867c963476e0df460cc903f19821ff1e6e238be21af433f,2012-12,Wiltshire Police,Wiltshire Police,-2.003361,51.436567,On or near Church Street,E01031901,Wiltshire 016B,Criminal damage and arson,Investigation complete; no suspect identified,
3ab4f45c77355b6db13abb048d6fbb50bd1856a934cf6defb2b30de10631a793,2012-12,Wiltshire Police,Wiltshire Police,-2.003361,51.436567,On or near Church Street,E01031901,Wiltshire 016B,Criminal damage and arson,Investigation complete; no suspect identified,
ac8723ffef8d0639d662bbb8654701f918cb609a4230973853f55988a66f613f,2012-12,Wiltshire Police,Wiltshire Police,-1.998412,51.436522,On or near Hillcroft,E01031901,Wiltshire 016B,Criminal damage and arson,Investigation complete; no suspect identified,
a64b77656dd4164816bda5052ef2213ec8f2fb8e9df0dd8b02bd8d9bce39b197,2012-12,Wiltshire Police,Wiltshire Police,-2.003361,51.436567,On or near Church Street,E01031901,Wiltshire 016B,Criminal damage and arson,Investigation complete; no suspect identified,
35b71c08d9d92a1bdb967fee3dd4080cfacfb5a3c24e3dc432b48294ac10145a,2012-12,Wiltshire Police,Wiltshire Police,-1.998009,51.435578,On or near Anchor Road,E01031901,Wiltshire 016B,Drugs,Offender given a drugs possession warning,
3ba3df7efd764f710c7f032a1b45aa0570116fa15d22480de21412f2a6f5cb5e,2012-12,Wiltshire Police,Wiltshire Police,-1.993607,51.435955,On or near Portland Way,E01031902,Wiltshire 016C,Criminal damage and arson,Investigation complete; no suspect identified,
197c45e6fa0669bdbf3461a49dfab23b533e5ac77a17b81229034ab1b2910f4f,2012-12,Wiltshire Police,Wiltshire Police,-1.994671,51.438653,On or near Prince Charles Drive,E01031902,Wiltshire 016C,Violent crime,Investigation complete; no suspect identified,
,2012-12,Wiltshire Police,Wiltshire Police,-1.996801,51.426685,On or near Elm Close,E01031903,Wiltshire 016D,Anti-social behaviour,,
325028c3c56813e083129b292c05729060fab5e37b733a5e69300a3932919988,2012-12,Wiltshire Police,Wiltshire Police,-2.000469,51.429059,On or near Sports/Recreation Area,E01031903,Wiltshire 016D,Violent crime,Court case unable to proceed,
,2012-12,Wiltshire Police,Wiltshire Police,-2.276805,51.401792,On or near Kingsdown Grove,E01031888,Wiltshire 017A,Anti-social behaviour,,
,2012-12,Wiltshire Police,Wiltshire Police,-2.280813,51.427112,On or near Road Hill,E01031888,Wiltshire 017A,Anti-social behaviour,,
d977dae682a17df96151944bbde8e929fa2f1bddd29d9c8116b51237ddc8f221,2012-12,Wiltshire Police,Wiltshire Police,-2.251947,51.414392,On or near The Brownings,E01031888,Wiltshire 017A,Burglary,Investigation complete; no suspect identified,
50003dcb012b8f0d0c63a6f415c1ea8a0b4d03450ec79f4d4cb718e62449e76b,2012-12,Wiltshire Police,Wiltshire Police,-2.255097,51.414592,On or near Bath Road,E01031888,Wiltshire 017A,Burglary,Investigation complete; no suspect identified,
0b0a95580ea55292e738b7d212310935ccdefb90356439d37be016d0c3efedcd,2012-12,Wiltshire Police,Wiltshire Police,-2.251263,51.415499,On or near Market Place,E01031888,Wiltshire 017A,Shoplifting,Investigation complete; no suspect identified,
0294b3de3337351eaaa648c73b4bee5b98e1715578c263da837283c3fcadc795,2012-12,Wiltshire Police,Wiltshire Police,-2.251263,51.415499,On or near Market Place,E01031888,Wiltshire 017A,Vehicle crime,Investigation complete; no suspect identified,
,2012-12,Wiltshire Police,Wiltshire Police,-2.204967,51.429715,On or near Nine Acre Drive,E01031889,Wiltshire 017B,Anti-social behaviour,,
01a528f11fa42a99ac369c6cd0fbda33a2d09722034c588233b7fb0dfc9ea770,2012-12,Wiltshire Police,Wiltshire Police,-2.204967,51.429715,On or near Nine Acre Drive,E01031889,Wiltshire 017B,Other theft,Investigation complete; no suspect identified,
875346e3422757d4599948d0f6bf804d4213fa7d46b88bd0e521de8783102969,2012-12,Wiltshire Police,Wiltshire Police,-2.221272,51.428382,On or near Broadwood Avenue,E01031889,Wiltshire 017B,Violent crime,Investigation complete; no suspect identified,
ead865c507db42a0c0bfc2ed4ba80e8087f038fd1103dd5a7bc1e1c2df38af15,2012-12,Wiltshire Police,Wiltshire Police,-2.217436,51.411134,On or near Sports/Recreation Area,E01031890,Wiltshire 017C,Shoplifting,Under investigation,
89a54d7866ab2fe6bb89ad14d9136769a6db41b7947aaf67e9e0ad18cf3670d7,2012-12,Wiltshire Police,Wiltshire Police,-2.235869,51.425125,On or near Beech Road,E01031890,Wiltshire 017C,Vehicle crime,Investigation complete; no suspect identified,
521f303111caacf181525e24c3b7ad0909b93209266337681e0aafe84148f991,2012-12,Wiltshire Police,Wiltshire Police,-2.261155,51.440402,On or near Quarry Lane,E01031929,Wiltshire 017D,Criminal damage and arson,Investigation complete; no suspect identified,
b24fcd734d3f2c84fd70e78bc664285bb53036beabc1e4a263c9187adf80b50a,2012-12,Wiltshire Police,Wiltshire Police,-2.271625,51.449559,On or near Cherry Road,E01031930,Wiltshire 017E,Other theft,Investigation complete; no suspect identified,
,2012-12,Wiltshire Police,Wiltshire Police,-2.186892,51.431058,On or near Mansion House Mews,E01031931,Wiltshire 018A,Anti-social behaviour,,
1633959d622d0b2d42725068117619c9c6581f5e94517bfaf5cd545195a9edd5,2012-12,Wiltshire Police,Wiltshire Police,-2.185660,51.428741,On or near Station Road,E01031931,Wiltshire 018A,Criminal damage and arson,Investigation complete; no suspect identified,
0735c05f3740ebbddbd2cc852cf588966d12921a283225bb25dc6b3792cc6f29,2012-12,Wiltshire Police,Wiltshire Police,-2.186892,51.431058,On or near Mansion House Mews,E01031931,Wiltshire 018A,Shoplifting,Local resolution,
,2012-12,Wiltshire Police,Wiltshire Police,-2.196337,51.433210,On or near Kirby Road,E01031932,Wiltshire 018B,Anti-social behaviour,,
857d48590880cf6b3cc094590a0068d57c0ee63dabadfe880be1d095dc9d6f75,2012-12,Wiltshire Police,Wiltshire Police,-2.197272,51.433199,On or near Mayo Close,E01031932,Wiltshire 018B,Criminal damage and arson,Local resolution,
766032939b42faf651a7bb22393b11884c19171eeae6b4bcbfd90a31c9de6d9d,2012-12,Wiltshire Police,Wiltshire Police,-2.196650,51.432337,On or near Meadland,E01031932,Wiltshire 018B,Other theft,Investigation complete; no suspect identified,
,2012-12,Wiltshire Police,Wiltshire Police,-2.195906,51.423347,On or near Potley Lane,E01031933,Wiltshire 018C,Anti-social behaviour,,
,2012-12,Wiltshire Police,Wiltshire Police,-2.195906,51.423347,On or near Potley Lane,E01031933,Wiltshire 018C,Anti-social behaviour,,
,2012-12,Wiltshire Police,Wiltshire Police,-2.185267,51.424128,On or near Elm Hayes,E01031933,Wiltshire 018C,Anti-social behaviour,,
fe2a4dde6158c39773b3e127adf12a830a95ff456e37e3d6da1038ef341bcd7a,2012-12,Wiltshire Police,Wiltshire Police,-2.183683,51.423582,On or near Dicketts Road,E01031933,Wiltshire 018C,Criminal damage and arson,Investigation complete; no suspect identified,
96fb0e1e6071dddf1f3444ec1dd35fde3089b128b0362777a16fa6c67b750dd0,2012-12,Wiltshire Police,Wiltshire Police,-2.191070,51.425747,On or near Pound Mead,E01031933,Wiltshire 018C,Criminal damage and arson,Investigation complete; no suspect identified,
1860345aa4644e8cad09a79a64ac14a546bbc7e362b0dad59b2bc7941c0a4ae7,2012-12,Wiltshire Police,Wiltshire Police,-2.195822,51.423779,On or near Pockeridge Road,E01031933,Wiltshire 018C,Other theft,Investigation complete; no suspect identified,
a8768d0120b9dedd0653a5e65b3c7f6b438e67376fadd8d0b56b81d0e44d9bbe,2012-12,Wiltshire Police,Wiltshire Police,-2.185267,51.424128,On or near Elm Hayes,E01031933,Wiltshire 018C,Violent crime,Investigation complete; no suspect identified,
cfce8fa6491aeb93a735de6a888522750739c35852635530e5b5a33b0bed0c5f,2012-12,Wiltshire Police,Wiltshire Police,-2.169113,51.415512,On or near The Close,E01031941,Wiltshire 018D,Violent crime,Investigation complete; no suspect identified,
,2012-12,Wiltshire Police,Wiltshire Police,-2.121791,51.416092,On or near Church Street,E01031942,Wiltshire 018E,Anti-social behaviour,,
,2012-12,Wiltshire Police,Wiltshire Police,-2.111933,51.430534,On or near Further/Higher Educational Building,E01031942,Wiltshire 018E,Anti-social behaviour,,
,2012-12,Wiltshire Police,Wiltshire Police,-2.131533,51.418617,On or near Parking Area,E01031942,Wiltshire 018E,Anti-social behaviour,,
,2012-12,Wiltshire Police,Wiltshire Police,-2.096254,51.410209,On or near Park/Open Space,E01031942,Wiltshire 018E,Anti-social behaviour,,
9653b476eda83dec646e9beefafdf41c0ef81e5978d0950cf038bd44f7d4a036,2012-12,Wiltshire Police,Wiltshire Police,-2.111933,51.430534,On or near Further/Higher Educational Building,E01031942,Wiltshire 018E,Criminal damage and arson,Investigation complete; no suspect identified,
382ae9d0e114b109e576685ce41c2faa07cc446c45d0fd4e001d08cfb6871b2c,2012-12,Wiltshire Police,Wiltshire Police,-2.121468,51.413764,On or near Sports/Recreation Area,E01031942,Wiltshire 018E,Other theft,Investigation complete; no suspect identified,
4353dd8c6943cd9c42a432f251f41f0123fc598b10bab505cac295dd78af9735,2012-12,Wiltshire Police,Wiltshire Police,-2.139169,51.423383,On or near Corsham Road,E01031942,Wiltshire 018E,Other theft,Investigation complete; no suspect identified,
7763e7f0143754fca7def189c953b68d548b24f457ae9371fface429e2bc7322,2012-12,Wiltshire Police,Wiltshire Police,-2.166804,51.417404,On or near Sports/Recreation Area,E01031942,Wiltshire 018E,Vehicle crime,Under investigation,
187d71416ac82a22bca982a2bc14ca58d2c46bceec10c4804db960f68a47bd63,2012-12,Wiltshire Police,Wiltshire Police,-2.121468,51.413764,On or near Sports/Recreation Area,E01031942,Wiltshire 018E,Violent crime,Investigation complete; no suspect identified,
,2012-12,Wiltshire Police,Wiltshire Police,-2.184823,51.431799,On or near Parking Area,E01031952,Wiltshire 018F,Anti-social behaviour,,
,2012-12,Wiltshire Police,Wiltshire Police,-2.188269,51.433583,On or near Sports/Recreation Area,E01031952,Wiltshire 018F,Anti-social behaviour,,
,2012-12,Wiltshire Police,Wiltshire Police,-2.186926,51.432506,On or near Parking Area,E01031952,Wiltshire 018F,Anti-social behaviour,,
,2012-12,Wiltshire Police,Wiltshire Police,-2.187168,51.431867,On or near Parking Area,E01031952,Wiltshire 018F,Anti-social behaviour,,
,2012-12,Wiltshire Police,Wiltshire Police,-2.183896,51.433824,On or near Church Street,E01031952,Wiltshire 018F,Anti-social behaviour,,
3408fb87e865f9a5adb97a04216b4da7d39113245fc6ae8caabf15329ac7d385,2012-12,Wiltshire Police,Wiltshire Police,-2.187689,51.432532,On or near Petrol Station,E01031952,Wiltshire 018F,Criminal damage and arson,Investigation complete; no suspect identified,
0f911115d00ce88c9e8085aa3ab81e4b8e8e7b7d00956781ae1c6884af6d4437,2012-12,Wiltshire Police,Wiltshire Police,-2.183896,51.433824,On or near Church Street,E01031952,Wiltshire 018F,Criminal damage and arson,Under investigation,
2ff8369100267076e177d60beb81c9179ce352d89c094bfdf3135da511d79b1e,2012-12,Wiltshire Police,Wiltshire Police,-2.191889,51.435969,On or near Priory New Road,E01031952,Wiltshire 018F,Criminal damage and arson,Investigation complete; no suspect identified,
c3ea2eca69865ff8532e769d4d578a7a31f4aefb016a79d69b30d6aee48771db,2012-12,Wiltshire Police,Wiltshire Police,-2.195093,51.434848,On or near Tupman Road,E01031952,Wiltshire 018F,Criminal damage and arson,Investigation complete; no suspect identified,
bacb5e4fbef0627060ba39acd42490d21f9ebca9a40ade5ec7d19d5a5f9ddc1e,2012-12,Wiltshire Police,Wiltshire Police,-2.186406,51.431886,On or near Shopping Area,E01031952,Wiltshire 018F,Other theft,Investigation complete; no suspect identified,
f0d7e002508c10ded621f013c1a3f933978a31440b54da29d7d9cc9f57ecb274,2012-12,Wiltshire Police,Wiltshire Police,-2.187689,51.432532,On or near Petrol Station,E01031952,Wiltshire 018F,Public disorder and weapons,Investigation complete; no suspect identified,
aa2690c2007be578d933761f5453550b829b8b5ad04bb61ebfee9cdc8188c68a,2012-12,Wiltshire Police,Wiltshire Police,-2.187689,51.432532,On or near Petrol Station,E01031952,Wiltshire 018F,Robbery,Offender sent to prison,
fe3d0cc69bfa5e30308ff4e609140bee6259eef37c0814fea868cba2287a4156,2012-12,Wiltshire Police,Wiltshire Police,-2.183896,51.433824,On or near Church Street,E01031952,Wiltshire 018F,Violent crime,Local resolution,
9225812a7ed79f850ad478876d5e1d0cff03885492577d78102c51fb5475105d,2012-12,Wiltshire Police,Wiltshire Police,-2.183896,51.433824,On or near Church Street,E01031952,Wiltshire 018F,Violent crime,Local resolution,
,2012-12,Wiltshire Police,Wiltshire Police,-2.200822,51.432429,On or near Purleigh Road,E01031953,Wiltshire 018G,Anti-social behaviour,,
,2012-12,Wiltshire Police,Wiltshire Police,-2.200822,51.432429,On or near Purleigh Road,E01031953,Wiltshire 018G,Anti-social behaviour,,
,2012-12,Wiltshire Police,Wiltshire Police,-2.197882,51.431094,On or near Poynder Road,E01031953,Wiltshire 018G,Anti-social behaviour,,
,2012-12,Wiltshire Police,Wiltshire Police,-2.206487,51.431979,On or near Silman Close,E01031953,Wiltshire 018G,Anti-social behaviour,,
c0d05d1d3461723e5458c2fc7c08c1dced5174501b1357e4444720adc92f0316,2012-12,Wiltshire Police,Wiltshire Police,-2.199250,51.428152,On or near Macie Drive,E01031953,Wiltshire 018G,Shoplifting,Offender sent to prison,
,2012-12,Wiltshire Police,Wiltshire Police,-1.717810,51.417723,On or near Homefields,E01031861,Wiltshire 019A,Anti-social behaviour,,
,2012-12,Wiltshire Police,Wiltshire Police,-1.717057,51.418602,On or near Five Stiles Road,E01031861,Wiltshire 019A,Anti-social behaviour,,
,2012-12,Wiltshire Police,Wiltshire Police,-1.717810,51.417723,On or near Homefields,E01031861,Wiltshire 019A,Anti-social behaviour,,
,2012-12,Wiltshire Police,Wiltshire Police,-1.717309,51.422056,On or near Sports/Recreation Area,E01031861,Wiltshire 019A,Anti-social behaviour,,
,2012-12,Wiltshire Police,Wiltshire Police,-1.709510,51.420418,On or near Elcot Orchard,E01031861,Wiltshire 019A,Anti-social behaviour,,
,2012-12,Wiltshire Police,Wiltshire Police,-1.724202,51.418853,On or near Savernake Court,E01031861,Wiltshire 019A,Anti-social behaviour,,
,2012-12,Wiltshire Police,Wiltshire Police,-1.723845,51.423276,On or near Vicarage Close,E01031861,Wiltshire 019A,Anti-social behaviour,,
,2012-12,Wiltshire Police,Wiltshire Police,-1.717810,51.417723,On or near Homefields,E01031861,Wiltshire 019A,Anti-social behaviour,,
f18638a62316c06f9fc7696ab461e4063ce37d7576163b6b42f3020785db30ee,2012-12,Wiltshire Police,Wiltshire Police,-1.717057,51.418602,On or near Five Stiles Road,E01031861,Wiltshire 019A,Burglary,Investigation complete; no suspect identified,
967bc2cf9d7742aacc37385b79ec57d29d4a9c0fc10f2737777eaa61c96cc52c,2012-12,Wiltshire Police,Wiltshire Police,-1.710814,51.418857,On or near Hazel Close,E01031861,Wiltshire 019A,Burglary,Investigation complete; no suspect identified,
ac340166e8f64adeb325fd693b2948ff68e9af162304407f23fc922449991173,2012-12,Wiltshire Police,Wiltshire Police,-1.720857,51.415572,On or near Woodstock Court,E01031861,Wiltshire 019A,Other theft,Investigation complete; no suspect identified,
04370df4437d150d10799fa8c1d8457eb9ad1d6b5833f239e984d90db561979d,2012-12,Wiltshire Police,Wiltshire Police,-1.720857,51.415572,On or near Woodstock Court,E01031861,Wiltshire 019A,Shoplifting,Local resolution,
b686eef8263bd9c8cb26978001164ab10c37dd715dd1c442859292c8a1c63794,2012-12,Wiltshire Police,Wiltshire Police,-1.720857,51.415572,On or near Woodstock Court,E01031861,Wiltshire 019A,Other crime,Investigation complete; no suspect identified,
,2012-12,Wiltshire Police,Wiltshire Police,-1.727341,51.427834,On or near Rabley Wood View,E01031862,Wiltshire 019B,Anti-social behaviour,,
f0bc427bb92ba86d1cc4093334d9eeeecdaa1bab702e71f0e526cd28934398b6,2012-12,Wiltshire Police,Wiltshire Police,-1.726486,51.424119,On or near South View Place,E01031862,Wiltshire 019B,Criminal damage and arson,Investigation complete; no suspect identified,
5ba4786da89b0c8c7140bf3de72e43be943eccd1c0b76ddd561c7f6f0a6d7014,2012-12,Wiltshire Police,Wiltshire Police,-1.726550,51.423094,On or near St Martins,E01031862,Wiltshire 019B,Violent crime,Investigation complete; no suspect identified,
,2012-12,Wiltshire Police,Wiltshire Police,-1.730406,51.422743,On or near Kingsbury Street,E01031863,Wiltshire 019C,Anti-social behaviour,,
,2012-12,Wiltshire Police,Wiltshire Police,-1.733707,51.418983,On or near Chantry Lane,E01031863,Wiltshire 019C,Anti-social behaviour,,
,2012-12,Wiltshire Police,Wiltshire Police,-1.729681,51.421420,On or near Oxford Street,E01031863,Wiltshire 019C,Anti-social behaviour,,
,2012-12,Wiltshire Police,Wiltshire Police,-1.733707,51.418983,On or near Chantry Lane,E01031863,Wiltshire 019C,Anti-social behaviour,,
,2012-12,Wiltshire Police,Wiltshire Police,-1.729623,51.423874,On or near Herd Street,E01031863,Wiltshire 019C,Anti-social behaviour,,
,2012-12,Wiltshire Police,Wiltshire Police,-1.733707,51.418983,On or near Chantry Lane,E01031863,Wiltshire 019C,Anti-social behaviour,,
,2012-12,Wiltshire Police,Wiltshire Police,-1.730896,51.420164,On or near Supermarket,E01031863,Wiltshire 019C,Anti-social behaviour,,
,2012-12,Wiltshire Police,Wiltshire Police,-1.732669,51.419376,On or near High Street,E01031863,Wiltshire 019C,Anti-social behaviour,,
,2012-12,Wiltshire Police,Wiltshire Police,-1.729658,51.420421,On or near Angel Yard,E01031863,Wiltshire 019C,Anti-social behaviour,,
,2012-12,Wiltshire Police,Wiltshire Police,-1.730896,51.420164,On or near Supermarket,E01031863,Wiltshire 019C,Anti-social behaviour,,
,2012-12,Wiltshire Police,Wiltshire Police,-1.729658,51.420421,On or near Angel Yard,E01031863,Wiltshire 019C,Anti-social behaviour,,
,2012-12,Wiltshire Police,Wiltshire Police,-1.733707,51.418983,On or near Chantry Lane,E01031863,Wiltshire 019C,Anti-social behaviour,,
8a477e4b9cb0002c32f8062d6b0cefb3b7c85cad0cf813c67be9e88c66a6ee8c,2012-12,Wiltshire Police,Wiltshire Police,-1.730896,51.420164,On or near Supermarket,E01031863,Wiltshire 019C,Burglary,Investigation complete; no suspect identified,
1ba0e9d055f3bb17159ccc7a99c90a8ffc70dcbc8cdd4af9bd1292304f056ca1,2012-12,Wiltshire Police,Wiltshire Police,-1.732669,51.419376,On or near High Street,E01031863,Wiltshire 019C,Criminal damage and arson,Local resolution,
4e211e23571792bd09d42f14bb503198bfafef1ab4e196eee775da1f22141bb7,2012-12,Wiltshire Police,Wiltshire Police,-1.733707,51.418983,On or near Chantry Lane,E01031863,Wiltshire 019C,Criminal damage and arson,Investigation complete; no suspect identified,
b54cd4149a9e712b024ec7e75fe9a04190c8ad5337463b7a7ac06c3698626b09,2012-12,Wiltshire Police,Wiltshire Police,-1.730896,51.420164,On or near Supermarket,E01031863,Wiltshire 019C,Criminal damage and arson,Local resolution,
a9ca1a72d31d4350e742605ad0ea7f66b72871b578b3f9bca7d11891c5da10c7,2012-12,Wiltshire Police,Wiltshire Police,-1.730896,51.420164,On or near Supermarket,E01031863,Wiltshire 019C,Other theft,Investigation complete; no suspect identified,
748f996eec13a0a70ce41cdc9a2b589715760a2b6b31122cc567b37d56dc3b56,2012-12,Wiltshire Police,Wiltshire Police,-1.730896,51.420164,On or near Supermarket,E01031863,Wiltshire 019C,Shoplifting,Offender sent to prison,
0d149a4676a2c5c197a53900698c828f020803ec8470986a0c9c078b3b0519aa,2012-12,Wiltshire Police,Wiltshire Police,-1.732669,51.419376,On or near High Street,E01031863,Wiltshire 019C,Shoplifting,Investigation complete; no suspect identified,
539322a0447794472aad78aa76924ab23eeb6701e570a848a5670df6c45cab42,2012-12,Wiltshire Police,Wiltshire Police,-1.733707,51.418983,On or near Chantry Lane,E01031863,Wiltshire 019C,Shoplifting,Investigation complete; no suspect identified,
8677f4dfed36c7ee6417df82e0cf4131afc1e8f9472a9322d5a4fea6e63159d3,2012-12,Wiltshire Police,Wiltshire Police,-1.732669,51.419376,On or near High Street,E01031863,Wiltshire 019C,Vehicle crime,Local resolution,
578cd39a9bb17788416f35fe86e2d1255fd53cd6ef5bcd4f8b59de634f3a4644,2012-12,Wiltshire Police,Wiltshire Police,-1.732669,51.419376,On or near High Street,E01031863,Wiltshire 019C,Violent crime,Investigation complete; no suspect identified,
,2012-12,Wiltshire Police,Wiltshire Police,-1.756354,51.419428,On or near Manton Hollow,E01031864,Wiltshire 019D,Anti-social behaviour,,
af74f40d487a8c3235d9ebc7a7280730ebcc5eaf114abed3680ff12f69aeeac1,2012-12,Wiltshire Police,Wiltshire Police,-1.760904,51.415598,On or near Manton Road,E01031864,Wiltshire 019D,Other theft,Investigation complete; no suspect identified,
,2012-12,Wiltshire Police,Wiltshire Police,-1.724127,51.416983,On or near Cherry Orchard,E01031865,Wiltshire 019E,Anti-social behaviour,,
,2012-12,Wiltshire Police,Wiltshire Police,-1.728061,51.420553,On or near Kennet Place,E01031865,Wiltshire 019E,Anti-social behaviour,,
2ab5d79e7107ed2ae4ab9df225823a42fcfa83914e326d364a9d141b0052ba7b,2012-12,Wiltshire Police,Wiltshire Police,-1.728061,51.420553,On or near Kennet Place,E01031865,Wiltshire 019E,Criminal damage and arson,Investigation complete; no suspect identified,
c3665bdb0c367a460481472692c5f361d7f57047d0d1059ef12d95e7e297fc2c,2012-12,Wiltshire Police,Wiltshire Police,-1.729730,51.417850,On or near Figgins Lane,E01031865,Wiltshire 019E,Drugs,Offender given a drugs possession warning,
,2012-12,Wiltshire Police,Wiltshire Police,-2.143123,51.381576,On or near Beanacre Road,E01032063,Wiltshire 020A,Anti-social behaviour,,
,2012-12,Wiltshire Police,Wiltshire Police,-2.144495,51.383805,On or near Shopping Area,E01032063,Wiltshire 020A,Anti-social behaviour,,
,2012-12,Wiltshire Police,Wiltshire Police,-2.142879,51.381747,On or near Beanacre Road,E01032063,Wiltshire 020A,Anti-social behaviour,,
,2012-12,Wiltshire Police,Wiltshire Police,-2.142879,51.381747,On or near Beanacre Road,E01032063,Wiltshire 020A,Anti-social behaviour,,
,2012-12,Wiltshire Police,Wiltshire Police,-2.139872,51.380312,On or near Scotland Road,E01032063,Wiltshire 020A,Anti-social behaviour,,
,2012-12,Wiltshire Police,Wiltshire Police,-2.142879,51.381747,On or near Beanacre Road,E01032063,Wiltshire 020A,Anti-social behaviour,,
2899cb7fc5a2913654f1419dea536c9e43e97f85e9049fd9d401dcd89bea800d,2012-12,Wiltshire Police,Wiltshire Police,-2.149236,51.383583,On or near Addison Road,E01032063,Wiltshire 020A,Burglary,Investigation complete; no suspect identified,
c33970bb1f8c2618f6fc33d5bd69056c63dca087d3ad52a50785533a4d14f8a1,2012-12,Wiltshire Police,Wiltshire Police,-2.140424,51.382263,On or near Granville Road,E01032063,Wiltshire 020A,Criminal damage and arson,Investigation complete; no suspect identified,
1b1c7a18fe71b5e795d8f0cbb30f6b612f915a5778b1a2c4ddb3b2d49e3b50fd,2012-12,Wiltshire Police,Wiltshire Police,-2.142891,51.380929,On or near Supermarket,E01032063,Wiltshire 020A,Criminal damage and arson,Investigation complete; no suspect identified,
08dcab3d330b7fe930fad4dff5af39882456c349aa753e91ca14cd8dbef3dc4b,2012-12,Wiltshire Police,Wiltshire Police,-2.140424,51.382263,On or near Granville Road,E01032063,Wiltshire 020A,Criminal damage and arson,Investigation complete; no suspect identified,
6cebdfb75edc11ca42d32396fdfe7a6ae2fb9567e1382b8fafb4135d15e3d5bf,2012-12,Wiltshire Police,Wiltshire Police,-2.143123,51.381576,On or near Beanacre Road,E01032063,Wiltshire 020A,Criminal damage and arson,Investigation complete; no suspect identified,
dbdb404e7403b80d20c05c38d21e977f0a7cf6f35737f664a36fb054dfd2123e,2012-12,Wiltshire Police,Wiltshire Police,-2.142879,51.381747,On or near Beanacre Road,E01032063,Wiltshire 020A,Other theft,Offender given a caution,
19b55302fcd180687bf298855171c93fcbfa9f127363d326db27704e4052b1a6,2012-12,Wiltshire Police,Wiltshire Police,-2.143123,51.381576,On or near Beanacre Road,E01032063,Wiltshire 020A,Public disorder and weapons,Court case unable to proceed,
c733624d5c71789536f8f4becb2a2f74d947fb76563c33666bafd05e2bb0349b,2012-12,Wiltshire Police,Wiltshire Police,-2.142891,51.380929,On or near Supermarket,E01032063,Wiltshire 020A,Shoplifting,Suspect charged as part of another case,
bea8c632348b6c47f2c58536071ea97a8c519770550ec65517acc49dc467b03b,2012-12,Wiltshire Police,Wiltshire Police,-2.142523,51.382566,On or near Parking Area,E01032063,Wiltshire 020A,Shoplifting,Offender given community sentence,
07b52e59e33ef05591a222feb75d5520f92c7b7f1a167614f3e837fe20cc3d35,2012-12,Wiltshire Police,Wiltshire Police,-2.138629,51.382733,On or near Severn Road,E01032063,Wiltshire 020A,Violent crime,Investigation complete; no suspect identified,
80dfcf7070b30ff7db0e42b1c03486d738afaa52a76017ef302a12304e3dd94f,2012-12,Wiltshire Police,Wiltshire Police,-2.140148,51.381292,On or near Portman Road,E01032063,Wiltshire 020A,Violent crime,Investigation complete; no suspect identified,
013a97119cd00ee82cf31141e55f4e33da295707beb21179a4fbe4d700f2b6ed,2012-12,Wiltshire Police,Wiltshire Police,-2.149236,51.383583,On or near Addison Road,E01032063,Wiltshire 020A,Other crime,Offender given a caution,
,2012-12,Wiltshire Police,Wiltshire Police,-2.130263,51.381708,On or near Awdry Avenue,E01032064,Wiltshire 020B,Anti-social behaviour,,
,2012-12,Wiltshire Police,Wiltshire Police,-2.130871,51.383038,On or near Methuen Avenue,E01032064,Wiltshire 020B,Anti-social behaviour,,
,2012-12,Wiltshire Police,Wiltshire Police,-2.126288,51.383331,On or near Woodrow Road,E01032064,Wiltshire 020B,Anti-social behaviour,,
,2012-12,Wiltshire Police,Wiltshire Police,-2.126288,51.383331,On or near Woodrow Road,E01032064,Wiltshire 020B,Anti-social behaviour,,
,2012-12,Wiltshire Police,Wiltshire Police,-2.128140,51.383014,On or near Bowden Crescent,E01032064,Wiltshire 020B,Anti-social behaviour,,
,2012-12,Wiltshire Police,Wiltshire Police,-2.127310,51.384220,On or near Lincoln Green,E01032064,Wiltshire 020B,Anti-social behaviour,,
6729c29c25beba89a909abdd4a5957031b0bdfdcf40702e9f14e9cf5c3e992af,2012-12,Wiltshire Police,Wiltshire Police,-2.128956,51.381809,On or near Philip Close,E01032064,Wiltshire 020B,Criminal damage and arson,Investigation complete; no suspect identified,
b7c547a95b692bdf9a2c55156780f5b2e2f622d73ba30412ba639e3650b831d9,2012-12,Wiltshire Police,Wiltshire Police,-2.128956,51.381809,On or near Philip Close,E01032064,Wiltshire 020B,Criminal damage and arson,Investigation complete; no suspect identified,
f87e1badbc64f1ceb937c7d4e5451dc84bae59a2e0b661d024b659d60c0cf3d2,2012-12,Wiltshire Police,Wiltshire Police,-2.126288,51.383331,On or near Woodrow Road,E01032064,Wiltshire 020B,Criminal damage and arson,Investigation complete; no suspect identified,
8b7f1d72635ef66009d01caf5ac8444d94f948338ae9ca247d1e83bce28a9618,2012-12,Wiltshire Police,Wiltshire Police,-2.127479,51.382871,On or near The Friars,E01032064,Wiltshire 020B,Criminal damage and arson,Investigation complete; no suspect identified,
20f9974e57de06d5ce7bb8424c1b3c16ea6e904b009636b5481abdca7921a745,2012-12,Wiltshire Police,Wiltshire Police,-2.128956,51.381809,On or near Philip Close,E01032064,Wiltshire 020B,Criminal damage and arson,Investigation complete; no suspect identified,
8ac12c7c852184512352a277ea49be4be56bbb7a7402293610ae0980e9b957d9,2012-12,Wiltshire Police,Wiltshire Police,-2.126288,51.383331,On or near Woodrow Road,E01032064,Wiltshire 020B,Criminal damage and arson,Investigation complete; no suspect identified,
37cf334dcd00c7e505a5f2d9f79fdae5bee4b2c58b3d90582bf25d1852084774,2012-12,Wiltshire Police,Wiltshire Police,-2.126288,51.383331,On or near Woodrow Road,E01032064,Wiltshire 020B,Criminal damage and arson,Investigation complete; no suspect identified,
41cd208f14ca1d669b8721ce59c7201bd27ca31f664fffd6de773b9ccbb5b380,2012-12,Wiltshire Police,Wiltshire Police,-2.126288,51.383331,On or near Woodrow Road,E01032064,Wiltshire 020B,Criminal damage and arson,Investigation complete; no suspect identified,
b5377e8004656ba4bb7e00511c612dc2442233efd64fbc5254ae517b248549c7,2012-12,Wiltshire Police,Wiltshire Police,-2.128956,51.381809,On or near Philip Close,E01032064,Wiltshire 020B,Criminal damage and arson,Investigation complete; no suspect identified,
e24a96000725f5f8a387f1c1a01c452f5b4c427d831c8e51d414d4d5ff111a68,2012-12,Wiltshire Police,Wiltshire Police,-2.126288,51.383331,On or near Woodrow Road,E01032064,Wiltshire 020B,Criminal damage and arson,Investigation complete; no suspect identified,
778026c8ac1c8771a3aabefa0bbb3588fafba5f448627ab2e8b2a3cd5ba09c5f,2012-12,Wiltshire Police,Wiltshire Police,-2.128956,51.381809,On or near Philip Close,E01032064,Wiltshire 020B,Criminal damage and arson,Investigation complete; no suspect identified,
90a0ab07fb29cc1e43b501dfc937f528779f8e01162a6ca2368ad39caaf8f437,2012-12,Wiltshire Police,Wiltshire Police,-2.128875,51.383760,On or near Glenside,E01032064,Wiltshire 020B,Drugs,Offender given a caution,
19b81a426b736eacccef985db830c99ec76eec3f33a0210eed1f0863afccf100,2012-12,Wiltshire Police,Wiltshire Police,-2.131069,51.382013,On or near Loxley Close,E01032064,Wiltshire 020B,Drugs,Offender given penalty notice,
9e03f05bd384032f97f471a9d5bd964812c779ebe8256a8d596b8eda07df3c07,2012-12,Wiltshire Police,Wiltshire Police,-2.131069,51.382013,On or near Loxley Close,E01032064,Wiltshire 020B,Drugs,Offender given penalty notice,
b33dffab64bc43d7e4f2ba60384fd552e5bbe6c0f0b921028d2887905ba9275c,2012-12,Wiltshire Police,Wiltshire Police,-2.128140,51.383014,On or near Bowden Crescent,E01032064,Wiltshire 020B,Drugs,Offender given a caution,
8c438854231b83b48e12b39d006472cd251f38d237ff96144df47b20c6c92013,2012-12,Wiltshire Police,Wiltshire Police,-2.128140,51.383014,On or near Bowden Crescent,E01032064,Wiltshire 020B,Drugs,Offender given a caution,
c63e0e92164a56b529f37df0ead9e6052627623108f8c63a94b0c8e3e4ab8bd5,2012-12,Wiltshire Police,Wiltshire Police,-2.130871,51.383038,On or near Methuen Avenue,E01032064,Wiltshire 020B,Other theft,Investigation complete; no suspect identified,
fa3218b65a6265b9fdf707a79f5266219a7e1525484843695c51c46680a84002,2012-12,Wiltshire Police,Wiltshire Police,-2.130871,51.383038,On or near Methuen Avenue,E01032064,Wiltshire 020B,Other theft,Investigation complete; no suspect identified,
2dde396638026f8609b08e4bd0614c0d39b9ad964665aaa281c04846b19ac3ff,2012-12,Wiltshire Police,Wiltshire Police,-2.130871,51.383038,On or near Methuen Avenue,E01032064,Wiltshire 020B,Other theft,Investigation complete; no suspect identified,
e7e10cf3e6b623965d78d37455650ef63bccca03f70af0e4adb5570c40c37caf,2012-12,Wiltshire Police,Wiltshire Police,-2.128875,51.383760,On or near Glenside,E01032064,Wiltshire 020B,Violent crime,Offender given a caution,
,2012-12,Wiltshire Police,Wiltshire Police,-2.128229,51.378653,On or near Heathcote Road,E01032065,Wiltshire 020C,Anti-social behaviour,,
aa1b20445e6de68504c59748907c7045a6feab4c23115652b992eb552fc5d138,2012-12,Wiltshire Police,Wiltshire Police,-2.127196,51.379320,On or near Barnwell Road,E01032065,Wiltshire 020C,Drugs,Offender otherwise dealt with,
,2012-12,Wiltshire Police,Wiltshire Police,-2.127253,51.374105,On or near Marti Close,E01032073,Wiltshire 020D,Anti-social behaviour,,
,2012-12,Wiltshire Police,Wiltshire Police,-2.127941,51.373519,On or near Ferris Grove,E01032073,Wiltshire 020D,Anti-social behaviour,,
67d8d929c22397cce39adc7eccf681b124d9a9bcb1924cdfa56b23e507e13382,2012-12,Wiltshire Police,Wiltshire Police,-2.126907,51.373431,On or near Mills Road,E01032073,Wiltshire 020D,Criminal damage and arson,Investigation complete; no suspect identified,
270e6d534307e4746c190c1f9f2ee0d80d8992b2af67d7803e5db12eb1b28fab,2012-12,Wiltshire Police,Wiltshire Police,-2.122493,51.372338,On or near Quantock Close,E01032073,Wiltshire 020D,Vehicle crime,Investigation complete; no suspect identified,
4f282d7079af5fc572d9f8201df3bcd847af6171308e21fe0d2da55a926bed5c,2012-12,Wiltshire Police,Wiltshire Police,-2.122493,51.372338,On or near Quantock Close,E01032073,Wiltshire 020D,Violent crime,Investigation complete; no suspect identified,
,2012-12,Wiltshire Police,Wiltshire Police,-2.124885,51.380248,On or near Dean Close,E01032074,Wiltshire 020E,Anti-social behaviour,,
,2012-12,Wiltshire Police,Wiltshire Police,-2.189951,51.391877,On or near Atworth Court,E01032043,Wiltshire 021A,Anti-social behaviour,,
,2012-12,Wiltshire Police,Wiltshire Police,-2.193028,51.392106,On or near Prospect Fields,E01032043,Wiltshire 021A,Anti-social behaviour,,
,2012-12,Wiltshire Police,Wiltshire Police,-2.184679,51.392443,On or near Mount Pleasant,E01032043,Wiltshire 021A,Anti-social behaviour,,
a97af2a2d2e2dff60e7f775d09648a110021938314c1b313018331dcf6952c9b,2012-12,Wiltshire Police,Wiltshire Police,-2.200636,51.393334,On or near Petrol Station,E01032043,Wiltshire 021A,Other crime,Local resolution,
99dde263c42fe5fdbe72f5f41a7853b614fa88abfd047224b619cc2e46200ad9,2012-12,Wiltshire Police,Wiltshire Police,-2.162724,51.394256,On or near Corsham Road,E01032044,Wiltshire 021B,Other theft,Investigation complete; no suspect identified,
5ce6fd5046a2882650ff989a2a5e6a15222afe92bb2ceb1913857ecff3e74f08,2012-12,Wiltshire Police,Wiltshire Police,-2.164547,51.389434,On or near Green Beeches,E01032044,Wiltshire 021B,Other theft,Investigation complete; no suspect identified,
,2012-12,Wiltshire Police,Wiltshire Police,-2.174916,51.372523,On or near Newleaze Park,E01032057,Wiltshire 021C,Anti-social behaviour,,
53ee5df953614bd1449912144ad3bf569aefb4d2f4edb30debb3fe76b7dd5d2c,2012-12,Wiltshire Police,Wiltshire Police,-2.150537,51.372773,On or near Bradford Road,E01032057,Wiltshire 021C,Other theft,Investigation complete; no suspect identified,
f84fffd66d4ca977cf3caeb167789533ddb50c6dba5642d44d30d46ba39bdfe8,2012-12,Wiltshire Police,Wiltshire Police,-2.182890,51.376360,On or near Willow Crescent,E01032057,Wiltshire 021C,Vehicle crime,Investigation complete; no suspect identified,
3e6a5e3bcf8990c991c8bb3754c9f610b00172c103caa1cf8faff9a87729bcf9,2012-12,Wiltshire Police,Wiltshire Police,-2.171490,51.382204,On or near Park/Open Space,E01032057,Wiltshire 021C,Violent crime,Investigation complete; no suspect identified,
c7d3608367f1d8de30d1405bbc4432b29402c15774b5f00633dba3de07c057ac,2012-12,Wiltshire Police,Wiltshire Police,-2.177418,51.369525,On or near The Street,E01032057,Wiltshire 021C,Violent crime,Investigation complete; no suspect identified,
,2012-12,Wiltshire Police,Wiltshire Police,-2.124035,51.358139,On or near Hurricane Road,E01032070,Wiltshire 021D,Anti-social behaviour,,
,2012-12,Wiltshire Police,Wiltshire Police,-2.124035,51.358139,On or near Hurricane Road,E01032070,Wiltshire 021D,Anti-social behaviour,,
,2012-12,Wiltshire Police,Wiltshire Police,-2.142950,51.353855,On or near Police Station,E01032070,Wiltshire 021D,Anti-social behaviour,,
,2012-12,Wiltshire Police,Wiltshire Police,-2.142950,51.353855,On or near Police Station,E01032070,Wiltshire 021D,Anti-social behaviour,,
,2012-12,Wiltshire Police,Wiltshire Police,-2.131292,51.354543,On or near Westinghouse Way,E01032070,Wiltshire 021D,Anti-social behaviour,,
,2012-12,Wiltshire Police,Wiltshire Police,-2.124035,51.358139,On or near Hurricane Road,E01032070,Wiltshire 021D,Anti-social behaviour,,
,2012-12,Wiltshire Police,Wiltshire Police,-2.126886,51.360653,On or near Elm Close,E01032070,Wiltshire 021D,Anti-social behaviour,,
86cb0e8ada5c3b877a14a7756431b1f9cec4e2e71b82c709cb2c765ac6e5b321,2012-12,Wiltshire Police,Wiltshire Police,-2.142950,51.353855,On or near Police Station,E01032070,Wiltshire 021D,Burglary,Investigation complete; no suspect identified,
488215118d59ec4543d944a39276c516be3cfcdf03d1e273d66624d8c7484064,2012-12,Wiltshire Police,Wiltshire Police,-2.142950,51.353855,On or near Police Station,E01032070,Wiltshire 021D,Criminal damage and arson,Investigation complete; no suspect identified,
00e755a31da291d4d44442091d56936d2159807ea0c699e59e1fba1681551b67,2012-12,Wiltshire Police,Wiltshire Police,-2.142950,51.353855,On or near Police Station,E01032070,Wiltshire 021D,Drugs,Offender given a caution,
,2012-12,Wiltshire Police,Wiltshire Police,-2.117272,51.358514,On or near Hornchurch Road,E01032071,Wiltshire 021E,Anti-social behaviour,,
,2012-12,Wiltshire Police,Wiltshire Police,-2.121512,51.359787,On or near Martlet Close,E01032071,Wiltshire 021E,Anti-social behaviour,,
,2012-12,Wiltshire Police,Wiltshire Police,-2.123095,51.355604,On or near Mitchell Drive,E01032071,Wiltshire 021E,Anti-social behaviour,,
,2012-12,Wiltshire Police,Wiltshire Police,-2.114368,51.374810,On or near Skylark Road,E01032071,Wiltshire 021E,Anti-social behaviour,,
b02aaf0879694a1a5e19434555dc67ce1252463510b84867f90e03941e45fb32,2012-12,Wiltshire Police,Wiltshire Police,-2.114368,51.374810,On or near Skylark Road,E01032071,Wiltshire 021E,Burglary,Investigation complete; no suspect identified,
23ffec3f88751f71f2554fbebeac24bffba727999fa4c3ff42a62973b4fd5f89,2012-12,Wiltshire Police,Wiltshire Police,-2.134916,51.356463,On or near Sports/Recreation Area,E01032071,Wiltshire 021E,Other theft,Investigation complete; no suspect identified,
5d34d07e6dc969e67672819dc3ae48dec1d2efeb84dfe52e79fd3379af5474cf,2012-12,Wiltshire Police,Wiltshire Police,-2.125107,51.356052,On or near Mallard Close,E01032071,Wiltshire 021E,Vehicle crime,Investigation complete; no suspect identified,
d01371ebeff13c5b04a1cd8f305962200785c4fdc515e3363f89697de0892258,2012-12,Wiltshire Police,Wiltshire Police,-2.121363,51.357782,On or near Grasmere,E01032071,Wiltshire 021E,Violent crime,Investigation complete; no suspect identified,
,2012-12,Wiltshire Police,Wiltshire Police,-2.120593,51.354474,On or near Wellesley Close,E01032072,Wiltshire 021F,Anti-social behaviour,,
,2012-12,Wiltshire Police,Wiltshire Police,-2.119132,51.356040,On or near Chadwick Close,E01032072,Wiltshire 021F,Anti-social behaviour,,
eeb6e04612ffc617c028b26c4383b359e6623633a7dcffbe8411570a64454e05,2012-12,Wiltshire Police,Wiltshire Police,-2.124861,51.355584,On or near Brampton Court,E01032072,Wiltshire 021F,Vehicle crime,Investigation complete; no suspect identified,
,2012-12,Wiltshire Police,Wiltshire Police,-2.136694,51.374849,On or near Union Street,E01032062,Wiltshire 022A,Anti-social behaviour,,
,2012-12,Wiltshire Police,Wiltshire Police,-2.128562,51.374400,On or near Gloucester Square,E01032062,Wiltshire 022A,Anti-social behaviour,,
,2012-12,Wiltshire Police,Wiltshire Police,-2.141297,51.376444,On or near New Broughton Road,E01032062,Wiltshire 022A,Anti-social behaviour,,
,2012-12,Wiltshire Police,Wiltshire Police,-2.140431,51.375186,On or near Parking Area,E01032062,Wiltshire 022A,Anti-social behaviour,,
,2012-12,Wiltshire Police,Wiltshire Police,-2.138072,51.374200,On or near Bank Street,E01032062,Wiltshire 022A,Anti-social behaviour,,
,2012-12,Wiltshire Police,Wiltshire Police,-2.140630,51.374674,On or near Supermarket,E01032062,Wiltshire 022A,Anti-social behaviour,,
,2012-12,Wiltshire Police,Wiltshire Police,-2.135723,51.376568,On or near Sports/Recreation Area,E01032062,Wiltshire 022A,Anti-social behaviour,,
,2012-12,Wiltshire Police,Wiltshire Police,-2.132237,51.373380,On or near Rowley Place,E01032062,Wiltshire 022A,Anti-social behaviour,,
0505462ef8ffb93c3faf2b37743ba92ef8d3768c883aebfb5e6544ddde11ffe4,2012-12,Wiltshire Police,Wiltshire Police,-2.131927,51.375682,On or near Hampshire Place,E01032062,Wiltshire 022A,Burglary,Investigation complete; no suspect identified,
b25be45ddf8aaaf0d336d812a648dad0b2ee67248bba1d7f7975c5e162cdace2,2012-12,Wiltshire Police,Wiltshire Police,-2.149600,51.380372,On or near Shurnhold,E01032062,Wiltshire 022A,Burglary,Investigation complete; no suspect identified,
061364385e19cec66f8680a70af9c63ba8b2fea748bbc3222b8e0e1089912885,2012-12,Wiltshire Police,Wiltshire Police,-2.135723,51.376568,On or near Sports/Recreation Area,E01032062,Wiltshire 022A,Criminal damage and arson,Investigation complete; no suspect identified,
bddac271b8e423aa6434b08f062a4d48460acf58e5747c96f1940184f8749889,2012-12,Wiltshire Police,Wiltshire Police,-2.138072,51.374200,On or near Bank Street,E01032062,Wiltshire 022A,Shoplifting,Suspect charged as part of another case,
a1ffdea13fbccff7c9d7b5fe8098e593e43e9bdea15151e45d447065ad3c55b8,2012-12,Wiltshire Police,Wiltshire Police,-2.140630,51.374674,On or near Supermarket,E01032062,Wiltshire 022A,Shoplifting,Investigation complete; no suspect identified,
1f905a176eaa7f3ff1107b0041da9907863870062ab7fabc168bfbc79834db08,2012-12,Wiltshire Police,Wiltshire Police,-2.140630,51.374674,On or near Supermarket,E01032062,Wiltshire 022A,Shoplifting,Offender given conditional discharge,
bc34f70ff4ddc11be4dc04a460df01dc54309dd7c12d364ec58795fc3268ed0f,2012-12,Wiltshire Police,Wiltshire Police,-2.141297,51.376444,On or near New Broughton Road,E01032062,Wiltshire 022A,Shoplifting,Investigation complete; no suspect identified,
d810f16a82b234966594a0357cf38cb3d4afd17650220bc66b428f0a761b9624,2012-12,Wiltshire Police,Wiltshire Police,-2.140630,51.374674,On or near Supermarket,E01032062,Wiltshire 022A,Shoplifting,Suspect charged as part of another case,
bea59bcc6e508a447a8dd395f7c1d838ab4d2eb67d7130960aedb53bd7b39a05,2012-12,Wiltshire Police,Wiltshire Police,-2.134301,51.371885,On or near Milton Avenue,E01032062,Wiltshire 022A,Vehicle crime,Investigation complete; no suspect identified,
616163fdbfcec9a0ad47ef689b59ec3585bd5dfd7216abcad679d97ca43c1686,2012-12,Wiltshire Police,Wiltshire Police,-2.134492,51.373260,On or near Sports/Recreation Area,E01032062,Wiltshire 022A,Vehicle crime,Court result unavailable,
87d9edaf0ca03112bf508749968fa08f7665224b272b032b422fa6344fc00f4c,2012-12,Wiltshire Police,Wiltshire Police,-2.141832,51.377649,On or near The City,E01032062,Wiltshire 022A,Violent crime,Investigation complete; no suspect identified,
1f8f8335055b7e24bf0f5891ee9b7f18a1c2863fe0a4ca53bcf5639179c1e012,2012-12,Wiltshire Police,Wiltshire Police,-2.142639,51.378376,On or near Bath Road,E01032062,Wiltshire 022A,Violent crime,Local resolution,
,2012-12,Wiltshire Police,Wiltshire Police,-2.130853,51.371970,On or near Supermarket,E01032066,Wiltshire 022B,Anti-social behaviour,,
,2012-12,Wiltshire Police,Wiltshire Police,-2.130853,51.371970,On or near Supermarket,E01032066,Wiltshire 022B,Anti-social behaviour,,
,2012-12,Wiltshire Police,Wiltshire Police,-2.130517,51.370046,On or near Wessex Close,E01032066,Wiltshire 022B,Anti-social behaviour,,
,2012-12,Wiltshire Police,Wiltshire Police,-2.125964,51.370267,On or near Heather Avenue,E01032066,Wiltshire 022B,Anti-social behaviour,,
4573fcaaef3953aff9319f9c55a18fbf10779e58ca788e819b96bf70c5f819f6,2012-12,Wiltshire Police,Wiltshire Police,-2.125751,51.371085,On or near Primrose Drive,E01032066,Wiltshire 022B,Drugs,Investigation complete; no suspect identified,
ce48ac8de2f985e7aa240708ee4b9c53e5f5e7de34cea6edce6b8810ddad902e,2012-12,Wiltshire Police,Wiltshire Police,-2.130853,51.371970,On or near Supermarket,E01032066,Wiltshire 022B,Shoplifting,Investigation complete; no suspect identified,
,2012-12,Wiltshire Police,Wiltshire Police,-2.139332,51.372814,On or near Church Street,E01032067,Wiltshire 022C,Anti-social behaviour,,
,2012-12,Wiltshire Police,Wiltshire Police,-2.140203,51.366519,On or near Semington Road,E01032067,Wiltshire 022C,Anti-social behaviour,,
,2012-12,Wiltshire Police,Wiltshire Police,-2.141694,51.365438,On or near Linden Grove,E01032067,Wiltshire 022C,Anti-social behaviour,,
1060b8bf87370119e6be8a2c3ec2e8338680d98cae353a9bad90c669d719f2a9,2012-12,Wiltshire Police,Wiltshire Police,-2.140454,51.373217,On or near Canon Square,E01032067,Wiltshire 022C,Burglary,Investigation complete; no suspect identified,
8edf52a421ab0a303f9282c094d644e76cc21baf26ce4c390c81c3aefd226ca7,2012-12,Wiltshire Police,Wiltshire Police,-2.138826,51.367150,On or near Lewington Close,E01032067,Wiltshire 022C,Criminal damage and arson,Investigation complete; no suspect identified,
e7666d5db353dbcb84342e0108fa028e671cd862a2afae31cd34b1a6495e9a9b,2012-12,Wiltshire Police,Wiltshire Police,-2.140454,51.373217,On or near Canon Square,E01032067,Wiltshire 022C,Criminal damage and arson,Investigation complete; no suspect identified,
2266f9f67d5084732f1ad3d40ed15f59b3c086457a8da58a231760a26d012358,2012-12,Wiltshire Police,Wiltshire Police,-2.140251,51.367930,On or near St Michael'S Road,E01032067,Wiltshire 022C,Other theft,Investigation complete; no suspect identified,
c9dddf65104c434e57699d18e54ce36033fdc9750eb8fbb0cf8acb4a445d4321,2012-12,Wiltshire Police,Wiltshire Police,-2.139985,51.365494,On or near Radnor Place,E01032067,Wiltshire 022C,Public disorder and weapons,Investigation complete; no suspect identified,
b9527fa4c0c37502587641b920149019effbda11a03da45e6967dd6ecbcfd0cb,2012-12,Wiltshire Police,Wiltshire Police,-2.139996,51.373955,On or near Church Walk,E01032067,Wiltshire 022C,Vehicle crime,Investigation complete; no suspect identified,
ff76384124ba8b44a2190276762ce92179d1c8b733dc490225cd03fa4b5b7205,2012-12,Wiltshire Police,Wiltshire Police,-2.139332,51.372814,On or near Church Street,E01032067,Wiltshire 022C,Violent crime,Court case unable to proceed,
a239b6eb1c127cb4e9ced9d47b9c318af8e3e72c2ac08e7420cb21094404ba39,2012-12,Wiltshire Police,Wiltshire Police,-2.139332,51.372814,On or near Church Street,E01032067,Wiltshire 022C,Violent crime,Investigation complete; no suspect identified,
a0c50ef154fc7b71416aa0230c30281549901141da01450d88dde70eceabbb86,2012-12,Wiltshire Police,Wiltshire Police,-2.138826,51.367150,On or near Lewington Close,E01032067,Wiltshire 022C,Violent crime,Investigation complete; no suspect identified,
,2012-12,Wiltshire Police,Wiltshire Police,-2.138282,51.372510,On or near High Street,E01032068,Wiltshire 022D,Anti-social behaviour,,
,2012-12,Wiltshire Police,Wiltshire Police,-2.138580,51.371376,On or near Parking Area,E01032068,Wiltshire 022D,Anti-social behaviour,,
,2012-12,Wiltshire Police,Wiltshire Police,-2.137514,51.370307,On or near Parking Area,E01032068,Wiltshire 022D,Anti-social behaviour,,
,2012-12,Wiltshire Police,Wiltshire Police,-2.137754,51.368761,On or near West End,E01032068,Wiltshire 022D,Anti-social behaviour,,
,2012-12,Wiltshire Police,Wiltshire Police,-2.133937,51.370150,On or near Rope Walk,E01032068,Wiltshire 022D,Anti-social behaviour,,
,2012-12,Wiltshire Police,Wiltshire Police,-2.136898,51.370875,On or near Coburg Square,E01032068,Wiltshire 022D,Anti-social behaviour,,
edff9c23c8859bb99227a04b10f721f451871e813f4fe539182ee26d6e1873a4,2012-12,Wiltshire Police,Wiltshire Police,-2.135353,51.368206,On or near The Close,E01032068,Wiltshire 022D,Burglary,Investigation complete; no suspect identified,
833b35356cb260df1170c4a3f496f463b281f26071496068bb7f6e2982fb86a7,2012-12,Wiltshire Police,Wiltshire Police,-2.137031,51.367386,On or near Kenilworth Gardens,E01032068,Wiltshire 022D,Burglary,Under investigation,
325ebf70e9afa560eb3172d7841236eb522e1e50d76d8a97f0c9570d17e9d303,2012-12,Wiltshire Police,Wiltshire Police,-2.137031,51.367386,On or near Kenilworth Gardens,E01032068,Wiltshire 022D,Burglary,Investigation complete; no suspect identified,
283eeb63d5ee404bc6e3cad9acaa021563ede7c04bf98f1335502b136c614ddd,2012-12,Wiltshire Police,Wiltshire Police,-2.135353,51.368206,On or near The Close,E01032068,Wiltshire 022D,Burglary,Investigation complete; no suspect identified,
a70a1343935aea9c9b0bc3eee7022d10556cf304e22dca167e9a4f6a02cde89d,2012-12,Wiltshire Police,Wiltshire Police,-2.137754,51.368761,On or near West End,E01032068,Wiltshire 022D,Burglary,Investigation complete; no suspect identified,
16471648a9a939b7e94d7ff979965e967b954fa0726c2af95f3b3d4b0ce858c7,2012-12,Wiltshire Police,Wiltshire Police,-2.137754,51.368761,On or near West End,E01032068,Wiltshire 022D,Burglary,Investigation complete; no suspect identified,
184fb37690a6cf5f64be930e00fb8f006e5e5872ef3cf970437557e6ece3f65d,2012-12,Wiltshire Police,Wiltshire Police,-2.138282,51.372510,On or near High Street,E01032068,Wiltshire 022D,Burglary,Investigation complete; no suspect identified,
9f6739e943d519a6bfab0a8430bed1279583e20fdceda0146caf974ce46378ae,2012-12,Wiltshire Police,Wiltshire Police,-2.135353,51.368206,On or near The Close,E01032068,Wiltshire 022D,Burglary,Investigation complete; no suspect identified,
6021e69694c9ca038d08995dfd70de6d9fd7f84ab17125b4477a89c9f0096f5c,2012-12,Wiltshire Police,Wiltshire Police,-2.137031,51.367386,On or near Kenilworth Gardens,E01032068,Wiltshire 022D,Burglary,Investigation complete; no suspect identified,
877b3d2790187e08d1cd03cf916c5197c8c5f6143e7d5cebbfdc2b448e8ea1a5,2012-12,Wiltshire Police,Wiltshire Police,-2.137754,51.368761,On or near West End,E01032068,Wiltshire 022D,Burglary,Investigation complete; no suspect identified,
6daa264696b375c84ee0009b874bfdd9aa064c1cfe8612692d585470a2328bfa,2012-12,Wiltshire Police,Wiltshire Police,-2.135353,51.368206,On or near The Close,E01032068,Wiltshire 022D,Burglary,Investigation complete; no suspect identified,
e7be0841a8eaf628aec3dc6614166f1fffb97c9b1fc0486d7847b0375da8a4eb,2012-12,Wiltshire Police,Wiltshire Police,-2.137937,51.367753,On or near Waverley Gardens,E01032068,Wiltshire 022D,Criminal damage and arson,Investigation complete; no suspect identified,
99629fa3acacd7f3d14c0f3f823132b66ab43c5211f4c4fa284c86c7e881ee8a,2012-12,Wiltshire Police,Wiltshire Police,-2.138580,51.371376,On or near Parking Area,E01032068,Wiltshire 022D,Drugs,Offender given a caution,
e618cd1eaebe388d26c541f812c5886abb2900c29bb7628be17c7636b530a3e8,2012-12,Wiltshire Police,Wiltshire Police,-2.138580,51.371376,On or near Parking Area,E01032068,Wiltshire 022D,Other theft,Investigation complete; no suspect identified,
0c9ed17f818c428f4e69a2b47f5a55161b1cebeb1d39ebbc10dbbab84180293e,2012-12,Wiltshire Police,Wiltshire Police,-2.137754,51.368761,On or near West End,E01032068,Wiltshire 022D,Other theft,Investigation complete; no suspect identified,
9fbf3c3aadd388f2fa2825ae9881a51ac92a70886808afba1f16fe80986867d3,2012-12,Wiltshire Police,Wiltshire Police,-2.138580,51.371376,On or near Parking Area,E01032068,Wiltshire 022D,Public disorder and weapons,Offender given penalty notice,
6c88fd4bce931a1b30c9e0a33e260f262e17bcf4b5bcafb2e8d2332b2d281333,2012-12,Wiltshire Police,Wiltshire Police,-2.136898,51.370875,On or near Coburg Square,E01032068,Wiltshire 022D,Shoplifting,Investigation complete; no suspect identified,
47426de4ad6ce4c4a2461d33812c3a5a6af1954b41c45206135c29a6da3af3a3,2012-12,Wiltshire Police,Wiltshire Police,-2.138730,51.373381,On or near Supermarket,E01032068,Wiltshire 022D,Shoplifting,Suspect charged as part of another case,
063245fa8d9c6ad34a2fa1b75f7f8932cd9696405608bd1a08653fcbeb43eb62,2012-12,Wiltshire Police,Wiltshire Police,-2.138730,51.373381,On or near Supermarket,E01032068,Wiltshire 022D,Shoplifting,Investigation complete; no suspect identified,
84765996fa9452e964cd20f6e276dc5659f5a99efd2210a90e5b02189a98eae8,2012-12,Wiltshire Police,Wiltshire Police,-2.137937,51.367753,On or near Waverley Gardens,E01032068,Wiltshire 022D,Vehicle crime,Investigation complete; no suspect identified,
5153e7335c9fa62695d0b4a9664efe6b3132f61444ed7b2c3732d2bd914f5898,2012-12,Wiltshire Police,Wiltshire Police,-2.137754,51.368761,On or near West End,E01032068,Wiltshire 022D,Vehicle crime,Investigation complete; no suspect identified,
d8203f3ff2835b8ed6f5439d388f82f8fe195b93735192466a2f5f814a6f5bf1,2012-12,Wiltshire Police,Wiltshire Police,-2.138580,51.371376,On or near Parking Area,E01032068,Wiltshire 022D,Vehicle crime,Investigation complete; no suspect identified,
aa15576c8823d5c7dd11fa288c19897f59933c95ef5ac256906c6c490610ef1a,2012-12,Wiltshire Police,Wiltshire Police,-2.138580,51.371376,On or near Parking Area,E01032068,Wiltshire 022D,Violent crime,Offender fined,
2efa5e48dfc04393744d4adf294210b70860628547396d757ba4c725c3858f91,2012-12,Wiltshire Police,Wiltshire Police,-2.138580,51.371376,On or near Parking Area,E01032068,Wiltshire 022D,Violent crime,Offender given a caution,
,2012-12,Wiltshire Police,Wiltshire Police,-2.135318,51.366039,On or near Sarum Avenue,E01032069,Wiltshire 022E,Anti-social behaviour,,
,2012-12,Wiltshire Police,Wiltshire Police,-2.131265,51.365099,On or near Burnet Close,E01032069,Wiltshire 022E,Anti-social behaviour,,
d8d6e3b099fbbd6f549e0b3d9ea98e733fb037379b5f2496db9ae99c179cab0e,2012-12,Wiltshire Police,Wiltshire Police,-2.129659,51.366360,On or near Pennycress Drive,E01032069,Wiltshire 022E,Criminal damage and arson,Investigation complete; no suspect identified,
eb045b740288e805f469369a6692e3bf7526e5bb446e42cf3417e1e2c3bf20e2,2012-12,Wiltshire Police,Wiltshire Police,-2.131265,51.365099,On or near Burnet Close,E01032069,Wiltshire 022E,Criminal damage and arson,Investigation complete; no suspect identified,
d2e1c1a23bda6fa61099a26606fbe9c4ae858ec10ed9754b3a5f6136603a6661,2012-12,Wiltshire Police,Wiltshire Police,-2.129340,51.365084,On or near Speedwell Close,E01032069,Wiltshire 022E,Violent crime,Offender given a caution,
64fad8cc469996702240bd40267d23e91bb87d8d9e7d17dd56a107f94564d879,2012-12,Wiltshire Police,Wiltshire Police,-2.195107,51.357323,On or near The Gravel,E01032058,Wiltshire 023A,Burglary,Investigation complete; no suspect identified,
0093d483ae42b23a38b74ecbcf7855ca96566fa99cce70905f9e2d16092d88d7,2012-12,Wiltshire Police,Wiltshire Police,-2.198717,51.358566,On or near The Spa,E01032058,Wiltshire 023A,Burglary,Investigation complete; no suspect identified,
b619b76e74b9a5a2ae46806a206d5121b07e3eef10816350e92802d995a0f2b8,2012-12,Wiltshire Police,Wiltshire Police,-2.210279,51.358645,On or near Leigh Road,E01032058,Wiltshire 023A,Other theft,Investigation complete; no suspect identified,
3af17b306dde38fda46cfefdb91ac5d052625ad8cbd47524ac627251809c3d5e,2012-12,Wiltshire Police,Wiltshire Police,-2.198306,51.356319,On or near Still Man Close,E01032058,Wiltshire 023A,Vehicle crime,Investigation complete; no suspect identified,
8ff7d9b49ee6c07419db88621709a90f94a8cbdb015e6c2d348f8e34333674bd,2012-12,Wiltshire Police,Wiltshire Police,-2.198717,51.358566,On or near The Spa,E01032058,Wiltshire 023A,Vehicle crime,Investigation complete; no suspect identified,
7136bf4b731ae912f7d83d0beab6834adf08d3f49f759b5eb002e01a25b93e54,2012-12,Wiltshire Police,Wiltshire Police,-2.204471,51.354222,On or near Ham Close,E01032058,Wiltshire 023A,Other crime,Court result unavailable,
,2012-12,Wiltshire Police,Wiltshire Police,-2.282647,51.384137,On or near Broad Stones,E01032059,Wiltshire 023B,Anti-social behaviour,,
bd8024ce202901fc27713cbcc61b16439abdef4676bdb4e57630da0a9e0311c3,2012-12,Wiltshire Police,Wiltshire Police,-2.236845,51.360779,On or near Leigh Road,E01032059,Wiltshire 023B,Burglary,Investigation complete; no suspect identified,
a5220161936b4774ae9b3aea86f4b6f5e1aba02ecdc31987f48fd4a72870ab4c,2012-12,Wiltshire Police,Wiltshire Police,-2.284898,51.350835,On or near The Mead,E01032059,Wiltshire 023B,Other theft,Investigation complete; no suspect identified,
ca8ac030abc6775266ff5a049d71050dbe3be6c5ae4e97d3f03e6906ef50cfcb,2012-12,Wiltshire Police,Wiltshire Police,-2.293518,51.347073,On or near Limpley Stoke Road,E01032059,Wiltshire 023B,Vehicle crime,Investigation complete; no suspect identified,
2936e4605221cda15646252bab2784d116db052a459b0fc4f22f7f400af3d04d,2012-12,Wiltshire Police,Wiltshire Police,-2.294622,51.346810,On or near Quarry Close,E01032059,Wiltshire 023B,Vehicle crime,Investigation complete; no suspect identified,
444ab8c91bf4d258cc8988da80ca46f2bbb3a03ee6b85ddef6f6e84a63c69eb1,2012-12,Wiltshire Police,Wiltshire Police,-2.291427,51.395454,On or near Prospect Place,E01032059,Wiltshire 023B,Other crime,Local resolution,
,2012-12,Wiltshire Police,Wiltshire Police,-2.291771,51.347869,On or near Late Broads,E01032060,Wiltshire 023C,Anti-social behaviour,,
f471a302f6cbe65ebec0c7b4975e3ac98f01449d1cb29473b628de379c9c1117,2012-12,Wiltshire Police,Wiltshire Police,-2.302199,51.354928,On or near Blackberry Lane,E01032060,Wiltshire 023C,Burglary,Investigation complete; no suspect identified,
,2012-12,Wiltshire Police,Wiltshire Police,-2.279766,51.331138,On or near Hebden Road,E01032061,Wiltshire 023D,Anti-social behaviour,,
4659f9ce73f4b189c9f5e11a426245874adf2a4df1de269b9349053e893307d3,2012-12,Wiltshire Police,Wiltshire Police,-2.282393,51.338127,On or near Parking Area,E01032061,Wiltshire 023D,Burglary,Investigation complete; no suspect identified,
7c5e01b3edffd75356a54d077fa5f0114d825012e9107906cc254e3cacb24ae4,2012-12,Wiltshire Police,Wiltshire Police,-2.273424,51.331503,On or near Linden Crescent,E01032061,Wiltshire 023D,Burglary,Under investigation,
acf9426fac634276366d3a9b1aed2a28b2ab579a797bf75a2a93fb202337db07,2012-12,Wiltshire Police,Wiltshire Police,-2.273424,51.331503,On or near Linden Crescent,E01032061,Wiltshire 023D,Burglary,Investigation complete; no suspect identified,
7c8939510be70da77fb2484954d8bd041373e34d47c72a83298ba73dd5bc9ea5,2012-12,Wiltshire Police,Wiltshire Police,-2.277043,51.331783,On or near Reto Grove,E01032061,Wiltshire 023D,Criminal damage and arson,Investigation complete; no suspect identified,
,2012-12,Wiltshire Police,Wiltshire Police,-1.730530,51.347843,On or near Crossroads,E01031866,Wiltshire 024A,Anti-social behaviour,,
2f1fd00d635cddde66a3978d2997e89c9d2a56090f78f8ebc1a3e512511fada9,2012-12,Wiltshire Police,Wiltshire Police,-1.770263,51.372960,On or near Oare Hill,E01031866,Wiltshire 024A,Burglary,Investigation complete; no suspect identified,
f8e3b146c9284ab4f8efefc8c5614e16e3678b567d3725264adac07874dd7989,2012-12,Wiltshire Police,Wiltshire Police,-1.696822,51.392701,On or near A346,E01031866,Wiltshire 024A,Drugs,Offender given a drugs possession warning,
b08408e9fa08ef3b7db59855cf18e75e824bf8534fa3d04a19b9c61b80072701,2012-12,Wiltshire Police,Wiltshire Police,-1.696822,51.392701,On or near A346,E01031866,Wiltshire 024A,Drugs,Offender given a drugs possession warning,
0a4517093beccc1a5cd297cedfb984a179a8f586e34be6542294c96baaf716c7,2012-12,Wiltshire Police,Wiltshire Police,-1.740760,51.346544,On or near B3087,E01031866,Wiltshire 024A,Violent crime,Local resolution,
e24c61709059cb4a8742863528c1c914f3992afb39be3b29443f9d1b2a6edb27,2012-12,Wiltshire Police,Wiltshire Police,-1.730530,51.347843,On or near Crossroads,E01031866,Wiltshire 024A,Violent crime,Investigation complete; no suspect identified,
bea49d560aace98304474c008f271de63bba570b96c7228a81295de1225b6e82,2012-12,Wiltshire Police,Wiltshire Police,-1.696822,51.392701,On or near A346,E01031866,Wiltshire 024A,Violent crime,Investigation complete; no suspect identified,
,2012-12,Wiltshire Police,Wiltshire Police,-1.775616,51.341724,On or near Little Island,E01031869,Wiltshire 024B,Anti-social behaviour,,
,2012-12,Wiltshire Police,Wiltshire Police,-1.771011,51.338128,On or near The Crescent,E01031869,Wiltshire 024B,Anti-social behaviour,,
,2012-12,Wiltshire Police,Wiltshire Police,-1.768379,51.339256,On or near Aston Close,E01031869,Wiltshire 024B,Anti-social behaviour,,
52bc91f63bc5417f9d70576e5f010de32299cb901b77a5d5a5c7ab1ea27eb857,2012-12,Wiltshire Police,Wiltshire Police,-1.782516,51.336927,On or near Sharcott Drove,E01031869,Wiltshire 024B,Criminal damage and arson,Investigation complete; no suspect identified,
d1a894726010a2aa2456601be6f4fc7eca82450a422892301dc9132eebe8a26b,2012-12,Wiltshire Police,Wiltshire Police,-1.776548,51.341969,On or near Nether Leaze,E01031869,Wiltshire 024B,Drugs,Offender given a drugs possession warning,
978fedd60c075499ac8a216ac0217572f087f014faa41ff50850a29bcc7d2fc2,2012-12,Wiltshire Police,Wiltshire Police,-1.771861,51.340422,On or near Parking Area,E01031869,Wiltshire 024B,Violent crime,Local resolution,
,2012-12,Wiltshire Police,Wiltshire Police,-1.765305,51.339537,On or near Police Station,E01031870,Wiltshire 024C,Anti-social behaviour,,
ebefab29db205b048a20ac1b348044caaf3e1c6b1a474a4532a8be4c7329b9c3,2012-12,Wiltshire Police,Wiltshire Police,-1.764185,51.339616,On or near Supermarket,E01031870,Wiltshire 024C,Burglary,Investigation complete; no suspect identified,
bb749b8014f4f840ff81985f9460222b7582ac37a8b4ad42793afa6398014059,2012-12,Wiltshire Police,Wiltshire Police,-1.758409,51.340440,On or near St Johns Close,E01031870,Wiltshire 024C,Burglary,Investigation complete; no suspect identified,
dea37a347766d579afdf7dd279194e7f98c07b9b104c81933739c9407bc7cbaa,2012-12,Wiltshire Police,Wiltshire Police,-1.764185,51.339616,On or near Supermarket,E01031870,Wiltshire 024C,Other theft,Investigation complete; no suspect identified,
3e270e58260a79766e76e98832ad67d793d4400b079762916c0b7de560a29cac,2012-12,Wiltshire Police,Wiltshire Police,-1.764185,51.339616,On or near Supermarket,E01031870,Wiltshire 024C,Shoplifting,Offender given community sentence,
,2012-12,Wiltshire Police,Wiltshire Police,-1.852379,51.355720,On or near Sports/Recreation Area,E01031871,Wiltshire 024D,Anti-social behaviour,,
bd7cf0602c3ac04fbd7625d3fd650029bd77f51a182ff3152824357a37bf3bba,2012-12,Wiltshire Police,Wiltshire Police,-1.795935,51.350519,On or near Sports/Recreation Area,E01031871,Wiltshire 024D,Burglary,Investigation complete; no suspect identified,
0da6cddea3683ecf659fa3b779b53e018002d163ddec1ed700af85e3a7bd87d8,2012-12,Wiltshire Police,Wiltshire Police,-1.788452,51.410202,On or near Old Beasants,E01031871,Wiltshire 024D,Burglary,Investigation complete; no suspect identified,
0705daf597be65914ed320acba244cdf1eb885ab282b59e6ea14a81382b8dd30,2012-12,Wiltshire Police,Wiltshire Police,-1.848991,51.337688,On or near Smithy Lane,E01031871,Wiltshire 024D,Burglary,Investigation complete; no suspect identified,
36d73dd190dd4dd9694e4576d3b8a699b7164ee7a7d6e9f46cdca03fae79f523,2012-12,Wiltshire Police,Wiltshire Police,-1.850699,51.346664,On or near The Sands,E01031871,Wiltshire 024D,Vehicle crime,Investigation complete; no suspect identified,
f02c43e708ee51402cd29b3d8b7bef73488772252c86622f28fb13b478d26c38,2012-12,Wiltshire Police,Wiltshire Police,-1.842472,51.359079,On or near Village Street,E01031871,Wiltshire 024D,Violent crime,Offender given a caution,
da726d2694176d1ed330f2fd79b07a7a518ba43152ad4500e1bd368ce6d3fc9e,2012-12,Wiltshire Police,Wiltshire Police,-1.813496,51.410649,On or near Forge Lane,E01031871,Wiltshire 024D,Violent crime,Investigation complete; no suspect identified,
b1d7e55a59c69304af04bb95f95f72bd2f856a50b334d24face6ae696b199ee3,2012-12,Wiltshire Police,Wiltshire Police,-1.842472,51.359079,On or near Village Street,E01031871,Wiltshire 024D,Violent crime,Offender given a caution,
,2012-12,Wiltshire Police,Wiltshire Police,-1.986739,51.353196,On or near Estcourt Crescent,E01031850,Wiltshire 025A,Anti-social behaviour,,
,2012-12,Wiltshire Police,Wiltshire Police,-1.986309,51.352072,On or near Church Walk,E01031850,Wiltshire 025A,Anti-social behaviour,,
,2012-12,Wiltshire Police,Wiltshire Police,-1.983407,51.355452,On or near London Road,E01031850,Wiltshire 025A,Anti-social behaviour,,
,2012-12,Wiltshire Police,Wiltshire Police,-1.986739,51.353196,On or near Estcourt Crescent,E01031850,Wiltshire 025A,Anti-social behaviour,,
,2012-12,Wiltshire Police,Wiltshire Police,-1.986309,51.352072,On or near Church Walk,E01031850,Wiltshire 025A,Anti-social behaviour,,
,2012-12,Wiltshire Police,Wiltshire Police,-1.986739,51.353196,On or near Estcourt Crescent,E01031850,Wiltshire 025A,Anti-social behaviour,,
,2012-12,Wiltshire Police,Wiltshire Police,-1.986452,51.355066,On or near Sports/Recreation Area,E01031850,Wiltshire 025A,Anti-social behaviour,,
,2012-12,Wiltshire Police,Wiltshire Police,-1.983407,51.355452,On or near London Road,E01031850,Wiltshire 025A,Anti-social behaviour,,
,2012-12,Wiltshire Police,Wiltshire Police,-1.986739,51.353196,On or near Estcourt Crescent,E01031850,Wiltshire 025A,Anti-social behaviour,,
b6e8c3ddebde0e87cf9c000d7d2487e85bfce974f3f6036a3cac4ca265fe3ec7,2012-12,Wiltshire Police,Wiltshire Police,-1.986739,51.353196,On or near Estcourt Crescent,E01031850,Wiltshire 025A,Drugs,Offender given a caution,
d877d580e6bd5a56b6e9e0ca5670df66d5472769a9c4f45e05572eb429bcf104,2012-12,Wiltshire Police,Wiltshire Police,-1.989224,51.352782,On or near Supermarket,E01031850,Wiltshire 025A,Public disorder and weapons,Court result unavailable,
883a2c8a1a68fc82ff29049be7c499be7f0bb569412932760cb9590c9d89d314,2012-12,Wiltshire Police,Wiltshire Police,-1.980060,51.356899,On or near Brickham Road,E01031850,Wiltshire 025A,Violent crime,Investigation complete; no suspect identified,
7a6b5f12eed056bd1d2ee847b47b9d75447cf6cbf4013efcbc3e678a71884e49,2012-12,Wiltshire Police,Wiltshire Police,-1.983407,51.355452,On or near London Road,E01031850,Wiltshire 025A,Violent crime,Local resolution,
,2012-12,Wiltshire Police,Wiltshire Police,-1.978714,51.350281,On or near Brickley Lane,E01031851,Wiltshire 025B,Anti-social behaviour,,
,2012-12,Wiltshire Police,Wiltshire Police,-1.980867,51.350282,On or near Kingsley Road,E01031851,Wiltshire 025B,Anti-social behaviour,,
,2012-12,Wiltshire Police,Wiltshire Police,-1.984600,51.351757,On or near Bricksteed Avenue,E01031851,Wiltshire 025B,Anti-social behaviour,,
,2012-12,Wiltshire Police,Wiltshire Police,-1.976804,51.350667,On or near Hodge Close,E01031851,Wiltshire 025B,Anti-social behaviour,,
a496b2a19b5e6f24e1896137c9f50d42da9d894587d3b6f1cab700e2ae7ac5cf,2012-12,Wiltshire Police,Wiltshire Police,-1.984600,51.351757,On or near Bricksteed Avenue,E01031851,Wiltshire 025B,Violent crime,Investigation complete; no suspect identified,
,2012-12,Wiltshire Police,Wiltshire Police,-1.974679,51.349525,On or near Chivers Road,E01031852,Wiltshire 025C,Anti-social behaviour,,
,2012-12,Wiltshire Police,Wiltshire Police,-1.978385,51.346684,On or near Eastleigh Close,E01031852,Wiltshire 025C,Anti-social behaviour,,
,2012-12,Wiltshire Police,Wiltshire Police,-1.989468,51.351739,On or near Southbroom Road,E01031852,Wiltshire 025C,Anti-social behaviour,,
,2012-12,Wiltshire Police,Wiltshire Police,-1.989641,51.349959,On or near Long Street,E01031852,Wiltshire 025C,Anti-social behaviour,,
,2012-12,Wiltshire Police,Wiltshire Police,-1.989468,51.351739,On or near Southbroom Road,E01031852,Wiltshire 025C,Anti-social behaviour,,
,2012-12,Wiltshire Police,Wiltshire Police,-1.981098,51.347881,On or near Longcroft Crescent,E01031852,Wiltshire 025C,Anti-social behaviour,,
,2012-12,Wiltshire Police,Wiltshire Police,-1.989641,51.349959,On or near Long Street,E01031852,Wiltshire 025C,Anti-social behaviour,,
,2012-12,Wiltshire Police,Wiltshire Police,-1.974049,51.345614,On or near Alan Cobham Road,E01031852,Wiltshire 025C,Anti-social behaviour,,
a8baffe1815d7d8a27986d0faeb56d58bd0cfffae277cba82832d3d37e0e527e,2012-12,Wiltshire Police,Wiltshire Police,-1.982548,51.348726,On or near Longcroft Road,E01031852,Wiltshire 025C,Criminal damage and arson,Investigation complete; no suspect identified,
f4df61cb2630238e07bc1ed2626f683e1208cd98ae702c48df6ad77fec31c2f7,2012-12,Wiltshire Police,Wiltshire Police,-1.989468,51.351739,On or near Southbroom Road,E01031852,Wiltshire 025C,Criminal damage and arson,Investigation complete; no suspect identified,
13d1cb9e5aba10983a64d5e6968061396d6e176cdf31d7a43d0c1fc6be4dd0ff,2012-12,Wiltshire Police,Wiltshire Police,-1.982548,51.348726,On or near Longcroft Road,E01031852,Wiltshire 025C,Criminal damage and arson,Investigation complete; no suspect identified,
6f36afef2494621e7e7c0e4b9520ee1d8f66e4e113e0d9c4acd2922dcdf4be61,2012-12,Wiltshire Police,Wiltshire Police,-1.989641,51.349959,On or near Long Street,E01031852,Wiltshire 025C,Public disorder and weapons,Local resolution,
,2012-12,Wiltshire Police,Wiltshire Police,-1.988954,51.339511,On or near Elliott Court,E01032688,Wiltshire 025E,Anti-social behaviour,,
,2012-12,Wiltshire Police,Wiltshire Police,-1.972915,51.345074,On or near Alan Cobham Road,E01032688,Wiltshire 025E,Anti-social behaviour,,
,2012-12,Wiltshire Police,Wiltshire Police,-1.974307,51.347826,On or near Marguerite Road,E01032688,Wiltshire 025E,Anti-social behaviour,,
,2012-12,Wiltshire Police,Wiltshire Police,-1.999563,51.345122,On or near Hartfield,E01032689,Wiltshire 025F,Anti-social behaviour,,
,2012-12,Wiltshire Police,Wiltshire Police,-1.987030,51.340697,On or near Eyles Road,E01032689,Wiltshire 025F,Anti-social behaviour,,
,2012-12,Wiltshire Police,Wiltshire Police,-1.977891,51.359524,On or near Moonrakers,E01032692,Wiltshire 025G,Anti-social behaviour,,
5ddf3b9d8a2185bcd5f94389aa57f8517732a4b3bb6a2f2fde172a666562ae9e,2012-12,Wiltshire Police,Wiltshire Police,-1.975823,51.359039,On or near Cranesbill Close,E01032692,Wiltshire 025G,Violent crime,Investigation complete; no suspect identified,
,2012-12,Wiltshire Police,Wiltshire Police,-1.974600,51.361898,On or near London Road,E01032693,Wiltshire 025H,Anti-social behaviour,,
,2012-12,Wiltshire Police,Wiltshire Police,-1.972230,51.363048,On or near Franklin Road,E01032693,Wiltshire 025H,Anti-social behaviour,,
,2012-12,Wiltshire Police,Wiltshire Police,-1.997179,51.357117,On or near Dyehouse Lane,E01032693,Wiltshire 025H,Anti-social behaviour,,
,2012-12,Wiltshire Police,Wiltshire Police,-1.979211,51.361386,On or near Combe Walk,E01032693,Wiltshire 025H,Anti-social behaviour,,
7c562effbab0f4d894282967a2b28c1c758971a7d719b7036f863f42a89f3eb3,2012-12,Wiltshire Police,Wiltshire Police,-1.980260,51.359435,On or near Flax Mill Park,E01032693,Wiltshire 025H,Burglary,Investigation complete; no suspect identified,
a899c1545169bacd151ef2da345d9d514ce0bae8acf7b10ff594be2f1bba5ea7,2012-12,Wiltshire Police,Wiltshire Police,-1.997179,51.357117,On or near Dyehouse Lane,E01032693,Wiltshire 025H,Criminal damage and arson,Investigation complete; no suspect identified,
7ac7c741870e62e43e99181fd643d5e1955bb3795896fb1dc90f1b3127d958c3,2012-12,Wiltshire Police,Wiltshire Police,-1.975707,51.361529,On or near Petrol Station,E01032693,Wiltshire 025H,Other crime,Investigation complete; no suspect identified,
,2012-12,Wiltshire Police,Wiltshire Police,-2.001832,51.355004,On or near Belle Vue Road,E01031853,Wiltshire 026A,Anti-social behaviour,,
,2012-12,Wiltshire Police,Wiltshire Police,-2.014483,51.352134,On or near Westminster Close,E01031853,Wiltshire 026A,Anti-social behaviour,,
,2012-12,Wiltshire Police,Wiltshire Police,-2.020442,51.351270,On or near Mayenne Place,E01031853,Wiltshire 026A,Anti-social behaviour,,
,2012-12,Wiltshire Police,Wiltshire Police,-2.014483,51.352134,On or near Westminster Close,E01031853,Wiltshire 026A,Anti-social behaviour,,
eb83267cdc736bc4797f12013609a2682a442a97e2e88f20e9eb704b52a6cda5,2012-12,Wiltshire Police,Wiltshire Police,-2.020442,51.351270,On or near Mayenne Place,E01031853,Wiltshire 026A,Burglary,Investigation complete; no suspect identified,
,2012-12,Wiltshire Police,Wiltshire Police,-1.994049,51.351488,On or near Supermarket,E01031854,Wiltshire 026B,Anti-social behaviour,,
,2012-12,Wiltshire Police,Wiltshire Police,-1.997395,51.353403,On or near Northgate Street,E01031854,Wiltshire 026B,Anti-social behaviour,,
,2012-12,Wiltshire Police,Wiltshire Police,-1.996662,51.352135,On or near Parking Area,E01031854,Wiltshire 026B,Anti-social behaviour,,
,2012-12,Wiltshire Police,Wiltshire Police,-1.994049,51.351488,On or near Supermarket,E01031854,Wiltshire 026B,Anti-social behaviour,,
,2012-12,Wiltshire Police,Wiltshire Police,-1.992699,51.352234,On or near Maryport Street,E01031854,Wiltshire 026B,Anti-social behaviour,,
,2012-12,Wiltshire Police,Wiltshire Police,-1.997395,51.353403,On or near Northgate Street,E01031854,Wiltshire 026B,Anti-social behaviour,,
,2012-12,Wiltshire Police,Wiltshire Police,-1.997395,51.353403,On or near Northgate Street,E01031854,Wiltshire 026B,Anti-social behaviour,,
,2012-12,Wiltshire Police,Wiltshire Police,-1.995829,51.354329,On or near Police Station,E01031854,Wiltshire 026B,Anti-social behaviour,,
,2012-12,Wiltshire Police,Wiltshire Police,-1.996662,51.352135,On or near Parking Area,E01031854,Wiltshire 026B,Anti-social behaviour,,
,2012-12,Wiltshire Police,Wiltshire Police,-1.996059,51.352594,On or near The Market Place,E01031854,Wiltshire 026B,Anti-social behaviour,,
,2012-12,Wiltshire Police,Wiltshire Police,-1.996031,51.351452,On or near Castle Road,E01031854,Wiltshire 026B,Anti-social behaviour,,
,2012-12,Wiltshire Police,Wiltshire Police,-1.997395,51.353403,On or near Northgate Street,E01031854,Wiltshire 026B,Anti-social behaviour,,
,2012-12,Wiltshire Police,Wiltshire Police,-1.994853,51.351335,On or near High Street,E01031854,Wiltshire 026B,Anti-social behaviour,,
,2012-12,Wiltshire Police,Wiltshire Police,-1.992713,51.354419,On or near New Park Road,E01031854,Wiltshire 026B,Anti-social behaviour,,
,2012-12,Wiltshire Police,Wiltshire Police,-2.001631,51.352270,On or near The Sidings,E01031854,Wiltshire 026B,Anti-social behaviour,,
,2012-12,Wiltshire Police,Wiltshire Police,-1.994178,51.352540,On or near Parking Area,E01031854,Wiltshire 026B,Anti-social behaviour,,
,2012-12,Wiltshire Police,Wiltshire Police,-2.001631,51.352270,On or near The Sidings,E01031854,Wiltshire 026B,Anti-social behaviour,,
8f7d3f0b89c3133d14859f6d9d84b54ef2319a33de99e499c459c8fb5dc191dc,2012-12,Wiltshire Police,Wiltshire Police,-1.994853,51.351335,On or near High Street,E01031854,Wiltshire 026B,Burglary,Investigation complete; no suspect identified,
d0115b2f2c2359792d6b258676a307bda813dec8bc010aeac6aa990b8b85e1fe,2012-12,Wiltshire Police,Wiltshire Police,-2.002780,51.352855,On or near Moyne Close,E01031854,Wiltshire 026B,Burglary,Under investigation,
78808b1c7e3fe4e3592e6fa9fc8a9d9e1a79acaab485f55138cc3024fc3ad3a6,2012-12,Wiltshire Police,Wiltshire Police,-1.992943,51.354122,On or near Commercial Road,E01031854,Wiltshire 026B,Burglary,Investigation complete; no suspect identified,
0f31277cd351ea39de6e08bd4e1a3153f2ba8c178a5d0953b543ad45577cc9ab,2012-12,Wiltshire Police,Wiltshire Police,-1.994178,51.352540,On or near Parking Area,E01031854,Wiltshire 026B,Burglary,Investigation complete; no suspect identified,
6d2ce06108e3fffeb079cbdaa466033c9798f38398f812cd7b4d8a7e1627e24c,2012-12,Wiltshire Police,Wiltshire Police,-2.001889,51.353763,On or near St Joseph'S Road,E01031854,Wiltshire 026B,Burglary,Investigation complete; no suspect identified,
63dfd482c0d39dcfa1f515ee6edc5403d85ced9c2d56bfd87a4d59d73297f361,2012-12,Wiltshire Police,Wiltshire Police,-1.996059,51.352594,On or near The Market Place,E01031854,Wiltshire 026B,Criminal damage and arson,Offender given community sentence,
dc2a9cd94f67c64c97666ce928acce214224b7e64b1f83dac5943577a3644263,2012-12,Wiltshire Police,Wiltshire Police,-1.996662,51.352135,On or near Parking Area,E01031854,Wiltshire 026B,Criminal damage and arson,Investigation complete; no suspect identified,
0b9543d94e881332e9d0e1aaac8073cda339e1196fcfae20743cd228777d436f,2012-12,Wiltshire Police,Wiltshire Police,-1.995557,51.352612,On or near Parking Area,E01031854,Wiltshire 026B,Criminal damage and arson,Investigation complete; no suspect identified,
ccbb07c7b8d30019e246bbea7ec9fec75e438e203ac44325442e6ea6468ebf15,2012-12,Wiltshire Police,Wiltshire Police,-1.990832,51.353754,On or near Sedgefield Gardens,E01031854,Wiltshire 026B,Criminal damage and arson,Investigation complete; no suspect identified,
36622dbeba604f77bb94f1d00feed1af5692457fbad0f92d37e862f7380d4b00,2012-12,Wiltshire Police,Wiltshire Police,-1.994250,51.353088,On or near Parking Area,E01031854,Wiltshire 026B,Criminal damage and arson,Offender given community sentence,
2749513a49da79adbc190581a7b9f4644070ead9c9e8e421547c0f627aa6c5fc,2012-12,Wiltshire Police,Wiltshire Police,-1.992699,51.352234,On or near Maryport Street,E01031854,Wiltshire 026B,Criminal damage and arson,Investigation complete; no suspect identified,
7ecc440f1e83338d1b103be54c968e4149a8b693c2caef87f9fce77fd89d770c,2012-12,Wiltshire Police,Wiltshire Police,-1.995557,51.352612,On or near Parking Area,E01031854,Wiltshire 026B,Drugs,Offender given a caution,
ca7134f59c7d9714620f8fe85f1e354e92b51dc1600bc7a7d7fdda12ac8d598e,2012-12,Wiltshire Police,Wiltshire Police,-1.996059,51.352594,On or near The Market Place,E01031854,Wiltshire 026B,Other theft,Investigation complete; no suspect identified,
31861f61166ff038ef375f054e3dfe4e817fdc09eb3d6caa62b731e7ae90c15e,2012-12,Wiltshire Police,Wiltshire Police,-2.002780,51.352855,On or near Moyne Close,E01031854,Wiltshire 026B,Other theft,Investigation complete; no suspect identified,
5a700aeb17e78423253b2d084707c8086e68f5fea3d94e3bfed9d6954746896a,2012-12,Wiltshire Police,Wiltshire Police,-1.995557,51.352612,On or near Parking Area,E01031854,Wiltshire 026B,Other theft,Investigation complete; no suspect identified,
0b9952bebf03fb2481f5f0cdde4f0b689ede67dd0d3f03a7d3a34e5121105e60,2012-12,Wiltshire Police,Wiltshire Police,-1.996662,51.352135,On or near Parking Area,E01031854,Wiltshire 026B,Other theft,Investigation complete; no suspect identified,
9195f1914be3e31f8da4b6de8fca954ab98c772a14cc779e251f861b91b1c6e4,2012-12,Wiltshire Police,Wiltshire Police,-1.995743,51.352828,On or near The Market Place,E01031854,Wiltshire 026B,Shoplifting,Offender given conditional discharge,
09cb725308ead891a75cfbf866226b94915779983433b0b43e76d824caeb2423,2012-12,Wiltshire Police,Wiltshire Police,-1.995557,51.352612,On or near Parking Area,E01031854,Wiltshire 026B,Violent crime,Local resolution,
467fd5871e696e5975538aa14290e98132a3693f3ce4003176d0154c43fc2f52,2012-12,Wiltshire Police,Wiltshire Police,-1.995729,51.353385,On or near Snuff Street,E01031854,Wiltshire 026B,Violent crime,Investigation complete; no suspect identified,
7a5b44137951ec66563e9aa2c97cd9f1cac9388ce5e2a71c175f320cd1811d8f,2012-12,Wiltshire Police,Wiltshire Police,-1.995829,51.354329,On or near Police Station,E01031854,Wiltshire 026B,Violent crime,Local resolution,
7ea12dc9e987263589b14d4cb6d495c52acb18a84e0ed99afb261d65911a0998,2012-12,Wiltshire Police,Wiltshire Police,-2.002780,51.352855,On or near Moyne Close,E01031854,Wiltshire 026B,Violent crime,Investigation complete; no suspect identified,
6c18c1fc4cd3d4cf8d757d55f3a0af11e82a8c416b73b811aec405b9aa1b1e58,2012-12,Wiltshire Police,Wiltshire Police,-1.994049,51.351488,On or near Supermarket,E01031854,Wiltshire 026B,Violent crime,Under investigation,
1f04b7777914fcd01fa047fc4f1721fcc6e95d6c76d1bf8b6a30efb9f982d5ad,2012-12,Wiltshire Police,Wiltshire Police,-1.996662,51.352135,On or near Parking Area,E01031854,Wiltshire 026B,Violent crime,Investigation complete; no suspect identified,
1f912c7759d795564f219acd68afce177f43bc57bb9fc79abfa3e0b7a24c369a,2012-12,Wiltshire Police,Wiltshire Police,-1.991866,51.352180,On or near Supermarket,E01031854,Wiltshire 026B,Violent crime,Offender given conditional discharge,
5a04931517ec98c05f9929e3c7f009e916e8caefe60644640de0e50f0b013098,2012-12,Wiltshire Police,Wiltshire Police,-1.996662,51.352135,On or near Parking Area,E01031854,Wiltshire 026B,Violent crime,Investigation complete; no suspect identified,
c280c681ae1e3c54c25a0cadd918cc6f184b068a5a179840e44186672d7c0dc7,2012-12,Wiltshire Police,Wiltshire Police,-1.995729,51.353385,On or near Snuff Street,E01031854,Wiltshire 026B,Violent crime,Investigation complete; no suspect identified,
,2012-12,Wiltshire Police,Wiltshire Police,-2.000583,51.348745,On or near West View Crescent,E01031856,Wiltshire 026D,Anti-social behaviour,,
,2012-12,Wiltshire Police,Wiltshire Police,-1.990732,51.350211,On or near Hare And Hounds Street,E01031856,Wiltshire 026D,Anti-social behaviour,,
,2012-12,Wiltshire Police,Wiltshire Police,-1.990732,51.350211,On or near Hare And Hounds Street,E01031856,Wiltshire 026D,Anti-social behaviour,,
,2012-12,Wiltshire Police,Wiltshire Police,-1.992297,51.351416,On or near Parking Area,E01031856,Wiltshire 026D,Anti-social behaviour,,
,2012-12,Wiltshire Police,Wiltshire Police,-2.000583,51.348745,On or near West View Crescent,E01031856,Wiltshire 026D,Anti-social behaviour,,
,2012-12,Wiltshire Police,Wiltshire Police,-2.000583,51.348745,On or near West View Crescent,E01031856,Wiltshire 026D,Anti-social behaviour,,
,2012-12,Wiltshire Police,Wiltshire Police,-1.997567,51.347981,On or near Hillworth Road,E01031856,Wiltshire 026D,Anti-social behaviour,,
78e7953a92c0e9602db0dae075322b212c9146718d92494aa5d0143d65a4d442,2012-12,Wiltshire Police,Wiltshire Police,-1.990948,51.349806,On or near Sutton Place,E01031856,Wiltshire 026D,Burglary,Investigation complete; no suspect identified,
2f4cac2d460a41a0afac59addf93352a396bf938db897da44821ae2ca4c1ee42,2012-12,Wiltshire Police,Wiltshire Police,-1.992297,51.351416,On or near Parking Area,E01031856,Wiltshire 026D,Other theft,Investigation complete; no suspect identified,
f3a2bdba641d5c6c3232482e1f9583e3a707b6b167e4c6530fd17ca408bb9cad,2012-12,Wiltshire Police,Wiltshire Police,-2.000583,51.348745,On or near West View Crescent,E01031856,Wiltshire 026D,Violent crime,Local resolution,
59c3b66e2900ef7b0404b9e958232d371193b9119e31b5307788ee167d22d9e5,2012-12,Wiltshire Police,Wiltshire Police,-1.991120,51.351694,On or near Parking Area,E01031856,Wiltshire 026D,Violent crime,Investigation complete; no suspect identified,
da41f1aad908161b0523c68b434f5d9fa5bc352a9fbe83fc33423b82900eb353,2012-12,Wiltshire Police,Wiltshire Police,-2.000583,51.348745,On or near West View Crescent,E01031856,Wiltshire 026D,Violent crime,Investigation complete; no suspect identified,
9a06f686d274df0dabb237b0bf87657ac796d033c5eea4e72afae2942f1a90d3,2012-12,Wiltshire Police,Wiltshire Police,-2.000583,51.348745,On or near West View Crescent,E01031856,Wiltshire 026D,Violent crime,Investigation complete; no suspect identified,
,2012-12,Wiltshire Police,Wiltshire Police,-2.258348,51.361255,On or near A363,E01032045,Wiltshire 027A,Anti-social behaviour,,
87b6f44a7b565745de0a54817b5a71a61d8eeba2ad84c719d9be9a56802092d5,2012-12,Wiltshire Police,Wiltshire Police,-2.261724,51.351249,On or near Bear Close,E01032045,Wiltshire 027A,Burglary,Court result unavailable,
f0df2cd3c376c9e1ffb32fa910bc19770032095beee89daa406bd2def36dc6e0,2012-12,Wiltshire Police,Wiltshire Police,-2.238978,51.351118,On or near Grange View,E01032045,Wiltshire 027A,Burglary,Investigation complete; no suspect identified,
ce65d9343fd21581845530437c3586ba6e85e8c15a4cd15950b12e93b3ff3ec3,2012-12,Wiltshire Police,Wiltshire Police,-2.253414,51.352041,On or near Church Acre,E01032045,Wiltshire 027A,Vehicle crime,Investigation complete; no suspect identified,
,2012-12,Wiltshire Police,Wiltshire Police,-2.253596,51.351177,On or near Huntingdon Place,E01032046,Wiltshire 027B,Anti-social behaviour,,
0fed781ad10b3a6f8344a0dc87f8d2b9a8d341df1aa77d6970f24da3d0fe0fdc,2012-12,Wiltshire Police,Wiltshire Police,-2.244718,51.350369,On or near New Road,E01032046,Wiltshire 027B,Burglary,Investigation complete; no suspect identified,
19a10c001e1b9ae6156757dc80f36dabf2037fec923c89dd57d31d812fea1a91,2012-12,Wiltshire Police,Wiltshire Police,-2.251295,51.350588,On or near Priory Close,E01032046,Wiltshire 027B,Vehicle crime,Investigation complete; no suspect identified,
,2012-12,Wiltshire Police,Wiltshire Police,-2.257097,51.350693,On or near Elmfield,E01032047,Wiltshire 027C,Anti-social behaviour,,
,2012-12,Wiltshire Police,Wiltshire Police,-2.257097,51.350693,On or near Elmfield,E01032047,Wiltshire 027C,Anti-social behaviour,,
1b6f120855db271688cfbbfbd7b7c8bbe392757e70460a32093047dddfa50288,2012-12,Wiltshire Police,Wiltshire Police,-2.254407,51.349772,On or near The Wilderness,E01032047,Wiltshire 027C,Shoplifting,Suspect charged as part of another case,
d9ad036e39ab14e98de606ce4016c58f6c47abba86a4bfcc3f281fa936baaa81,2012-12,Wiltshire Police,Wiltshire Police,-2.254407,51.349772,On or near The Wilderness,E01032047,Wiltshire 027C,Shoplifting,Suspect charged as part of another case,
,2012-12,Wiltshire Police,Wiltshire Police,-2.246349,51.338721,On or near Palairet Close,E01032048,Wiltshire 027D,Anti-social behaviour,,
,2012-12,Wiltshire Police,Wiltshire Police,-2.237939,51.341939,On or near Mythern Meadow,E01032048,Wiltshire 027D,Anti-social behaviour,,
,2012-12,Wiltshire Police,Wiltshire Police,-2.243939,51.341729,On or near St Laurence Road,E01032048,Wiltshire 027D,Anti-social behaviour,,
ddcd88ecf56e3e80f78e17087428b3931b44e92eae53ce5ecc450b5748df5d6f,2012-12,Wiltshire Police,Wiltshire Police,-2.247848,51.339770,On or near Sports/Recreation Area,E01032048,Wiltshire 027D,Criminal damage and arson,Investigation complete; no suspect identified,
,2012-12,Wiltshire Police,Wiltshire Police,-2.251015,51.341337,On or near Kennet Gardens,E01032049,Wiltshire 027E,Anti-social behaviour,,
,2012-12,Wiltshire Police,Wiltshire Police,-2.250855,51.343594,On or near Junction Road,E01032049,Wiltshire 027E,Anti-social behaviour,,
,2012-12,Wiltshire Police,Wiltshire Police,-2.251015,51.341337,On or near Kennet Gardens,E01032049,Wiltshire 027E,Anti-social behaviour,,
,2012-12,Wiltshire Police,Wiltshire Police,-2.251015,51.341337,On or near Kennet Gardens,E01032049,Wiltshire 027E,Anti-social behaviour,,
,2012-12,Wiltshire Police,Wiltshire Police,-2.251912,51.337432,On or near Spencers Orchard,E01032049,Wiltshire 027E,Anti-social behaviour,,
ee9ee2790b8de77df73e841885b7b04b7c0c4c16ff1a1ee5a404efeb14557d13,2012-12,Wiltshire Police,Wiltshire Police,-2.247905,51.336982,On or near Bassetts Pasture,E01032049,Wiltshire 027E,Burglary,Investigation complete; no suspect identified,
889788c995cd96ffc948bd4d1563863d13575b722a651f2c2ae755f9b0f28d33,2012-12,Wiltshire Police,Wiltshire Police,-2.235278,51.332432,On or near Widbrook Hill,E01032049,Wiltshire 027E,Burglary,Investigation complete; no suspect identified,
2b40e7328436fb2c0c0340ea2ac8b223726cb87a682b784d98d02ebbc5b8e64b,2012-12,Wiltshire Police,Wiltshire Police,-2.250164,51.338056,On or near Baileys Barn,E01032049,Wiltshire 027E,Criminal damage and arson,Investigation complete; no suspect identified,
72bd2fdd92f29ac344fd9ff687634668ea7f5d95729b2824d8b095e5d199480f,2012-12,Wiltshire Police,Wiltshire Police,-2.241484,51.336294,On or near John Rennie Close,E01032049,Wiltshire 027E,Criminal damage and arson,Investigation complete; no suspect identified,
6c0575d7bb2e7fa4fada00bfa03686ceba12f5deba1eab069dbf188fb7263280,2012-12,Wiltshire Police,Wiltshire Police,-2.251015,51.341337,On or near Kennet Gardens,E01032049,Wiltshire 027E,Criminal damage and arson,Investigation complete; no suspect identified,
c4bdeb59acc760b508c294efb69eb545f6b5f8aab5660cc47177c0d2fafc9931,2012-12,Wiltshire Police,Wiltshire Police,-2.251912,51.337432,On or near Spencers Orchard,E01032049,Wiltshire 027E,Shoplifting,Suspect charged as part of another case,
9d7bd8c10f7ba22f2712ad9365d98af449fcce906aa94333b8bae0182b187df1,2012-12,Wiltshire Police,Wiltshire Police,-2.251912,51.337432,On or near Spencers Orchard,E01032049,Wiltshire 027E,Vehicle crime,Investigation complete; no suspect identified,
788592da380290d6ebe762cf9ce4f2d87344a086772cb492b80781ea64e418b9,2012-12,Wiltshire Police,Wiltshire Police,-2.246706,51.341031,On or near Poulton,E01032049,Wiltshire 027E,Vehicle crime,Investigation complete; no suspect identified,
,2012-12,Wiltshire Police,Wiltshire Police,-2.249383,51.347517,On or near Kingston Road,E01032050,Wiltshire 027F,Anti-social behaviour,,
,2012-12,Wiltshire Police,Wiltshire Police,-2.253849,51.344918,On or near Parking Area,E01032050,Wiltshire 027F,Anti-social behaviour,,
,2012-12,Wiltshire Police,Wiltshire Police,-2.249383,51.347517,On or near Kingston Road,E01032050,Wiltshire 027F,Anti-social behaviour,,
,2012-12,Wiltshire Police,Wiltshire Police,-2.249701,51.347912,On or near Silver Street,E01032050,Wiltshire 027F,Anti-social behaviour,,
9fa21c7c776440d7ea0790114ae1ce3b3c11459d43adbf8f80aa63101ed3fe81,2012-12,Wiltshire Police,Wiltshire Police,-2.251062,51.347235,On or near Bull Pit,E01032050,Wiltshire 027F,Criminal damage and arson,Investigation complete; no suspect identified,
45487e2f33da730e91cecccff31a8c904c2501ec2668d0221d866c381235ae74,2012-12,Wiltshire Police,Wiltshire Police,-2.253222,51.345927,On or near Sports/Recreation Area,E01032050,Wiltshire 027F,Drugs,Offender given a caution,
e9fec99c65827fce477085f1d52d90ac60bd4a0a8066e65b46bf8eb7b78d0e66,2012-12,Wiltshire Police,Wiltshire Police,-2.251062,51.347235,On or near Bull Pit,E01032050,Wiltshire 027F,Other theft,Investigation complete; no suspect identified,
f564ef6bff88e60f273355b5e267d5844975709c43f548aef91beb76a7f20c74,2012-12,Wiltshire Police,Wiltshire Police,-2.252942,51.347168,On or near Church Street,E01032050,Wiltshire 027F,Vehicle crime,Investigation complete; no suspect identified,
b243c7ef4d8aa261d06c86bf2dd161e7567b363e2a5381558b644a6b4c645125,2012-12,Wiltshire Police,Wiltshire Police,-2.248788,51.348975,On or near Whiteheads Lane,E01032050,Wiltshire 027F,Vehicle crime,Investigation complete; no suspect identified,
1ee2d4a23c8bda355dc559cec6eb7adce75dd930d0bd2a545a35c669a9fafca7,2012-12,Wiltshire Police,Wiltshire Police,-2.253222,51.345927,On or near Sports/Recreation Area,E01032050,Wiltshire 027F,Violent crime,Investigation complete; no suspect identified,
a51cceb3bdb615ffe221865cd9092bf2d82267f1f31a93a1f86003590a402b34,2012-12,Wiltshire Police,Wiltshire Police,-2.251062,51.347235,On or near Bull Pit,E01032050,Wiltshire 027F,Other crime,Investigation complete; no suspect identified,
,2012-12,Wiltshire Police,Wiltshire Police,-2.035576,51.350457,On or near Marsh Lane,E01031845,Wiltshire 028A,Anti-social behaviour,,
11633d7123a068e0229aecdbbd237b9abe180fcc382e15dbba4c447a8b15a310,2012-12,Wiltshire Police,Wiltshire Police,-2.050783,51.390042,On or near Greystones,E01031845,Wiltshire 028A,Burglary,Investigation complete; no suspect identified,
,2012-12,Wiltshire Police,Wiltshire Police,-2.022716,51.362375,On or near Devizes Road,E01031846,Wiltshire 028B,Anti-social behaviour,,
,2012-12,Wiltshire Police,Wiltshire Police,-2.017988,51.282160,On or near Westbury Road,E01031848,Wiltshire 028C,Anti-social behaviour,,
080ad0fb5d3e9600b11d6a3d06dc82a1cfae461ff03c9617bda29b2a4a000759,2012-12,Wiltshire Police,Wiltshire Police,-2.016254,51.286099,On or near Low Road,E01031848,Wiltshire 028C,Other crime,Offender given a caution,
,2012-12,Wiltshire Police,Wiltshire Police,-2.003725,51.327867,On or near St Mary'S Close,E01031872,Wiltshire 028D,Anti-social behaviour,,
,2012-12,Wiltshire Police,Wiltshire Police,-2.004787,51.329081,On or near Blackberry Lane,E01031872,Wiltshire 028D,Anti-social behaviour,,
459436d71d4691b3243ee82a94ff694d61f439288e68c4171886117244f48b14,2012-12,Wiltshire Police,Wiltshire Police,-2.008892,51.326419,On or near Mill Road,E01031872,Wiltshire 028D,Criminal damage and arson,Local resolution,
3c9902306e7e21147d98406774d88cfa1fda7c2592b2061910067ac62ef61dba,2012-12,Wiltshire Police,Wiltshire Police,-2.002491,51.332821,On or near Devizes Road,E01031872,Wiltshire 028D,Other theft,Investigation complete; no suspect identified,
,2012-12,Wiltshire Police,Wiltshire Police,-2.099615,51.348982,On or near Perry'S Lane,E01031876,Wiltshire 028E,Anti-social behaviour,,
306a0cb173b6f36528b70ec388e2d7c778b52e64722b8d9ac27fc07109fc71be,2012-12,Wiltshire Police,Wiltshire Police,-2.079586,51.350031,On or near The Lye,E01031876,Wiltshire 028E,Violent crime,Investigation complete; no suspect identified,
,2012-12,Wiltshire Police,Wiltshire Police,-1.614612,51.348014,On or near Hollow Lane,E01031843,Wiltshire 029A,Anti-social behaviour,,
,2012-12,Wiltshire Police,Wiltshire Police,-1.600994,51.378522,On or near Coster View,E01031843,Wiltshire 029A,Anti-social behaviour,,
73bb5e7596ab6ccdc065278f5761d31ffea5f5bd959da0ddc9ddd64b0b915689,2012-12,Wiltshire Police,Wiltshire Police,-1.602350,51.379597,On or near High Street,E01031843,Wiltshire 029A,Burglary,Under investigation,
3e0e5e3cafb290aa0195a4b9157caac1d2bb4710d51814368fc67bcecfe535a8,2012-12,Wiltshire Police,Wiltshire Police,-1.596709,51.378894,On or near Sports/Recreation Area,E01031843,Wiltshire 029A,Other theft,Investigation complete; no suspect identified,
,2012-12,Wiltshire Police,Wiltshire Police,-1.670358,51.345261,On or near Petrol Station,E01031847,Wiltshire 029B,Anti-social behaviour,,
,2012-12,Wiltshire Police,Wiltshire Police,-1.670358,51.345261,On or near Petrol Station,E01031847,Wiltshire 029B,Anti-social behaviour,,
b1743eb6109b40003c2bb722201971b12272407b5ebacf0f572681dbc42dd4ed,2012-12,Wiltshire Police,Wiltshire Police,-1.670358,51.345261,On or near Petrol Station,E01031847,Wiltshire 029B,Criminal damage and arson,Investigation complete; no suspect identified,
f8168514774b0c730b801077c5897bb7939a3742a9095675ef64a87a9f71844a,2012-12,Wiltshire Police,Wiltshire Police,-1.672532,51.352380,On or near Well Meadow,E01031847,Wiltshire 029B,Criminal damage and arson,Investigation complete; no suspect identified,
9aff56fa0dde91a7f05c656129f62c06154459eedff2170b91f5d78b7e99ff3a,2012-12,Wiltshire Police,Wiltshire Police,-1.670307,51.350270,On or near Conifer Crest,E01031847,Wiltshire 029B,Criminal damage and arson,Investigation complete; no suspect identified,
,2012-12,Wiltshire Police,Wiltshire Police,-1.657490,51.280124,On or near The Knapp Close,E01031849,Wiltshire 029C,Anti-social behaviour,,
f7e04c116cc2dc04a1eb6dd651b39c5f2b59dd8a9751f6f937cece09e907339c,2012-12,Wiltshire Police,Wiltshire Police,-1.606490,51.292112,On or near White Lane,E01031849,Wiltshire 029C,Burglary,Investigation complete; no suspect identified,
50c080d9177e205d4a5ed7dbe853391ab7c4a9645962da0ee92fca62e25c7e76,2012-12,Wiltshire Police,Wiltshire Police,-1.606490,51.292112,On or near White Lane,E01031849,Wiltshire 029C,Burglary,Investigation complete; no suspect identified,
09d0213334115d86709e666e67db2359f480006224a1de7c7ad6e592b824f6d4,2012-12,Wiltshire Police,Wiltshire Police,-1.606490,51.292112,On or near White Lane,E01031849,Wiltshire 029C,Drugs,Offender given a caution,
051465708d3820083824d0e4352d93dfac8a7d7b6422fa7cd098722722c9736f,2012-12,Wiltshire Police,Wiltshire Police,-1.653547,51.289680,On or near Marlborough Road,E01031849,Wiltshire 029C,Other theft,Offender given a caution,
1029f54aa858538bef68ff0a34491797532c011a88ef3bb1f9a83e239b171438,2012-12,Wiltshire Police,Wiltshire Police,-1.717250,51.286703,On or near A342,E01031849,Wiltshire 029C,Vehicle crime,Investigation complete; no suspect identified,
fc8fe9bd80f14b5e3d28e34b72b6cc66be5a617b4e908e6e2fe146a1a8b6ed8a,2012-12,Wiltshire Police,Wiltshire Police,-1.658768,51.299271,On or near Chapel Lane,E01031849,Wiltshire 029C,Violent crime,Investigation complete; no suspect identified,
,2012-12,Wiltshire Police,Wiltshire Police,-1.633534,51.343030,On or near Green Close,E01031877,Wiltshire 029D,Anti-social behaviour,,
9b58ef85f3937e3845f1e476ed7be1b7e529b47c30c97e1d1305429b5ffa41a1,2012-12,Wiltshire Police,Wiltshire Police,-1.509555,51.347594,On or near Church Lane,E01031877,Wiltshire 029D,Burglary,Investigation complete; no suspect identified,
bd9e8e61bfb2e4fc1b2151aefaefbb703951c3e0878ef1b8d150149388e367fd,2012-12,Wiltshire Police,Wiltshire Police,-1.546624,51.361168,On or near Little Mead,E01031877,Wiltshire 029D,Burglary,Investigation complete; no suspect identified,
02c5510da54c750d830330277a5aafd351a90d1d09c57dbde7cbd514d38f9661,2012-12,Wiltshire Police,Wiltshire Police,-1.559876,51.363152,On or near Carvers Hill,E01031877,Wiltshire 029D,Criminal damage and arson,Investigation complete; no suspect identified,
a2ac846d2aa41e4cf1c52158b1af2a73667956f50f32b79541782ca82967cf40,2012-12,Wiltshire Police,Wiltshire Police,-1.527139,51.364886,On or near Church Road,E01031877,Wiltshire 029D,Criminal damage and arson,Investigation complete; no suspect identified,
aa49c95f6fcdc6909362fa06c8123f8f97242176155ba194232b704962262330,2012-12,Wiltshire Police,Wiltshire Police,-1.559109,51.275380,On or near Sports/Recreation Area,E01031877,Wiltshire 029D,Criminal damage and arson,Investigation complete; no suspect identified,
2bdddfb49e8777b4f0c08a417f71d1212654b2e96355c097762eb633cad03629,2012-12,Wiltshire Police,Wiltshire Police,-1.626698,51.345058,On or near Lynden Close,E01031877,Wiltshire 029D,Other theft,Investigation complete; no suspect identified,
4dfcbf835025bb7a5de4f21b886502777157536eaa7057cbbe25fb09b9d09657,2012-12,Wiltshire Police,Wiltshire Police,-1.559378,51.263781,On or near Lodge Lane,E01031877,Wiltshire 029D,Other theft,Investigation complete; no suspect identified,
,2012-12,Wiltshire Police,Wiltshire Police,-2.170486,51.332589,On or near A361,E01032077,Wiltshire 030A,Anti-social behaviour,,
,2012-12,Wiltshire Police,Wiltshire Police,-2.149629,51.345404,On or near The Orchard,E01032077,Wiltshire 030A,Anti-social behaviour,,
,2012-12,Wiltshire Police,Wiltshire Police,-2.154871,51.341422,On or near St Georges Place,E01032077,Wiltshire 030A,Anti-social behaviour,,
4c3f0106422be8ed973709c9d560a40a8445f7df28200f7c8fe3381782ee8517,2012-12,Wiltshire Police,Wiltshire Police,-2.184280,51.332559,On or near Cherry Gardens,E01032077,Wiltshire 030A,Burglary,Investigation complete; no suspect identified,
434928b3cab6e504880a531a39bbb6e496810e18aca0fb51aabe633575f687d1,2012-12,Wiltshire Police,Wiltshire Police,-2.145919,51.343727,On or near Church Street,E01032077,Wiltshire 030A,Burglary,Investigation complete; no suspect identified,
33eb0d97faa0daf3b5775c5071451a46bff3247b53f7766fb97a47c0185ab332,2012-12,Wiltshire Police,Wiltshire Police,-2.184280,51.332559,On or near Cherry Gardens,E01032077,Wiltshire 030A,Criminal damage and arson,Investigation complete; no suspect identified,
bdac6c18773b588752562103cb1c7e7eba1a35236b2bbf2c93da08b4c285b4c6,2012-12,Wiltshire Police,Wiltshire Police,-2.184787,51.333718,On or near Dymott Square,E01032077,Wiltshire 030A,Other theft,Investigation complete; no suspect identified,
4711fdd81202c61c32804017e1800065602f7f5ec1272f51a991f892a5516c69,2012-12,Wiltshire Police,Wiltshire Police,-2.149629,51.345404,On or near The Orchard,E01032077,Wiltshire 030A,Violent crime,Investigation complete; no suspect identified,
ef8b3c30711c695e42229c7421410ab6d308781d7163cfaee3776bd819b2413b,2012-12,Wiltshire Police,Wiltshire Police,-2.149629,51.345404,On or near The Orchard,E01032077,Wiltshire 030A,Violent crime,Investigation complete; no suspect identified,
,2012-12,Wiltshire Police,Wiltshire Police,-2.202572,51.337061,On or near Towpath Road,E01032078,Wiltshire 030B,Anti-social behaviour,,
,2012-12,Wiltshire Police,Wiltshire Police,-2.204253,51.337381,On or near Thestfield Drive,E01032078,Wiltshire 030B,Anti-social behaviour,,
dcd949c8e7a20bd342d5acf53de46b7226f00b5285da93ff8769c52a74fb8754,2012-12,Wiltshire Police,Wiltshire Police,-2.193232,51.338344,On or near Millards Close,E01032078,Wiltshire 030B,Burglary,Investigation complete; no suspect identified,
e5bfdcf8f8c845d01c92a29eea6aed8a39f558fed4932696178400ab5cc69744,2012-12,Wiltshire Police,Wiltshire Police,-2.200267,51.338440,On or near Hanover Close,E01032078,Wiltshire 030B,Criminal damage and arson,Offender otherwise dealt with,
fd6fb03ec00637e8400ff06f89acaa5ae1c877a98c70a163cfc63b451feb5719,2012-12,Wiltshire Police,Wiltshire Police,-2.195965,51.339670,On or near Marsh Road,E01032078,Wiltshire 030B,Criminal damage and arson,Investigation complete; no suspect identified,
dcd4e2500bbebd6fb7a723d18aeeb052babeafe733145cedb8ec8f077116cd20,2012-12,Wiltshire Police,Wiltshire Police,-2.206114,51.339446,On or near Marina Drive,E01032078,Wiltshire 030B,Criminal damage and arson,Investigation complete; no suspect identified,
5384e9880b0dcce447b1c9c31744d8ac3222e3de5c26e3db12c18eac001855c4,2012-12,Wiltshire Police,Wiltshire Police,-2.200267,51.338440,On or near Hanover Close,E01032078,Wiltshire 030B,Criminal damage and arson,Court result unavailable,
5d74f71c3c9bb4ca53bd20bb18d6171643ecb777690447caa426ad89ebba4746,2012-12,Wiltshire Police,Wiltshire Police,-2.200267,51.338440,On or near Hanover Close,E01032078,Wiltshire 030B,Criminal damage and arson,Court result unavailable,
1b15911817e71da250b686e5c0b5a56a6ad15ee88826ab2e70b401c7d4807242,2012-12,Wiltshire Police,Wiltshire Police,-2.203353,51.341681,On or near Smallbrook Gardens,E01032078,Wiltshire 030B,Other theft,Investigation complete; no suspect identified,
eea79623adec0a896e61ed58aa455a61ef58c45b17efa94f08725b04df352879,2012-12,Wiltshire Police,Wiltshire Police,-2.203096,51.338660,On or near Hammond Way,E01032078,Wiltshire 030B,Other theft,Investigation complete; no suspect identified,
dc77785dba6e0d4c2277944ba6c6ebbdb330e0b9fe681b7708596b421aba8928,2012-12,Wiltshire Police,Wiltshire Police,-2.203353,51.341681,On or near Smallbrook Gardens,E01032078,Wiltshire 030B,Other theft,Investigation complete; no suspect identified,
7d48bef928b18a041029947265ce3c57aca0a14651d419e3390a9d4a71bb0b53,2012-12,Wiltshire Police,Wiltshire Police,-2.203353,51.341681,On or near Smallbrook Gardens,E01032078,Wiltshire 030B,Other theft,Investigation complete; no suspect identified,
7892a97224cfe05f74ad7a8e9847b066fab36af95fb181178147f97eab4f545d,2012-12,Wiltshire Police,Wiltshire Police,-2.203353,51.341681,On or near Smallbrook Gardens,E01032078,Wiltshire 030B,Other theft,Investigation complete; no suspect identified,
a339e250ff83c57d96d9ed309a0235bb8775655ad9ed10084f0d07c2fe2fa9e7,2012-12,Wiltshire Police,Wiltshire Police,-2.201414,51.338106,On or near Tudor Drive,E01032078,Wiltshire 030B,Violent crime,Court result unavailable,
8034eaa731924939885b08eb0de90a281f37e0084b9fbaba675333d21c174842,2012-12,Wiltshire Police,Wiltshire Police,-2.202572,51.337061,On or near Towpath Road,E01032078,Wiltshire 030B,Violent crime,Offender given community sentence,
ba7df5f2fd6ce33277b3b2962d18412d830090e4c8a46603ce3e1184410544d0,2012-12,Wiltshire Police,Wiltshire Police,-2.201414,51.338106,On or near Tudor Drive,E01032078,Wiltshire 030B,Violent crime,Court result unavailable,
,2012-12,Wiltshire Police,Wiltshire Police,-2.199471,51.340393,On or near Petrol Station,E01032079,Wiltshire 030C,Anti-social behaviour,,
2fe3b0bd825a6174677109ca0630b0e2746a7e06179ad99eb1f7528477e12a0c,2012-12,Wiltshire Police,Wiltshire Police,-2.187969,51.336114,On or near Newleaze,E01032079,Wiltshire 030C,Criminal damage and arson,Investigation complete; no suspect identified,
22e5ac0a8e491dc4503d9353ff88617d3f57a89925f5b6a49194323941f26e6d,2012-12,Wiltshire Police,Wiltshire Police,-2.187969,51.336114,On or near Newleaze,E01032079,Wiltshire 030C,Drugs,Court result unavailable,
ffe70b93acb9c4952057fa73a9bcfa6cda4f8ce82ad960f30528887718120d96,2012-12,Wiltshire Police,Wiltshire Police,-2.199471,51.340393,On or near Petrol Station,E01032079,Wiltshire 030C,Public disorder and weapons,Offender sent to prison,
cb512cc47fb4835b4659a476769831fbb7d39ae2d16f0a662be5cee44317b2b6,2012-12,Wiltshire Police,Wiltshire Police,-2.187969,51.336114,On or near Newleaze,E01032079,Wiltshire 030C,Violent crime,Offender given community sentence,
,2012-12,Wiltshire Police,Wiltshire Police,-2.183585,51.323874,On or near Supermarket,E01032080,Wiltshire 030D,Anti-social behaviour,,
1d3fba464f72468bb142ddfef5301e054c978446a5450e04c9d9a6435b343317,2012-12,Wiltshire Police,Wiltshire Police,-2.183585,51.323874,On or near Supermarket,E01032080,Wiltshire 030D,Criminal damage and arson,Investigation complete; no suspect identified,
4372df4991b61d82cc6de6cf53a196ca20ef05fc918f0c6df29d887e10729f6f,2012-12,Wiltshire Police,Wiltshire Police,-2.185366,51.324222,On or near Walmesley Chase,E01032080,Wiltshire 030D,Criminal damage and arson,Investigation complete; no suspect identified,
22b532ce66bcf901576171e4407162a5c34fe37908e432a4877585c8f07b49cd,2012-12,Wiltshire Police,Wiltshire Police,-2.183585,51.323874,On or near Supermarket,E01032080,Wiltshire 030D,Other theft,Investigation complete; no suspect identified,
2c5de993b0e039fe86c52a1cc2ea53fc2cff1ecc59bbc94c586d90634ef55ec7,2012-12,Wiltshire Police,Wiltshire Police,-2.183585,51.323874,On or near Supermarket,E01032080,Wiltshire 030D,Shoplifting,Suspect charged as part of another case,
6bf61e558e964f6037f28f606a8a2b50e1b1f54cf0de13761140c209604aaf33,2012-12,Wiltshire Police,Wiltshire Police,-2.183585,51.323874,On or near Supermarket,E01032080,Wiltshire 030D,Shoplifting,Suspect charged as part of another case,
45f8645d20111f16cb880864143cfc16a5d4249fa9a5e48d53713627dc7a7280,2012-12,Wiltshire Police,Wiltshire Police,-2.185979,51.326784,On or near Castley Road,E01032080,Wiltshire 030D,Violent crime,Court case unable to proceed,
,2012-12,Wiltshire Police,Wiltshire Police,-2.216024,51.319089,On or near Parking Area,E01032085,Wiltshire 031A,Anti-social behaviour,,
,2012-12,Wiltshire Police,Wiltshire Police,-2.222593,51.318357,On or near Warbler Close,E01032085,Wiltshire 031A,Anti-social behaviour,,
,2012-12,Wiltshire Police,Wiltshire Police,-2.222117,51.320786,On or near Supermarket,E01032085,Wiltshire 031A,Anti-social behaviour,,
d55e828178343367ec4273a3f93fe7d48503f1ac4dbd306a09a6cfd65bc9ddd1,2012-12,Wiltshire Police,Wiltshire Police,-2.220293,51.317552,On or near St Augustine'S Road,E01032085,Wiltshire 031A,Burglary,Investigation complete; no suspect identified,
af5f8af102bfb70e8bb905054d9175156f8efa65a6fe7a240048b9e2bbb50003,2012-12,Wiltshire Police,Wiltshire Police,-2.217772,51.318573,On or near Westbourne Gardens,E01032085,Wiltshire 031A,Burglary,Investigation complete; no suspect identified,
c49eaff4fdbf1fd9cd4ffe7b24d3fa7645eda5b3d61ac0fb9ccac6b55be9489a,2012-12,Wiltshire Police,Wiltshire Police,-2.216735,51.320769,On or near Sports/Recreation Area,E01032085,Wiltshire 031A,Criminal damage and arson,Investigation complete; no suspect identified,
fd4c7486937bd6bc5b47a76eb79def0d9598cc1524c6e8deb458d6ec68355f78,2012-12,Wiltshire Police,Wiltshire Police,-2.222760,51.317377,On or near Nightingale Road,E01032085,Wiltshire 031A,Criminal damage and arson,Investigation complete; no suspect identified,
cef073a397ef5fa419db3dd8525674553d15c687ed8ef5c65e9173e68d29ecab,2012-12,Wiltshire Police,Wiltshire Police,-2.217772,51.318573,On or near Westbourne Gardens,E01032085,Wiltshire 031A,Violent crime,Investigation complete; no suspect identified,
4465a2654f7c10288551647f988e6df474f8407c0c5991ce699fe97e758297b5,2012-12,Wiltshire Police,Wiltshire Police,-2.220293,51.317552,On or near St Augustine'S Road,E01032085,Wiltshire 031A,Violent crime,Local resolution,
887d2f6de030ef564ab6fed218fd2d8ac68ed32960fcae46fa9918656f9c82c3,2012-12,Wiltshire Police,Wiltshire Police,-2.222117,51.320786,On or near Supermarket,E01032085,Wiltshire 031A,Violent crime,Local resolution,
,2012-12,Wiltshire Police,Wiltshire Police,-2.208958,51.320792,On or near Supermarket,E01032086,Wiltshire 031B,Anti-social behaviour,,
,2012-12,Wiltshire Police,Wiltshire Police,-2.213642,51.319075,On or near Stallard Street,E01032086,Wiltshire 031B,Anti-social behaviour,,
,2012-12,Wiltshire Police,Wiltshire Police,-2.207983,51.321100,On or near Fore Street,E01032086,Wiltshire 031B,Anti-social behaviour,,
,2012-12,Wiltshire Police,Wiltshire Police,-2.206572,51.320104,On or near Park Road,E01032086,Wiltshire 031B,Anti-social behaviour,,
,2012-12,Wiltshire Police,Wiltshire Police,-2.207434,51.320165,On or near Market Street,E01032086,Wiltshire 031B,Anti-social behaviour,,
,2012-12,Wiltshire Police,Wiltshire Police,-2.211054,51.321058,On or near Wicker Hill,E01032086,Wiltshire 031B,Anti-social behaviour,,
,2012-12,Wiltshire Police,Wiltshire Police,-2.206572,51.320104,On or near Park Road,E01032086,Wiltshire 031B,Anti-social behaviour,,
,2012-12,Wiltshire Police,Wiltshire Police,-2.211306,51.319619,On or near Parking Area,E01032086,Wiltshire 031B,Anti-social behaviour,,
,2012-12,Wiltshire Police,Wiltshire Police,-2.206809,51.321704,On or near Church Street,E01032086,Wiltshire 031B,Anti-social behaviour,,
,2012-12,Wiltshire Police,Wiltshire Police,-2.210126,51.325277,On or near Hospital,E01032086,Wiltshire 031B,Anti-social behaviour,,
,2012-12,Wiltshire Police,Wiltshire Police,-2.208958,51.320792,On or near Supermarket,E01032086,Wiltshire 031B,Anti-social behaviour,,
,2012-12,Wiltshire Police,Wiltshire Police,-2.207977,51.319751,On or near Castle Street,E01032086,Wiltshire 031B,Anti-social behaviour,,
,2012-12,Wiltshire Police,Wiltshire Police,-2.210458,51.322570,On or near Conigre,E01032086,Wiltshire 031B,Anti-social behaviour,,
,2012-12,Wiltshire Police,Wiltshire Police,-2.208958,51.320792,On or near Supermarket,E01032086,Wiltshire 031B,Anti-social behaviour,,
,2012-12,Wiltshire Police,Wiltshire Police,-2.206259,51.320689,On or near Silver Street,E01032086,Wiltshire 031B,Anti-social behaviour,,
,2012-12,Wiltshire Police,Wiltshire Police,-2.212524,51.325524,On or near Charles Street,E01032086,Wiltshire 031B,Anti-social behaviour,,
,2012-12,Wiltshire Police,Wiltshire Police,-2.208958,51.320792,On or near Supermarket,E01032086,Wiltshire 031B,Anti-social behaviour,,
,2012-12,Wiltshire Police,Wiltshire Police,-2.208958,51.320792,On or near Supermarket,E01032086,Wiltshire 031B,Anti-social behaviour,,
,2012-12,Wiltshire Police,Wiltshire Police,-2.208958,51.320792,On or near Supermarket,E01032086,Wiltshire 031B,Anti-social behaviour,,
,2012-12,Wiltshire Police,Wiltshire Police,-2.211054,51.321058,On or near Wicker Hill,E01032086,Wiltshire 031B,Anti-social behaviour,,
,2012-12,Wiltshire Police,Wiltshire Police,-2.207434,51.320165,On or near Market Street,E01032086,Wiltshire 031B,Anti-social behaviour,,
,2012-12,Wiltshire Police,Wiltshire Police,-2.211836,51.319465,On or near Petrol Station,E01032086,Wiltshire 031B,Anti-social behaviour,,
,2012-12,Wiltshire Police,Wiltshire Police,-2.211836,51.319465,On or near Petrol Station,E01032086,Wiltshire 031B,Anti-social behaviour,,
,2012-12,Wiltshire Police,Wiltshire Police,-2.208016,51.318762,On or near Mill Street,E01032086,Wiltshire 031B,Anti-social behaviour,,
,2012-12,Wiltshire Police,Wiltshire Police,-2.207983,51.321100,On or near Fore Street,E01032086,Wiltshire 031B,Anti-social behaviour,,
,2012-12,Wiltshire Police,Wiltshire Police,-2.211306,51.319619,On or near Parking Area,E01032086,Wiltshire 031B,Anti-social behaviour,,
,2012-12,Wiltshire Police,Wiltshire Police,-2.212597,51.325695,On or near Jenkins Street,E01032086,Wiltshire 031B,Anti-social behaviour,,
,2012-12,Wiltshire Police,Wiltshire Police,-2.207983,51.321100,On or near Fore Street,E01032086,Wiltshire 031B,Anti-social behaviour,,
,2012-12,Wiltshire Police,Wiltshire Police,-2.210949,51.326265,On or near Melton Road,E01032086,Wiltshire 031B,Anti-social behaviour,,
,2012-12,Wiltshire Police,Wiltshire Police,-2.210949,51.326265,On or near Melton Road,E01032086,Wiltshire 031B,Anti-social behaviour,,
,2012-12,Wiltshire Police,Wiltshire Police,-2.211836,51.319465,On or near Petrol Station,E01032086,Wiltshire 031B,Anti-social behaviour,,
,2012-12,Wiltshire Police,Wiltshire Police,-2.208958,51.320792,On or near Supermarket,E01032086,Wiltshire 031B,Anti-social behaviour,,
,2012-12,Wiltshire Police,Wiltshire Police,-2.212170,51.323367,On or near Shails Lane,E01032086,Wiltshire 031B,Anti-social behaviour,,
,2012-12,Wiltshire Police,Wiltshire Police,-2.206572,51.320104,On or near Park Road,E01032086,Wiltshire 031B,Anti-social behaviour,,
,2012-12,Wiltshire Police,Wiltshire Police,-2.209531,51.323731,On or near British Row,E01032086,Wiltshire 031B,Anti-social behaviour,,
,2012-12,Wiltshire Police,Wiltshire Police,-2.214189,51.325512,On or near Francis Street,E01032086,Wiltshire 031B,Anti-social behaviour,,
,2012-12,Wiltshire Police,Wiltshire Police,-2.213642,51.319075,On or near Stallard Street,E01032086,Wiltshire 031B,Anti-social behaviour,,
,2012-12,Wiltshire Police,Wiltshire Police,-2.211054,51.321058,On or near Wicker Hill,E01032086,Wiltshire 031B,Anti-social behaviour,,
,2012-12,Wiltshire Police,Wiltshire Police,-2.207795,51.320686,On or near Shopping Area,E01032086,Wiltshire 031B,Anti-social behaviour,,
,2012-12,Wiltshire Police,Wiltshire Police,-2.211306,51.319619,On or near Parking Area,E01032086,Wiltshire 031B,Anti-social behaviour,,
,2012-12,Wiltshire Police,Wiltshire Police,-2.207977,51.319751,On or near Castle Street,E01032086,Wiltshire 031B,Anti-social behaviour,,
,2012-12,Wiltshire Police,Wiltshire Police,-2.208958,51.320792,On or near Supermarket,E01032086,Wiltshire 031B,Anti-social behaviour,,
,2012-12,Wiltshire Police,Wiltshire Police,-2.210840,51.318217,On or near Bythesea Road,E01032086,Wiltshire 031B,Anti-social behaviour,,
,2012-12,Wiltshire Police,Wiltshire Police,-2.206572,51.320104,On or near Park Road,E01032086,Wiltshire 031B,Anti-social behaviour,,
b7c01adc06d5ca5ff9627c0656459920894458d704adadd48899f80884a0ec37,2012-12,Wiltshire Police,Wiltshire Police,-2.211306,51.319619,On or near Parking Area,E01032086,Wiltshire 031B,Burglary,Investigation complete; no suspect identified,
b697e1c8f4e238b2d25f37fdefd190f65cad18c922e791f66ef7091f814dd496,2012-12,Wiltshire Police,Wiltshire Police,-2.208836,51.319300,On or near Court Street,E01032086,Wiltshire 031B,Burglary,Investigation complete; no suspect identified,
4885ad3cbb58ed60d471d969ad830281a73b8155e5579de0e0ac4b8945cd3c59,2012-12,Wiltshire Police,Wiltshire Police,-2.207983,51.321100,On or near Fore Street,E01032086,Wiltshire 031B,Burglary,Offender given community sentence,
35d13ff229eda09818017f7aefc2b557d72c58d65f1e84b46851c839dd112382,2012-12,Wiltshire Police,Wiltshire Police,-2.213642,51.319075,On or near Stallard Street,E01032086,Wiltshire 031B,Burglary,Investigation complete; no suspect identified,
e5a5d6aa4f03729e8d1b07672d0fcc583edadde71a7665dc403bfb0d17562bb4,2012-12,Wiltshire Police,Wiltshire Police,-2.208836,51.319300,On or near Court Street,E01032086,Wiltshire 031B,Criminal damage and arson,Investigation complete; no suspect identified,
510d767fbf34335d485f726780671af83bf7dd2f684175243ef5818e1e40f0c0,2012-12,Wiltshire Police,Wiltshire Police,-2.211930,51.327360,On or near Langford Road,E01032086,Wiltshire 031B,Criminal damage and arson,Investigation complete; no suspect identified,
0ea306b4e7bda1129a959e32167905f5e9fdb9a20473acfa1d6de862a5b2cf81,2012-12,Wiltshire Police,Wiltshire Police,-2.208958,51.320792,On or near Supermarket,E01032086,Wiltshire 031B,Criminal damage and arson,Offender given a caution,
62eb0f5d9a52b436681688196fbc2524cec0f0bc91c7d78ca40afbb16922caef,2012-12,Wiltshire Police,Wiltshire Police,-2.213021,51.324471,On or near Westcroft Street,E01032086,Wiltshire 031B,Criminal damage and arson,Investigation complete; no suspect identified,
dce6c7f553f8963d5f71999f87a198d6a25b0861bd48d32e4a98893d5e4f809c,2012-12,Wiltshire Police,Wiltshire Police,-2.212242,51.320400,On or near Stallard Street,E01032086,Wiltshire 031B,Criminal damage and arson,Local resolution,
84725bfd78755d5d52837933b459bc140492ce2fe466a2f978415267b8043ca4,2012-12,Wiltshire Police,Wiltshire Police,-2.210458,51.322570,On or near Conigre,E01032086,Wiltshire 031B,Criminal damage and arson,Investigation complete; no suspect identified,
9829ac0ed59dd9f11cd5aa21e89dd1993eb6ae7c644829ad81e4049d7f5e61e1,2012-12,Wiltshire Police,Wiltshire Police,-2.208958,51.320792,On or near Supermarket,E01032086,Wiltshire 031B,Drugs,Offender given community sentence,
4271c0018a000a4b91cd9e03f4d7251e3674355d8f945a417040706f863f71cc,2012-12,Wiltshire Police,Wiltshire Police,-2.209606,51.321322,On or near Fore Street,E01032086,Wiltshire 031B,Other theft,Investigation complete; no suspect identified,
bd2ee6012a43aeb27018a7a3951826a64a90b6048476d8eb729fa798dcdbeb55,2012-12,Wiltshire Police,Wiltshire Police,-2.208958,51.320792,On or near Supermarket,E01032086,Wiltshire 031B,Other theft,Investigation complete; no suspect identified,
544989dd8c7d82f98fdd461b56dc536d5af2969b95ec569988668752d1b7906e,2012-12,Wiltshire Police,Wiltshire Police,-2.207795,51.320686,On or near Shopping Area,E01032086,Wiltshire 031B,Other theft,Investigation complete; no suspect identified,
ae617e20f1ee91c9db29cce10e26d9c74c8c2018de66f898b75c49f8e00fb96f,2012-12,Wiltshire Police,Wiltshire Police,-2.208958,51.320792,On or near Supermarket,E01032086,Wiltshire 031B,Other theft,Investigation complete; no suspect identified,
457e0c69b3c4a1a07113df28c7298911c2d49093690347d53dfcf019a11d4794,2012-12,Wiltshire Police,Wiltshire Police,-2.210126,51.325277,On or near Hospital,E01032086,Wiltshire 031B,Other theft,Investigation complete; no suspect identified,
8773e4fdd1c0095671ac381ccda9b979489e18582ef5d5bc9decb59d379f1649,2012-12,Wiltshire Police,Wiltshire Police,-2.208958,51.320792,On or near Supermarket,E01032086,Wiltshire 031B,Other theft,Investigation complete; no suspect identified,
cc465fb74e16612bcb53558e9a88eb54314d8908106840c6e59161541cebb266,2012-12,Wiltshire Police,Wiltshire Police,-2.207434,51.320165,On or near Market Street,E01032086,Wiltshire 031B,Other theft,Investigation complete; no suspect identified,
8f9791bf4c6c7bc5d6b152967f3514c99b9978e58ed2c48306c1b85cbd261ad1,2012-12,Wiltshire Police,Wiltshire Police,-2.208958,51.320792,On or near Supermarket,E01032086,Wiltshire 031B,Other theft,Investigation complete; no suspect identified,
0f4021fbeea49f0f02cae038d10c4e4473b969fb4fd9d4077f6d0022f2a14cb4,2012-12,Wiltshire Police,Wiltshire Police,-2.207983,51.321100,On or near Fore Street,E01032086,Wiltshire 031B,Other theft,Investigation complete; no suspect identified,
2944a79c5f8bd0bad76281fe19225040a25594a794916da5335fcdbac1bd2489,2012-12,Wiltshire Police,Wiltshire Police,-2.208958,51.320792,On or near Supermarket,E01032086,Wiltshire 031B,Public disorder and weapons,Offender given penalty notice,
35a24d632124439310f512b0f17cb7ca69b6401efab86ec3f32c1b616c9454d6,2012-12,Wiltshire Police,Wiltshire Police,-2.207434,51.320165,On or near Market Street,E01032086,Wiltshire 031B,Public disorder and weapons,Investigation complete; no suspect identified,
1f5c95c59948c6b21163edd0d766bddb1e64ec60060a3f3ff7286e45accaa5e4,2012-12,Wiltshire Police,Wiltshire Police,-2.208958,51.320792,On or near Supermarket,E01032086,Wiltshire 031B,Public disorder and weapons,Offender sent to prison,
f7664dfd34d443cb90c2a04df20dd4ee6072d2575a963c66d0360008087920ef,2012-12,Wiltshire Police,Wiltshire Police,-2.208958,51.320792,On or near Supermarket,E01032086,Wiltshire 031B,Shoplifting,Offender ordered to pay compensation,
f57cae9cea9c53fce4e0f21917e1d22a96ab76d1b59cce932c964656d5105ba8,2012-12,Wiltshire Police,Wiltshire Police,-2.209645,51.320530,On or near Shopping Area,E01032086,Wiltshire 031B,Shoplifting,Under investigation,
336196394bc46086ce72dd9f96fe1f8acdb6ade046ba983a81023f8ba1181ff2,2012-12,Wiltshire Police,Wiltshire Police,-2.208958,51.320792,On or near Supermarket,E01032086,Wiltshire 031B,Shoplifting,Investigation complete; no suspect identified,
8de97e90cf87da3c65d956af47a2a9725b6cc262183bab5865b95e76fa82e3e4,2012-12,Wiltshire Police,Wiltshire Police,-2.209645,51.320530,On or near Shopping Area,E01032086,Wiltshire 031B,Shoplifting,Suspect charged as part of another case,
630d31bd74ed6780ea013e5f51f8d08281676449083ae118d2549440f0dddb42,2012-12,Wiltshire Police,Wiltshire Police,-2.211306,51.319619,On or near Parking Area,E01032086,Wiltshire 031B,Shoplifting,Investigation complete; no suspect identified,
08ba5425473c07312798d4f4bc86b9b772a4f3baf17d31f0099f59c89fcb2f3a,2012-12,Wiltshire Police,Wiltshire Police,-2.208958,51.320792,On or near Supermarket,E01032086,Wiltshire 031B,Shoplifting,Offender ordered to pay compensation,
dc242d75582f8fba42c664ae6829332dec251c8614541efc3ab2b6b760ea8ae2,2012-12,Wiltshire Police,Wiltshire Police,-2.207983,51.321100,On or near Fore Street,E01032086,Wiltshire 031B,Shoplifting,Investigation complete; no suspect identified,
39f4da2c76698add38ad4123c4eaef5840be7214310d05981694d8597088d686,2012-12,Wiltshire Police,Wiltshire Police,-2.211836,51.319465,On or near Petrol Station,E01032086,Wiltshire 031B,Shoplifting,Suspect charged as part of another case,
64e0068702cb7c53cac1dff92f35eee7cb967ee8f515ebc9e7ebc46ac4f8e747,2012-12,Wiltshire Police,Wiltshire Police,-2.210458,51.322570,On or near Conigre,E01032086,Wiltshire 031B,Shoplifting,Investigation complete; no suspect identified,
4b0e1d197d9d0fb6806163b70798fa966693ab9d7184fb84fea753ca04f56d73,2012-12,Wiltshire Police,Wiltshire Police,-2.211306,51.319619,On or near Parking Area,E01032086,Wiltshire 031B,Shoplifting,Offender otherwise dealt with,
0f9e9da0e9cb9fdd9c4cdef82f2c3d7575f0628bf248ca63746bad1e754710a2,2012-12,Wiltshire Police,Wiltshire Police,-2.211306,51.319619,On or near Parking Area,E01032086,Wiltshire 031B,Shoplifting,Offender fined,
49b95b0506d5bf49e3f9be12a2ad07fa27b54f5e40d7de8cf6e048d7fd3a5cf8,2012-12,Wiltshire Police,Wiltshire Police,-2.211306,51.319619,On or near Parking Area,E01032086,Wiltshire 031B,Shoplifting,Offender given penalty notice,
89a0c4263f54f52264b7ff9973a2fbc2f5a5b76352fa82c6c3ec7c209b3060e7,2012-12,Wiltshire Police,Wiltshire Police,-2.211306,51.319619,On or near Parking Area,E01032086,Wiltshire 031B,Shoplifting,Local resolution,
09f822e2b27c92bbc5a2ddbc6b93759f2a19ad5c812c16a373ae2221575046f4,2012-12,Wiltshire Police,Wiltshire Police,-2.211456,51.324169,On or near Seymour Court,E01032086,Wiltshire 031B,Shoplifting,Suspect charged as part of another case,
9b23771777046ba8c249c2fcd2c3bbb87db0e13d5bb902fbe58cb98ee3aa2418,2012-12,Wiltshire Police,Wiltshire Police,-2.211306,51.319619,On or near Parking Area,E01032086,Wiltshire 031B,Shoplifting,Offender given penalty notice,
a8a1fbc7915ef19079b9a46dcd468d06045069d669ada1ab99dc4689d3bf9de8,2012-12,Wiltshire Police,Wiltshire Police,-2.208958,51.320792,On or near Supermarket,E01032086,Wiltshire 031B,Shoplifting,Under investigation,
220fbdca7ede866b591ef391c3f416f3ff3fb382c708f8b341f61a197b01de0b,2012-12,Wiltshire Police,Wiltshire Police,-2.211306,51.319619,On or near Parking Area,E01032086,Wiltshire 031B,Shoplifting,Local resolution,
9dfaf76bcf475f082cfb99d931bd25f8a1399fff00e9fbbf70df7c7607c86001,2012-12,Wiltshire Police,Wiltshire Police,-2.211306,51.319619,On or near Parking Area,E01032086,Wiltshire 031B,Shoplifting,Local resolution,
27efd03816b02fd1df04f70f5b3b96b28bd8a212732cce208ef6a1dc3548c44f,2012-12,Wiltshire Police,Wiltshire Police,-2.211306,51.319619,On or near Parking Area,E01032086,Wiltshire 031B,Shoplifting,Investigation complete; no suspect identified,
bd983c14704acfaa8bd9b8ea28cbb18622595b0b7732e634aa6137ed43da2b27,2012-12,Wiltshire Police,Wiltshire Police,-2.211306,51.319619,On or near Parking Area,E01032086,Wiltshire 031B,Shoplifting,Offender given penalty notice,
223999d0d78cd81aa82158af52c6c4319020628e34af5f9a3aad5d7f0dbfe23d,2012-12,Wiltshire Police,Wiltshire Police,-2.208958,51.320792,On or near Supermarket,E01032086,Wiltshire 031B,Shoplifting,Under investigation,
a518dc379144b684f09238b123541eeb69f79abd4294fcaa6a1753fc264ee83f,2012-12,Wiltshire Police,Wiltshire Police,-2.209645,51.320530,On or near Shopping Area,E01032086,Wiltshire 031B,Shoplifting,Under investigation,
891fec173d14ea99da50c5cdf5437efdc649ce791a0581c77e768740cc5dc3e2,2012-12,Wiltshire Police,Wiltshire Police,-2.211306,51.319619,On or near Parking Area,E01032086,Wiltshire 031B,Shoplifting,Local resolution,
b01c183ecd6b40db90a51b5fa5f668c0717fdce3842ff12eec1f196bd1f52b1f,2012-12,Wiltshire Police,Wiltshire Police,-2.210458,51.322570,On or near Conigre,E01032086,Wiltshire 031B,Shoplifting,Offender given suspended prison sentence,
5ac873aa3d381aec1d32a864ed41fa2b857b7071f1d11311d9a2c8d970f1ea7a,2012-12,Wiltshire Police,Wiltshire Police,-2.208958,51.320792,On or near Supermarket,E01032086,Wiltshire 031B,Shoplifting,Under investigation,
a39bfdccaefa565c86cee3383c7c318c24aaaf8b4314128524f31db2c25f5506,2012-12,Wiltshire Police,Wiltshire Police,-2.211306,51.319619,On or near Parking Area,E01032086,Wiltshire 031B,Shoplifting,Under investigation,
8437d99606374ef18e4e59851f834ca882244b0bd74ccc7ccf03076741bd101f,2012-12,Wiltshire Police,Wiltshire Police,-2.212524,51.325524,On or near Charles Street,E01032086,Wiltshire 031B,Violent crime,Investigation complete; no suspect identified,
ad61f25f621050fba1a3762d7d055bf13446d1a0e57a1909a6aa391393ae24d8,2012-12,Wiltshire Police,Wiltshire Police,-2.210126,51.325277,On or near Hospital,E01032086,Wiltshire 031B,Violent crime,Under investigation,
8f064f29b35f870e5f5a22bc2bc03905a6dc2473f8be285150ece593b6dca63c,2012-12,Wiltshire Police,Wiltshire Police,-2.206572,51.320104,On or near Park Road,E01032086,Wiltshire 031B,Violent crime,Court case unable to proceed,
47f61c5705bc02645571b3c25d60bff6009a05c71d0c7dd26cce62353417b7cc,2012-12,Wiltshire Police,Wiltshire Police,-2.208958,51.320792,On or near Supermarket,E01032086,Wiltshire 031B,Violent crime,Court result unavailable,
2556983134addfcd27c0aa22ae5bad4e2bffb3a47cba910339197ed7f807ee4c,2012-12,Wiltshire Police,Wiltshire Police,-2.206572,51.320104,On or near Park Road,E01032086,Wiltshire 031B,Violent crime,Court case unable to proceed,
c774e94e57d68d2157c064ff293c8b69b1f3d4de8f873baaaceb5fb9dbfdd49d,2012-12,Wiltshire Police,Wiltshire Police,-2.207434,51.320165,On or near Market Street,E01032086,Wiltshire 031B,Violent crime,Court result unavailable,
74ec5f50b6eda12c5f2f8f2c96b7ebdd07956c4fc20e6a5996df0c77d3b21f1c,2012-12,Wiltshire Police,Wiltshire Police,-2.208958,51.320792,On or near Supermarket,E01032086,Wiltshire 031B,Violent crime,Offender fined,
1293d037228d7775736f176d27378388450f6f62cf741053c1e3e1ffe28d13f2,2012-12,Wiltshire Police,Wiltshire Police,-2.210126,51.325277,On or near Hospital,E01032086,Wiltshire 031B,Violent crime,Defendant found not guilty,
98555013ef2832eca3139ad28d5632fa1054a7dafc869cc327954b9a5ffa1bbf,2012-12,Wiltshire Police,Wiltshire Police,-2.206572,51.320104,On or near Park Road,E01032086,Wiltshire 031B,Violent crime,Investigation complete; no suspect identified,
da9b7987fb982305106b40867378a4b8ffe7445d36690b4c1090d375e7a17481,2012-12,Wiltshire Police,Wiltshire Police,-2.210126,51.325277,On or near Hospital,E01032086,Wiltshire 031B,Violent crime,Defendant found not guilty,
57b081132f9e33af14a34dee6560248e6958886ae85b8ab12eac58d01d7d0650,2012-12,Wiltshire Police,Wiltshire Police,-2.208958,51.320792,On or near Supermarket,E01032086,Wiltshire 031B,Violent crime,Court case unable to proceed,
dffbd3f1bca4e31e6bc40f1e1014ee419f57dfbfcc9a9e681452be54c5eca5d5,2012-12,Wiltshire Police,Wiltshire Police,-2.210126,51.325277,On or near Hospital,E01032086,Wiltshire 031B,Violent crime,Under investigation,
85a006cf7e949169e37488490f12858fff837e219f2e183888c6d3e5845bb086,2012-12,Wiltshire Police,Wiltshire Police,-2.208958,51.320792,On or near Supermarket,E01032086,Wiltshire 031B,Violent crime,Offender given community sentence,
41b0f0b64a08eead0ca0c68e786000269fa9eba2a729f28ef185fa51a5741729,2012-12,Wiltshire Police,Wiltshire Police,-2.206572,51.320104,On or near Park Road,E01032086,Wiltshire 031B,Violent crime,Court case unable to proceed,
a3299f07618a154d5bd9179b82a2d5b78b93866357e21c45f4c18dd58bbdb86a,2012-12,Wiltshire Police,Wiltshire Police,-2.214189,51.325512,On or near Francis Street,E01032086,Wiltshire 031B,Violent crime,Investigation complete; no suspect identified,
da0377ba7851ea397b1267a129fde7e95ca1de1fc5e2c394f50b738029d47de5,2012-12,Wiltshire Police,Wiltshire Police,-2.206572,51.320104,On or near Park Road,E01032086,Wiltshire 031B,Violent crime,Offender given community sentence,
bb3b07f353d4e57ea751553033c50e9c5a135e547d29f788dab888682a60c454,2012-12,Wiltshire Police,Wiltshire Police,-2.206259,51.320689,On or near Silver Street,E01032086,Wiltshire 031B,Violent crime,Investigation complete; no suspect identified,
68e18e667f10c6a1c895df44e93822b714993131a041003fa69f660d3ce9038e,2012-12,Wiltshire Police,Wiltshire Police,-2.207434,51.320165,On or near Market Street,E01032086,Wiltshire 031B,Violent crime,Investigation complete; no suspect identified,
7c5c2cff478129f2ac4bb02777eb0bc8991b9613cc68a38d5e6cb8a74475f995,2012-12,Wiltshire Police,Wiltshire Police,-2.208016,51.318762,On or near Mill Street,E01032086,Wiltshire 031B,Violent crime,Under investigation,
39f91435f88376b49fc3956f812a249a0eadbd16be0007b8080a4a613fe155c8,2012-12,Wiltshire Police,Wiltshire Police,-2.214189,51.325512,On or near Francis Street,E01032086,Wiltshire 031B,Other crime,Investigation complete; no suspect identified,
,2012-12,Wiltshire Police,Wiltshire Police,-2.206939,51.324977,On or near Prospect Place,E01032087,Wiltshire 031C,Anti-social behaviour,,
,2012-12,Wiltshire Police,Wiltshire Police,-2.206939,51.324977,On or near Prospect Place,E01032087,Wiltshire 031C,Anti-social behaviour,,
,2012-12,Wiltshire Police,Wiltshire Police,-2.204822,51.326644,On or near Downhayes Road,E01032087,Wiltshire 031C,Anti-social behaviour,,
,2012-12,Wiltshire Police,Wiltshire Police,-2.205944,51.324062,On or near Timbrell Street,E01032087,Wiltshire 031C,Anti-social behaviour,,
,2012-12,Wiltshire Police,Wiltshire Police,-2.208281,51.329749,On or near Parklands,E01032087,Wiltshire 031C,Anti-social behaviour,,
6a0e2864c1402510c2961885a3be548ac1a27bb607133fbd9392ec25c65f432d,2012-12,Wiltshire Police,Wiltshire Police,-2.203866,51.327923,On or near The Down,E01032087,Wiltshire 031C,Criminal damage and arson,Investigation complete; no suspect identified,
c0c58d5b3a6a65047fbc3d9e119fecde2d053549a138ddbf6086b5afc9c9bf57,2012-12,Wiltshire Police,Wiltshire Police,-2.200886,51.329088,On or near Downside View,E01032087,Wiltshire 031C,Other theft,Investigation complete; no suspect identified,
bf90122722de63c2e7f2d01c6c1f4995c83680fc5a3c1816c16aca601e163f05,2012-12,Wiltshire Police,Wiltshire Police,-2.205944,51.324062,On or near Timbrell Street,E01032087,Wiltshire 031C,Other theft,Investigation complete; no suspect identified,
ca5df4b0beb1ef9d3123f77c9b56b13d17624a66b1958b8d46ce68e823ff52bd,2012-12,Wiltshire Police,Wiltshire Police,-2.205310,51.329844,On or near Supermarket,E01032087,Wiltshire 031C,Shoplifting,Suspect charged as part of another case,
751ad099dead0e5e1b40b1b4e93771d0b1ed92d65c2964560ae21d7a78f434bf,2012-12,Wiltshire Police,Wiltshire Police,-2.205310,51.329844,On or near Supermarket,E01032087,Wiltshire 031C,Shoplifting,Offender given penalty notice,
aabbcd11fd55cdff98e81eb6bb800c0389ab3b63b533ba8a77c9b9530fef1ef4,2012-12,Wiltshire Police,Wiltshire Police,-2.206939,51.324977,On or near Prospect Place,E01032087,Wiltshire 031C,Violent crime,Offender given conditional discharge,
,2012-12,Wiltshire Police,Wiltshire Police,-2.189766,51.322839,On or near Garth Road,E01032099,Wiltshire 032A,Anti-social behaviour,,
,2012-12,Wiltshire Police,Wiltshire Police,-2.188014,51.322662,On or near Malwayn Close,E01032099,Wiltshire 032A,Anti-social behaviour,,
,2012-12,Wiltshire Police,Wiltshire Police,-2.188857,51.325196,On or near Hulbert Close,E01032099,Wiltshire 032A,Anti-social behaviour,,
,2012-12,Wiltshire Police,Wiltshire Police,-2.189766,51.322839,On or near Garth Road,E01032099,Wiltshire 032A,Anti-social behaviour,,
ed6bf9273e7d6a3ed526c7aeb6b43973e9e7235d304caa268d1d0216da5f4552,2012-12,Wiltshire Police,Wiltshire Police,-2.188764,51.323380,On or near Sylvester Drive,E01032099,Wiltshire 032A,Other theft,Offender given community sentence,
5845e6796e5e12b6f8c832edaf25c8f49ddb06ecbbd9ff6662659b8197af39e6,2012-12,Wiltshire Police,Wiltshire Police,-2.187403,51.323958,On or near Proby Place,E01032099,Wiltshire 032A,Violent crime,Offender given a caution,
0d5d07662f064640a74023103246de8407811f35f5a4c89bbcbe135281e9e2b9,2012-12,Wiltshire Police,Wiltshire Police,-2.189766,51.322839,On or near Garth Road,E01032099,Wiltshire 032A,Violent crime,Investigation complete; no suspect identified,
,2012-12,Wiltshire Police,Wiltshire Police,-2.194452,51.321321,On or near Barn Glebe,E01032100,Wiltshire 032B,Anti-social behaviour,,
,2012-12,Wiltshire Police,Wiltshire Police,-2.190007,51.322065,On or near Ferris Way,E01032100,Wiltshire 032B,Anti-social behaviour,,
,2012-12,Wiltshire Police,Wiltshire Police,-2.190007,51.322065,On or near Ferris Way,E01032100,Wiltshire 032B,Anti-social behaviour,,
d24615e3a58d7e9be99299c8b1c09bcbbf1e969342b90f2f226b1cca211471b7,2012-12,Wiltshire Police,Wiltshire Police,-2.194452,51.321321,On or near Barn Glebe,E01032100,Wiltshire 032B,Burglary,Investigation complete; no suspect identified,
df7e5aef418d5bee92e44dfe20f19a01361453e7a30163dd30cfb3a5bf6e00db,2012-12,Wiltshire Police,Wiltshire Police,-2.194452,51.321321,On or near Barn Glebe,E01032100,Wiltshire 032B,Burglary,Investigation complete; no suspect identified,
8d26654d8b9b3a4bd50a9dbe91e4f5837533feaffaf0a1392d500fa6c707e5f5,2012-12,Wiltshire Police,Wiltshire Police,-2.195182,51.320960,On or near Lark Down,E01032100,Wiltshire 032B,Criminal damage and arson,Investigation complete; no suspect identified,
dbde05a72bf90827996dc242fa004b5ec0f6ce87cd97fc6b4df2c06b2ac64ac5,2012-12,Wiltshire Police,Wiltshire Police,-2.190007,51.322065,On or near Ferris Way,E01032100,Wiltshire 032B,Other theft,Investigation complete; no suspect identified,
563818e18cef068f7384894d36c4b29aa6d6dc66dd22b77c894d45e34f06268d,2012-12,Wiltshire Police,Wiltshire Police,-2.200561,51.320375,On or near Clark'S Place,E01032100,Wiltshire 032B,Violent crime,Investigation complete; no suspect identified,
,2012-12,Wiltshire Police,Wiltshire Police,-2.205043,51.321348,On or near Shopping Area,E01032101,Wiltshire 032C,Anti-social behaviour,,
,2012-12,Wiltshire Police,Wiltshire Police,-2.206350,51.318576,On or near St Stephen'S Place,E01032101,Wiltshire 032C,Anti-social behaviour,,
,2012-12,Wiltshire Police,Wiltshire Police,-2.205043,51.321348,On or near Shopping Area,E01032101,Wiltshire 032C,Anti-social behaviour,,
b91aeaf2ab2b7f1e171a2c9c43eae2e352cf3813b63225b826885bb6c73ac175,2012-12,Wiltshire Police,Wiltshire Police,-2.206783,51.319061,On or near Parking Area,E01032101,Wiltshire 032C,Criminal damage and arson,Investigation complete; no suspect identified,
66a3692f26f413094dd5188724d22466a1c7f4f054a4616123422b30c5774df6,2012-12,Wiltshire Police,Wiltshire Police,-2.204502,51.322392,On or near Taylors View,E01032101,Wiltshire 032C,Criminal damage and arson,Offender given a caution,
94c412a7b9344686bb6177ca029d26f7650184fac0541833234ffb39398e4847,2012-12,Wiltshire Police,Wiltshire Police,-2.206856,51.319258,On or near Shopping Area,E01032101,Wiltshire 032C,Public disorder and weapons,Court result unavailable,
d9fbfd64fb7aa8d8e23f8d70687bbfbe6b2f1448a5485f9922661a0a5ea253fc,2012-12,Wiltshire Police,Wiltshire Police,-2.206856,51.319258,On or near Shopping Area,E01032101,Wiltshire 032C,Shoplifting,Investigation complete; no suspect identified,
13e1058dde513748a071e8caf91058033acf409302627a45c40dcdf26d50f7a0,2012-12,Wiltshire Police,Wiltshire Police,-2.206856,51.319258,On or near Shopping Area,E01032101,Wiltshire 032C,Shoplifting,Investigation complete; no suspect identified,
b659e6ee107dbaaa38eb9dcfce2c08216b02b64314307a1560457ffd100e473a,2012-12,Wiltshire Police,Wiltshire Police,-2.206856,51.319258,On or near Shopping Area,E01032101,Wiltshire 032C,Shoplifting,Offender given penalty notice,
d9ac38348c63ff39a5416b30b89b0af66913d2bde5c1625ea51cf586af760320,2012-12,Wiltshire Police,Wiltshire Police,-2.206783,51.319061,On or near Parking Area,E01032101,Wiltshire 032C,Vehicle crime,Investigation complete; no suspect identified,
77a57d51c3d983d5bd67eae4d03501409358a904930b0fda17e1fe3dab5a3a50,2012-12,Wiltshire Police,Wiltshire Police,-2.206856,51.319258,On or near Shopping Area,E01032101,Wiltshire 032C,Violent crime,Investigation complete; no suspect identified,
9f5a364eeaa892b23fd4f5d068b0d38e73c9a6ee51ae4a70146d51f16e93e848,2012-12,Wiltshire Police,Wiltshire Police,-2.206083,51.322901,On or near Union Street,E01032101,Wiltshire 032C,Violent crime,Investigation complete; no suspect identified,
c523926f072ce2064adc7a6b26c6f4e1d16504e94ce3aa810cc28ca3ca2c02a4,2012-12,Wiltshire Police,Wiltshire Police,-2.205043,51.321348,On or near Shopping Area,E01032101,Wiltshire 032C,Violent crime,Investigation complete; no suspect identified,
,2012-12,Wiltshire Police,Wiltshire Police,-2.191640,51.318115,On or near Amouracre,E01032102,Wiltshire 032D,Anti-social behaviour,,
,2012-12,Wiltshire Police,Wiltshire Police,-2.196101,51.317712,On or near West Ashton Road,E01032102,Wiltshire 032D,Anti-social behaviour,,
99a3b1432304c7cd445d18b8f860f650a90f7a94d4971a0ab7c686de64f341c7,2012-12,Wiltshire Police,Wiltshire Police,-2.196101,51.317712,On or near West Ashton Road,E01032102,Wiltshire 032D,Burglary,Investigation complete; no suspect identified,
ff56ea91c580befa178f4bde1a5f8e663c93b4f2baaf6ef6a3197be1960337ce,2012-12,Wiltshire Police,Wiltshire Police,-2.194635,51.317085,On or near Petrol Station,E01032102,Wiltshire 032D,Criminal damage and arson,Investigation complete; no suspect identified,
1173e2d2aa0fe39c067c148c764836264d17b35ac5611b006600b0bf2a6b5f45,2012-12,Wiltshire Police,Wiltshire Police,-2.190094,51.318873,On or near Green Lane,E01032102,Wiltshire 032D,Vehicle crime,Investigation complete; no suspect identified,
,2012-12,Wiltshire Police,Wiltshire Police,-2.228888,51.311862,On or near Westfield Close,E01032096,Wiltshire 033A,Anti-social behaviour,,
,2012-12,Wiltshire Police,Wiltshire Police,-2.231303,51.312667,On or near Sandford Park,E01032096,Wiltshire 033A,Anti-social behaviour,,
,2012-12,Wiltshire Police,Wiltshire Police,-2.232101,51.311631,On or near Waterford Beck,E01032096,Wiltshire 033A,Anti-social behaviour,,
,2012-12,Wiltshire Police,Wiltshire Police,-2.225409,51.310304,On or near Manor Close,E01032096,Wiltshire 033A,Anti-social behaviour,,
,2012-12,Wiltshire Police,Wiltshire Police,-2.231074,51.307191,On or near Oak Park,E01032096,Wiltshire 033A,Anti-social behaviour,,
,2012-12,Wiltshire Police,Wiltshire Police,-2.231685,51.308790,On or near Aldeburgh Place,E01032096,Wiltshire 033A,Anti-social behaviour,,
,2012-12,Wiltshire Police,Wiltshire Police,-2.228888,51.311862,On or near Westfield Close,E01032096,Wiltshire 033A,Anti-social behaviour,,
,2012-12,Wiltshire Police,Wiltshire Police,-2.228888,51.311862,On or near Westfield Close,E01032096,Wiltshire 033A,Anti-social behaviour,,
,2012-12,Wiltshire Police,Wiltshire Police,-2.231303,51.312667,On or near Sandford Park,E01032096,Wiltshire 033A,Anti-social behaviour,,
,2012-12,Wiltshire Police,Wiltshire Police,-2.225409,51.310304,On or near Manor Close,E01032096,Wiltshire 033A,Anti-social behaviour,,
,2012-12,Wiltshire Police,Wiltshire Police,-2.231138,51.311354,On or near Kingswood Chase,E01032096,Wiltshire 033A,Anti-social behaviour,,
,2012-12,Wiltshire Police,Wiltshire Police,-2.228041,51.311711,On or near Westfield Road,E01032096,Wiltshire 033A,Anti-social behaviour,,
,2012-12,Wiltshire Police,Wiltshire Police,-2.231685,51.308790,On or near Aldeburgh Place,E01032096,Wiltshire 033A,Anti-social behaviour,,
,2012-12,Wiltshire Police,Wiltshire Police,-2.228944,51.308553,On or near Frampton Court,E01032096,Wiltshire 033A,Anti-social behaviour,,
9b06c0df3447205eeee9627b9b08eb0c3a409ad574bba932e5c38c1037a1aadb,2012-12,Wiltshire Police,Wiltshire Police,-2.227571,51.309518,On or near Manor Road,E01032096,Wiltshire 033A,Burglary,Investigation complete; no suspect identified,
066eabd82c4b9695135c12ff904565f2efc1e775ae6b998c77c5599ed1e02f84,2012-12,Wiltshire Police,Wiltshire Police,-2.228888,51.311862,On or near Westfield Close,E01032096,Wiltshire 033A,Burglary,Investigation complete; no suspect identified,
eb96850bb0a5df498d33d73925f929372992404bc07080fbaf41a7c107149d20,2012-12,Wiltshire Police,Wiltshire Police,-2.230208,51.311770,On or near Sports/Recreation Area,E01032096,Wiltshire 033A,Criminal damage and arson,Investigation complete; no suspect identified,
949873098bd3b49de1ac173a9a241d5e2107bd40a25fc08db32108e630ea8204,2012-12,Wiltshire Police,Wiltshire Police,-2.225409,51.310304,On or near Manor Close,E01032096,Wiltshire 033A,Drugs,Offender given a drugs possession warning,
0b58dad2a3b29aa29264033e185f74ea2fa08fde38ed56acf9fd2b6c47c1fe65,2012-12,Wiltshire Police,Wiltshire Police,-2.232720,51.309256,On or near Greenbank View,E01032096,Wiltshire 033A,Drugs,Offender given penalty notice,
171e87c7cce1649f72b45410826fb6fbeb1a9bceeab9206d3c67ad5fba00f4f9,2012-12,Wiltshire Police,Wiltshire Police,-2.231074,51.307191,On or near Oak Park,E01032096,Wiltshire 033A,Public disorder and weapons,Offender given a caution,
35b1d17f61e7d48fea96860eff203c299645cc5f661099ce3b15c57e5dbeaf54,2012-12,Wiltshire Police,Wiltshire Police,-2.228888,51.311862,On or near Westfield Close,E01032096,Wiltshire 033A,Violent crime,Investigation complete; no suspect identified,
2b2501a1157eead2e0c468620c3bf06da90bce549886c70a8ee71687c221658e,2012-12,Wiltshire Police,Wiltshire Police,-2.231285,51.312028,On or near Kensington Fields,E01032096,Wiltshire 033A,Violent crime,Investigation complete; no suspect identified,
167b99b5f79cf4d6305c984c6de447e05bc963b5f58a0b6e5e2dc7bbff992032,2012-12,Wiltshire Police,Wiltshire Police,-2.225409,51.310304,On or near Manor Close,E01032096,Wiltshire 033A,Violent crime,Investigation complete; no suspect identified,
03a5c84f3911eb5da53ea526855d5311cdabe58c3a2525c99ee4ca4a6a318480,2012-12,Wiltshire Police,Wiltshire Police,-2.231936,51.310318,On or near Sheridan Gardens,E01032096,Wiltshire 033A,Violent crime,Under investigation,
02e2a76e4777176610e3b35b59cca5ebf4b2f4072d370e56da34bfbfc1a691be,2012-12,Wiltshire Police,Wiltshire Police,-2.232101,51.311631,On or near Waterford Beck,E01032096,Wiltshire 033A,Violent crime,Investigation complete; no suspect identified,
a7bce6c6b50379726b8d479b2973532311766611e2dece146b073b72716c2cd6,2012-12,Wiltshire Police,Wiltshire Police,-2.230208,51.311770,On or near Sports/Recreation Area,E01032096,Wiltshire 033A,Violent crime,Investigation complete; no suspect identified,
5d968888ed0f81e15c824e1ac7c7682e2c1785651434c9a6e292166116c64720,2012-12,Wiltshire Police,Wiltshire Police,-2.231685,51.308790,On or near Aldeburgh Place,E01032096,Wiltshire 033A,Violent crime,Investigation complete; no suspect identified,
6e21e9f6e5eb5954782b0e485d755c945089b5a8e89eab11ff4c690b5e73c708,2012-12,Wiltshire Police,Wiltshire Police,-2.231936,51.310318,On or near Sheridan Gardens,E01032096,Wiltshire 033A,Other crime,Investigation complete; no suspect identified,
,2012-12,Wiltshire Police,Wiltshire Police,-2.230295,51.320500,On or near Chalfont Close,E01032097,Wiltshire 033B,Anti-social behaviour,,
,2012-12,Wiltshire Police,Wiltshire Police,-2.233475,51.322364,On or near Chepston Place,E01032097,Wiltshire 033B,Anti-social behaviour,,
,2012-12,Wiltshire Police,Wiltshire Police,-2.230455,51.323953,On or near Charnwood Road,E01032097,Wiltshire 033B,Anti-social behaviour,,
,2012-12,Wiltshire Police,Wiltshire Police,-2.224459,51.312734,On or near Eastview Road,E01032098,Wiltshire 033C,Anti-social behaviour,,
,2012-12,Wiltshire Police,Wiltshire Police,-2.228482,51.313760,On or near Azalea Drive,E01032098,Wiltshire 033C,Anti-social behaviour,,
261c2515cf582d72d8bb1915eb467b3030799044b5914bdfe07c8685755b61b6,2012-12,Wiltshire Police,Wiltshire Police,-2.223466,51.311989,On or near Blair Road,E01032098,Wiltshire 033C,Criminal damage and arson,Investigation complete; no suspect identified,
e337163584c699f173670d2cbbca9fd0eb41be7677d143aea7fc8c13aba0bd7e,2012-12,Wiltshire Police,Wiltshire Police,-2.224459,51.312734,On or near Eastview Road,E01032098,Wiltshire 033C,Criminal damage and arson,Investigation complete; no suspect identified,
0b6cc5d0f74bcf3843cbf9e43b8ddd1fa43a82be3810ca618cba5bf99e6c930b,2012-12,Wiltshire Police,Wiltshire Police,-2.229310,51.315809,On or near Tyning Close,E01032098,Wiltshire 033C,Criminal damage and arson,Investigation complete; no suspect identified,
3d8dbcee120b32061dbbcf305f188c7593fe4fd821d759003f974d45a69919a3,2012-12,Wiltshire Police,Wiltshire Police,-2.220905,51.313604,On or near Pitman Avenue,E01032098,Wiltshire 033C,Other theft,Investigation complete; no suspect identified,
170a9f61df4d878021400fb64d2790eb39ace1929cd87e808be205efd78336b2,2012-12,Wiltshire Police,Wiltshire Police,-2.220905,51.313604,On or near Pitman Avenue,E01032098,Wiltshire 033C,Violent crime,Investigation complete; no suspect identified,
,2012-12,Wiltshire Police,Wiltshire Police,-1.967231,51.363676,On or near Stokes Close,E01031844,Wiltshire 034A,Anti-social behaviour,,
,2012-12,Wiltshire Police,Wiltshire Police,-1.966725,51.367758,On or near Hospital,E01031844,Wiltshire 034A,Anti-social behaviour,,
,2012-12,Wiltshire Police,Wiltshire Police,-1.966598,51.364827,On or near Ferozeshah Road,E01031844,Wiltshire 034A,Anti-social behaviour,,
,2012-12,Wiltshire Police,Wiltshire Police,-1.968825,51.364036,On or near Horton Avenue,E01031844,Wiltshire 034A,Anti-social behaviour,,
4321caf5c03523266e891cb5a8612a118ac5de4fd6fecba45fa3c3154726de5e,2012-12,Wiltshire Police,Wiltshire Police,-1.959443,51.367342,On or near Marlborough Close,E01031844,Wiltshire 034A,Criminal damage and arson,Investigation complete; no suspect identified,
b8c895cf6867fbef976b0c127cb36c8ddbec8dcfc7aa152307f84483c36928c3,2012-12,Wiltshire Police,Wiltshire Police,-1.941055,51.357543,On or near Sports/Recreation Area,E01031844,Wiltshire 034A,Criminal damage and arson,Investigation complete; no suspect identified,
b4fdf4080882428eab10efae3487c4c6db3778cfe6917a09fa979714f3ac2974,2012-12,Wiltshire Police,Wiltshire Police,-1.959443,51.367342,On or near Marlborough Close,E01031844,Wiltshire 034A,Drugs,Offender given a caution,
c068d26444d0f1a66f67e66f1c3024d4285ae9be9c14cd09865ffaeffd85415b,2012-12,Wiltshire Police,Wiltshire Police,-1.941055,51.357543,On or near Sports/Recreation Area,E01031844,Wiltshire 034A,Other theft,Investigation complete; no suspect identified,
,2012-12,Wiltshire Police,Wiltshire Police,-1.975529,51.289011,On or near High Street,E01031857,Wiltshire 034B,Anti-social behaviour,,
,2012-12,Wiltshire Police,Wiltshire Police,-1.980533,51.290594,On or near Northbrook Close,E01031857,Wiltshire 034B,Anti-social behaviour,,
,2012-12,Wiltshire Police,Wiltshire Police,-1.980736,51.286009,On or near Church Street,E01031858,Wiltshire 034C,Anti-social behaviour,,
,2012-12,Wiltshire Police,Wiltshire Police,-1.980119,51.285919,On or near New Street,E01031858,Wiltshire 034C,Anti-social behaviour,,
ef9a2d14e4199d0ff9449d346bdad17bfae097a981246b71e93b8ff370025ef9,2012-12,Wiltshire Police,Wiltshire Police,-1.978499,51.285648,On or near White Street,E01031858,Wiltshire 034C,Criminal damage and arson,Local resolution,
d4129bb74ada3a8a5510fb963d5498f37628d4e09219795a22e1da288d193cea,2012-12,Wiltshire Police,Wiltshire Police,-1.998359,51.282503,On or near Somerleyton Close,E01031858,Wiltshire 034C,Other theft,Investigation complete; no suspect identified,
0fd3b123f66bf6e7b940a9adf33040df337faf9284fb024f223dc4a8b48b2066,2012-12,Wiltshire Police,Wiltshire Police,-1.998359,51.282503,On or near Somerleyton Close,E01031858,Wiltshire 034C,Other theft,Offender given a caution,
b0a34376f092e56d61d18116305b08d228a6f779d9a06536ced3551ccb5ed71c,2012-12,Wiltshire Police,Wiltshire Police,-1.997527,51.281442,On or near Fieldside,E01031858,Wiltshire 034C,Other theft,Investigation complete; no suspect identified,
686d9acd7c9294500f80146fe1be0673f63401db6ea3988c8532c8979985ca0a,2012-12,Wiltshire Police,Wiltshire Police,-1.998359,51.282503,On or near Somerleyton Close,E01031858,Wiltshire 034C,Other theft,Investigation complete; no suspect identified,
,2012-12,Wiltshire Police,Wiltshire Police,-1.936546,51.314821,On or near Foxley Fields,E01031883,Wiltshire 034D,Anti-social behaviour,,
21305c16e6c3417210fd1a500a7caa9f3a7f4b59b39e8bcb9acbc9d53a1feec2,2012-12,Wiltshire Police,Wiltshire Police,-1.949980,51.311761,On or near Further/Higher Educational Building,E01031883,Wiltshire 034D,Other theft,Investigation complete; no suspect identified,
,2012-12,Wiltshire Police,Wiltshire Police,-2.209009,51.303618,On or near Shopping Area,E01032092,Wiltshire 035A,Anti-social behaviour,,
,2012-12,Wiltshire Police,Wiltshire Police,-2.209009,51.303618,On or near Shopping Area,E01032092,Wiltshire 035A,Anti-social behaviour,,
,2012-12,Wiltshire Police,Wiltshire Police,-2.210144,51.304110,On or near Clydesdale Close,E01032092,Wiltshire 035A,Anti-social behaviour,,
30a6138242b6ca5071a910c7b200918cb21d38fc9ba8532590d2ce411dd2b182,2012-12,Wiltshire Police,Wiltshire Police,-2.207533,51.304106,On or near Alderton Way,E01032092,Wiltshire 035A,Burglary,Investigation complete; no suspect identified,
2eb3918fc0f8eaeff39230240913189fe4cb8b57da4c22d89a1269810b3c4b98,2012-12,Wiltshire Police,Wiltshire Police,-2.211421,51.307156,On or near Baydon Close,E01032092,Wiltshire 035A,Burglary,Investigation complete; no suspect identified,
1b2c933c1ad136b7a659f37a1391d15a8eebf6b45c2bbb2cf077f8feec36be87,2012-12,Wiltshire Police,Wiltshire Police,-2.203694,51.305291,On or near Everleigh Close,E01032092,Wiltshire 035A,Criminal damage and arson,Investigation complete; no suspect identified,
3854434196672fad53bda217c74b39b02af4a8df900c41d89e5c6e94654c6d75,2012-12,Wiltshire Police,Wiltshire Police,-2.208614,51.305246,On or near Liddington Way,E01032092,Wiltshire 035A,Other theft,Investigation complete; no suspect identified,
62300defd3a284a01a3a2091721a48126c79d8a6b5bafe4e4a0e74bca584c5ed,2012-12,Wiltshire Police,Wiltshire Police,-2.209009,51.303618,On or near Shopping Area,E01032092,Wiltshire 035A,Other theft,Investigation complete; no suspect identified,
e631297d1dbdacfbe020b4f57651246fba63eaac60e8c43ea63ff78e8ca4d1e0,2012-12,Wiltshire Police,Wiltshire Police,-2.210144,51.304110,On or near Clydesdale Close,E01032092,Wiltshire 035A,Shoplifting,Investigation complete; no suspect identified,
d5dd946db1f6cd94465626fa387428312a6b3e288415d95dfe4347d82c410575,2012-12,Wiltshire Police,Wiltshire Police,-2.209009,51.303618,On or near Shopping Area,E01032092,Wiltshire 035A,Shoplifting,Suspect charged as part of another case,
1109c16c091c4b6c5b5e8bcd220ba8b7b417004bfda6151c08a2b5ff346523fc,2012-12,Wiltshire Police,Wiltshire Police,-2.208614,51.305246,On or near Liddington Way,E01032092,Wiltshire 035A,Vehicle crime,Investigation complete; no suspect identified,
9b9bf327d586c8148c35f0c2893ba7087cc54fd0d1fb5b521c7dae3acd008ef9,2012-12,Wiltshire Police,Wiltshire Police,-2.204751,51.307546,On or near Chirton Place,E01032092,Wiltshire 035A,Vehicle crime,Investigation complete; no suspect identified,
,2012-12,Wiltshire Police,Wiltshire Police,-2.201598,51.311346,On or near Lamb Ale Green,E01032093,Wiltshire 035B,Anti-social behaviour,,
,2012-12,Wiltshire Police,Wiltshire Police,-2.197892,51.313690,On or near Hargreaves Road,E01032093,Wiltshire 035B,Anti-social behaviour,,
,2012-12,Wiltshire Police,Wiltshire Police,-2.198430,51.311954,On or near Falcon Drive,E01032093,Wiltshire 035B,Anti-social behaviour,,
,2012-12,Wiltshire Police,Wiltshire Police,-2.201399,51.311904,On or near Cloth Yard,E01032093,Wiltshire 035B,Anti-social behaviour,,
,2012-12,Wiltshire Police,Wiltshire Police,-2.201598,51.311346,On or near Lamb Ale Green,E01032093,Wiltshire 035B,Anti-social behaviour,,
,2012-12,Wiltshire Police,Wiltshire Police,-2.200609,51.311653,On or near Millhand Villas,E01032093,Wiltshire 035B,Anti-social behaviour,,
,2012-12,Wiltshire Police,Wiltshire Police,-2.200609,51.311653,On or near Millhand Villas,E01032093,Wiltshire 035B,Anti-social behaviour,,
,2012-12,Wiltshire Police,Wiltshire Police,-2.203185,51.313357,On or near Carders Corner,E01032093,Wiltshire 035B,Anti-social behaviour,,
,2012-12,Wiltshire Police,Wiltshire Police,-2.200609,51.311653,On or near Millhand Villas,E01032093,Wiltshire 035B,Anti-social behaviour,,
,2012-12,Wiltshire Police,Wiltshire Police,-2.201598,51.311346,On or near Lamb Ale Green,E01032093,Wiltshire 035B,Anti-social behaviour,,
b906b852093797bb5e43b0178b57b244c74d710e5ad5a18415e1f6bdee81e638,2012-12,Wiltshire Police,Wiltshire Police,-2.200609,51.311653,On or near Millhand Villas,E01032093,Wiltshire 035B,Burglary,Investigation complete; no suspect identified,
b50b0cf25dea64be298cb5f5266f3d29d71a1188e79762f8848d36d06351f8ab,2012-12,Wiltshire Police,Wiltshire Police,-2.199255,51.313625,On or near Ryeland Way,E01032093,Wiltshire 035B,Criminal damage and arson,Investigation complete; no suspect identified,
6b972e9375bdcae234602209d87b830d3590d83fd134282dbe7901e3f25b1f04,2012-12,Wiltshire Police,Wiltshire Police,-2.200711,51.315232,On or near Cheviot Close,E01032093,Wiltshire 035B,Drugs,Investigation complete; no suspect identified,
5d69ba97fadc702e21cad3b5462dedba02e85f80c99e9f493febf05f076f0351,2012-12,Wiltshire Police,Wiltshire Police,-2.200444,51.313254,On or near Hewitt Close,E01032093,Wiltshire 035B,Vehicle crime,Investigation complete; no suspect identified,
855a108bd542c26c98024818a0f9a4dde39cca97ef5995e9da5165f78932ccd0,2012-12,Wiltshire Police,Wiltshire Police,-2.200444,51.313254,On or near Hewitt Close,E01032093,Wiltshire 035B,Vehicle crime,Investigation complete; no suspect identified,
6fe0224351fe7c1aa86b173cd26036bd1c56dbf0f5a522988a30595b4fe7d079,2012-12,Wiltshire Police,Wiltshire Police,-2.199202,51.314623,On or near Quilling Close,E01032093,Wiltshire 035B,Vehicle crime,Investigation complete; no suspect identified,
8db8189c672dad299b2b803909703c02432ff48a3d05ac877a48978f43b94479,2012-12,Wiltshire Police,Wiltshire Police,-2.200444,51.313254,On or near Hewitt Close,E01032093,Wiltshire 035B,Vehicle crime,Investigation complete; no suspect identified,
87de5356131493e3ad58f6fe1f93e5ad4cb0e9e5f17ab84beb2dcc411e6a5bce,2012-12,Wiltshire Police,Wiltshire Police,-2.201617,51.312443,On or near Fleece Cottages,E01032093,Wiltshire 035B,Violent crime,Investigation complete; no suspect identified,
,2012-12,Wiltshire Police,Wiltshire Police,-2.203612,51.315820,On or near Longfield Road,E01032094,Wiltshire 035C,Anti-social behaviour,,
,2012-12,Wiltshire Police,Wiltshire Police,-2.209937,51.315189,On or near Havelock Street,E01032094,Wiltshire 035C,Anti-social behaviour,,
,2012-12,Wiltshire Police,Wiltshire Police,-2.209937,51.315189,On or near Havelock Street,E01032094,Wiltshire 035C,Anti-social behaviour,,
,2012-12,Wiltshire Police,Wiltshire Police,-2.211409,51.313972,On or near Turnstile Walk,E01032094,Wiltshire 035C,Anti-social behaviour,,
,2012-12,Wiltshire Police,Wiltshire Police,-2.207499,51.315634,On or near Clothier Leaze,E01032094,Wiltshire 035C,Anti-social behaviour,,
,2012-12,Wiltshire Police,Wiltshire Police,-2.211636,51.313423,On or near Lamplighters Walk,E01032094,Wiltshire 035C,Anti-social behaviour,,
,2012-12,Wiltshire Police,Wiltshire Police,-2.202783,51.316676,On or near Supermarket,E01032094,Wiltshire 035C,Anti-social behaviour,,
,2012-12,Wiltshire Police,Wiltshire Police,-2.214161,51.313320,On or near Bradley Road,E01032094,Wiltshire 035C,Anti-social behaviour,,
,2012-12,Wiltshire Police,Wiltshire Police,-2.208419,51.312719,On or near Ashmead Court,E01032094,Wiltshire 035C,Anti-social behaviour,,
,2012-12,Wiltshire Police,Wiltshire Police,-2.215593,51.312903,On or near Sleightholme Court,E01032094,Wiltshire 035C,Anti-social behaviour,,
,2012-12,Wiltshire Police,Wiltshire Police,-2.209937,51.315189,On or near Havelock Street,E01032094,Wiltshire 035C,Anti-social behaviour,,
,2012-12,Wiltshire Police,Wiltshire Police,-2.209937,51.315189,On or near Havelock Street,E01032094,Wiltshire 035C,Anti-social behaviour,,
d2f5dce95cb3d35b25d3baf63c78a8e597ec93c09bd00987c4d55941b9ba1c74,2012-12,Wiltshire Police,Wiltshire Police,-2.209937,51.315189,On or near Havelock Street,E01032094,Wiltshire 035C,Burglary,Investigation complete; no suspect identified,
cb20025f24a91cc465a13001ca417b85f268d2df17512750f013af17c74300c1,2012-12,Wiltshire Police,Wiltshire Police,-2.214392,51.313769,On or near Frome Road,E01032094,Wiltshire 035C,Burglary,Investigation complete; no suspect identified,
9778c69456090ca9115279bbff34dc771536c2b265a5e184fe0dc7ca4512148c,2012-12,Wiltshire Police,Wiltshire Police,-2.215593,51.312903,On or near Sleightholme Court,E01032094,Wiltshire 035C,Burglary,Investigation complete; no suspect identified,
e0de67e285a4bd0645d71b21f54c5fad20af97a651e610af03c8db4a08336740,2012-12,Wiltshire Police,Wiltshire Police,-2.206367,51.312668,On or near Shopping Area,E01032094,Wiltshire 035C,Burglary,Investigation complete; no suspect identified,
7cb5e8e40ee4966e32c08be1a4640246d783230670c5534e297bc5ec8805cc33,2012-12,Wiltshire Police,Wiltshire Police,-2.209937,51.315189,On or near Havelock Street,E01032094,Wiltshire 035C,Criminal damage and arson,Investigation complete; no suspect identified,
e0b832cdb62537e6b427cb73095d4c5d7e1876ff1dad6605124d7fdcd8782581,2012-12,Wiltshire Police,Wiltshire Police,-2.203667,51.315433,On or near Coronation Street,E01032094,Wiltshire 035C,Criminal damage and arson,Investigation complete; no suspect identified,
66e294d6247af77a5ec728880a2a337fcd859783c4293c7403ec4a2f675def73,2012-12,Wiltshire Police,Wiltshire Police,-2.203667,51.315433,On or near Coronation Street,E01032094,Wiltshire 035C,Criminal damage and arson,Investigation complete; no suspect identified,
d5ce157edcd3773fc6acc3b23b48f417b52eb16509c44cfdfd64d09e06948408,2012-12,Wiltshire Police,Wiltshire Police,-2.203667,51.315433,On or near Coronation Street,E01032094,Wiltshire 035C,Criminal damage and arson,Investigation complete; no suspect identified,
d6b60051fc058c8ef4ec4cee9de0a9dc4aa93d48518cad4f2a5b8c212f040145,2012-12,Wiltshire Police,Wiltshire Police,-2.215593,51.312903,On or near Sleightholme Court,E01032094,Wiltshire 035C,Criminal damage and arson,Investigation complete; no suspect identified,
2efc23573c31aba860cca34d386dd77c3a308db67b9358a8d2de6e9c0227296c,2012-12,Wiltshire Police,Wiltshire Police,-2.206847,51.314223,On or near Bramley Lane,E01032094,Wiltshire 035C,Drugs,Investigation complete; no suspect identified,
6732373101e1a532f2fb00c754f7b9a461871bcf310ee672666806bc483296f5,2012-12,Wiltshire Police,Wiltshire Police,-2.202783,51.316676,On or near Supermarket,E01032094,Wiltshire 035C,Other theft,Under investigation,
43aff00c99192f198ba7ed7f21f3085a631ad24164da52141dbdd79c32335565,2012-12,Wiltshire Police,Wiltshire Police,-2.215593,51.312903,On or near Sleightholme Court,E01032094,Wiltshire 035C,Other theft,Investigation complete; no suspect identified,
9c4a3d05b941c9a632cc0ab9085ae0f5c3b15e09f0f1642aa0c4bae196d88c24,2012-12,Wiltshire Police,Wiltshire Police,-2.202783,51.316676,On or near Supermarket,E01032094,Wiltshire 035C,Other theft,Local resolution,
06524248de4ecdfdbf304da76efdbcb6e4940e981a592324e622841ba99602be,2012-12,Wiltshire Police,Wiltshire Police,-2.203612,51.315820,On or near Longfield Road,E01032094,Wiltshire 035C,Public disorder and weapons,Investigation complete; no suspect identified,
292fc2a1325d536fc6554fed8ec4a1e48c762c6acd4c7601bbcbe7bba22ab0da,2012-12,Wiltshire Police,Wiltshire Police,-2.202783,51.316676,On or near Supermarket,E01032094,Wiltshire 035C,Shoplifting,Under investigation,
eed0d9599c43e67584740ea0b54ade340380a9af503ecf5ae89933af58a889e3,2012-12,Wiltshire Police,Wiltshire Police,-2.206367,51.312668,On or near Shopping Area,E01032094,Wiltshire 035C,Shoplifting,Suspect charged as part of another case,
6af42ebfe091eee8766340b611e51e060b938290e31dc25ea6efa10fb218ed80,2012-12,Wiltshire Police,Wiltshire Police,-2.202783,51.316676,On or near Supermarket,E01032094,Wiltshire 035C,Shoplifting,Offender given penalty notice,
cc4a30f3874472dbb367e5e93610866c86e4834966efcbb46c5e4f22a548472a,2012-12,Wiltshire Police,Wiltshire Police,-2.202783,51.316676,On or near Supermarket,E01032094,Wiltshire 035C,Vehicle crime,Investigation complete; no suspect identified,
5b23873f491a00fa40450e6117fb4511760450c382740b4520bdf973df667039,2012-12,Wiltshire Police,Wiltshire Police,-2.203612,51.315820,On or near Longfield Road,E01032094,Wiltshire 035C,Violent crime,Investigation complete; no suspect identified,
d2b295a903e887f885118cde7fd22810e374dd59374477a55d4fe7c25d0baa8d,2012-12,Wiltshire Police,Wiltshire Police,-2.206367,51.312668,On or near Shopping Area,E01032094,Wiltshire 035C,Violent crime,Investigation complete; no suspect identified,
66050f8948167a121bd8f430b57c869b405efc02522887b897725666418c6999,2012-12,Wiltshire Police,Wiltshire Police,-2.215593,51.312903,On or near Sleightholme Court,E01032094,Wiltshire 035C,Violent crime,Investigation complete; no suspect identified,
,2012-12,Wiltshire Police,Wiltshire Police,-2.213945,51.310074,On or near Cavell Court,E01032095,Wiltshire 035D,Anti-social behaviour,,
,2012-12,Wiltshire Police,Wiltshire Police,-2.213945,51.310074,On or near Cavell Court,E01032095,Wiltshire 035D,Anti-social behaviour,,
,2012-12,Wiltshire Police,Wiltshire Police,-2.211503,51.309476,On or near Carlton Row,E01032095,Wiltshire 035D,Anti-social behaviour,,
,2012-12,Wiltshire Police,Wiltshire Police,-2.206041,51.310457,On or near Wilton Drive,E01032095,Wiltshire 035D,Anti-social behaviour,,
,2012-12,Wiltshire Police,Wiltshire Police,-2.204746,51.309479,On or near Southview Road,E01032095,Wiltshire 035D,Anti-social behaviour,,
,2012-12,Wiltshire Police,Wiltshire Police,-2.203605,51.310938,On or near Drynham Park,E01032095,Wiltshire 035D,Anti-social behaviour,,
c72da53f2d88efa98925301f422c55f42a06d41611ea738c170abad90af5515c,2012-12,Wiltshire Police,Wiltshire Police,-2.203605,51.310938,On or near Drynham Park,E01032095,Wiltshire 035D,Other theft,Investigation complete; no suspect identified,
6969a0bbc4d60c615cd315a87a71a72f1ee104cb3542a2fd890a76a07b5a1bc5,2012-12,Wiltshire Police,Wiltshire Police,-2.204746,51.309479,On or near Southview Road,E01032095,Wiltshire 035D,Public disorder and weapons,Investigation complete; no suspect identified,
866ff60985d756a553be8be82e5324d441da1a2f1ef15a2adb3a4e1174fdafc8,2012-12,Wiltshire Police,Wiltshire Police,-2.213345,51.310758,On or near Supermarket,E01032095,Wiltshire 035D,Shoplifting,Investigation complete; no suspect identified,
bce2cd4c170e2537c11081aa2596040037ab248a91f2107a6395e7ba74c3e702,2012-12,Wiltshire Police,Wiltshire Police,-2.202907,51.308916,On or near Speedwell Close,E01032095,Wiltshire 035D,Vehicle crime,Investigation complete; no suspect identified,
5b13a008d9515dbbac17eaa91f1d82330f5a8d2cd9c6f384a42100234947d249,2012-12,Wiltshire Police,Wiltshire Police,-2.206387,51.310681,On or near Pembroke Close,E01032095,Wiltshire 035D,Vehicle crime,Investigation complete; no suspect identified,
1090bb1de79b8499e657bbae9f335c29df3e19d91f12ee497d1acee8f070bd6f,2012-12,Wiltshire Police,Wiltshire Police,-2.206448,51.311580,On or near Dunford Close,E01032095,Wiltshire 035D,Violent crime,Investigation complete; no suspect identified,
75b72771086ef74bcfd01f62768f02d6ac8796a7df67083ec884c5b5cf02d9ac,2012-12,Wiltshire Police,Wiltshire Police,-2.210119,51.308031,On or near Wilcot Close,E01032095,Wiltshire 035D,Violent crime,Investigation complete; no suspect identified,
,2012-12,Wiltshire Police,Wiltshire Police,-2.215889,51.305512,On or near Hornbeam Road,E01032088,Wiltshire 036A,Anti-social behaviour,,
82a89b50f332fbb4cee1a27ebcce01f1cd7a3545bce2775a4dd7a53b9b50c18c,2012-12,Wiltshire Police,Wiltshire Police,-2.215366,51.304191,On or near Bewley Road,E01032088,Wiltshire 036A,Other theft,Investigation complete; no suspect identified,
,2012-12,Wiltshire Police,Wiltshire Police,-2.214215,51.315837,On or near Wesley Road,E01032089,Wiltshire 036B,Anti-social behaviour,,
f4d4c45d8412b0741af6f4f70702cdd3376803f3cccd8613ca5ff61f98bcdc55,2012-12,Wiltshire Police,Wiltshire Police,-2.216041,51.316598,On or near Gloucester Road,E01032089,Wiltshire 036B,Criminal damage and arson,Investigation complete; no suspect identified,
e3e457259f69f0b953960b284d22bef058378ac3b81969008ed9e46e2dca235f,2012-12,Wiltshire Police,Wiltshire Police,-2.214215,51.315837,On or near Wesley Road,E01032089,Wiltshire 036B,Criminal damage and arson,Investigation complete; no suspect identified,
d5639a4b5f065b03a3d7e82fb94a6e0c3c6d7e6133106da56b7c596eb804f638,2012-12,Wiltshire Police,Wiltshire Police,-2.216561,51.314178,On or near Gladstone Road,E01032089,Wiltshire 036B,Criminal damage and arson,Investigation complete; no suspect identified,
8e5cf7aab919115065b736e3b4fd15cd3727d17d371f6465b6aae06c7075baaf,2012-12,Wiltshire Police,Wiltshire Police,-2.213215,51.316810,On or near Newtown,E01032089,Wiltshire 036B,Criminal damage and arson,Investigation complete; no suspect identified,
c7fe0593db2860ef8750e5aa9c8b6fd1585e536574dbc0f7907322f1bd2e2519,2012-12,Wiltshire Police,Wiltshire Police,-2.216561,51.314178,On or near Gladstone Road,E01032089,Wiltshire 036B,Other theft,Investigation complete; no suspect identified,
910056445c65b74c5c8bd1772d121ef1149cc2f0b911bfc49ec93c3e3603b45b,2012-12,Wiltshire Police,Wiltshire Police,-2.215731,51.314684,On or near Surrey Place,E01032089,Wiltshire 036B,Other theft,Investigation complete; no suspect identified,
abc3874b230b0ee67a3d3cc42b4d4d74502832c59691050f8b03d9cfd94fe7a6,2012-12,Wiltshire Police,Wiltshire Police,-2.215731,51.314684,On or near Surrey Place,E01032089,Wiltshire 036B,Other theft,Investigation complete; no suspect identified,
573576d168f8438269ec077e2f6933c567d520524e3910ea7a0da3465afc12d9,2012-12,Wiltshire Police,Wiltshire Police,-2.216405,51.314646,On or near Waterworks Road,E01032089,Wiltshire 036B,Vehicle crime,Investigation complete; no suspect identified,
6452289c856a219dcc648b7335e10071eb6389f00a3d3bb9c5916636124dfc5f,2012-12,Wiltshire Police,Wiltshire Police,-2.216405,51.314646,On or near Waterworks Road,E01032089,Wiltshire 036B,Vehicle crime,Investigation complete; no suspect identified,
,2012-12,Wiltshire Police,Wiltshire Police,-2.221554,51.311193,On or near The Moldens,E01032090,Wiltshire 036C,Anti-social behaviour,,
,2012-12,Wiltshire Police,Wiltshire Police,-2.222514,51.308071,On or near Theatre/Concert Hall,E01032090,Wiltshire 036C,Anti-social behaviour,,
,2012-12,Wiltshire Police,Wiltshire Police,-2.216641,51.312982,On or near Lansdown Close,E01032090,Wiltshire 036C,Anti-social behaviour,,
,2012-12,Wiltshire Police,Wiltshire Police,-2.222514,51.308071,On or near Theatre/Concert Hall,E01032090,Wiltshire 036C,Anti-social behaviour,,
,2012-12,Wiltshire Police,Wiltshire Police,-2.222514,51.308071,On or near Theatre/Concert Hall,E01032090,Wiltshire 036C,Anti-social behaviour,,
,2012-12,Wiltshire Police,Wiltshire Police,-2.221554,51.311193,On or near The Moldens,E01032090,Wiltshire 036C,Anti-social behaviour,,
5fbedec59a497f16650022331615e087f6423807a3ccb5a95b29b13e110396fe,2012-12,Wiltshire Police,Wiltshire Police,-2.220411,51.306187,On or near Silver Birch Grove,E01032090,Wiltshire 036C,Criminal damage and arson,Court case unable to proceed,
99cc49a5b9e2d1dbe738a6ab4bd3d3c510898a581c6d09d7cb8e10001a9a0952,2012-12,Wiltshire Police,Wiltshire Police,-2.222514,51.308071,On or near Theatre/Concert Hall,E01032090,Wiltshire 036C,Drugs,Offender given a drugs possession warning,
c7060d2c3a828c8820a126d11128592a32b4d455b4eaecf99c8f9532c928ace4,2012-12,Wiltshire Police,Wiltshire Police,-2.222514,51.308071,On or near Theatre/Concert Hall,E01032090,Wiltshire 036C,Other theft,Investigation complete; no suspect identified,
d0458302dea7b76352ea180f94dc730d72aad6ab3a20269e2f81250fa7561adc,2012-12,Wiltshire Police,Wiltshire Police,-2.222514,51.308071,On or near Theatre/Concert Hall,E01032090,Wiltshire 036C,Other theft,Investigation complete; no suspect identified,
39458a85ce7f5020aac9450a19fc651d9392eb67b2c70f4480c9c5510f9d8dab,2012-12,Wiltshire Police,Wiltshire Police,-2.220411,51.306187,On or near Silver Birch Grove,E01032090,Wiltshire 036C,Public disorder and weapons,Court result unavailable,
a747659bcacf806dd5a325ab1c998e30bc0249e4de67df52698b2d737abd0aea,2012-12,Wiltshire Police,Wiltshire Police,-2.218454,51.308043,On or near College Road,E01032090,Wiltshire 036C,Shoplifting,Suspect charged as part of another case,
deb41856c0e6ae808ecf0029bbf79dc06dcb7c7f45dc5113df36ba010f4cae10,2012-12,Wiltshire Police,Wiltshire Police,-2.218454,51.308043,On or near College Road,E01032090,Wiltshire 036C,Shoplifting,Suspect charged as part of another case,
bad92f8cfc9ddf3bdcce4f1136e96bf8e588d6330ab20e32273084dc560eacb7,2012-12,Wiltshire Police,Wiltshire Police,-2.218454,51.308043,On or near College Road,E01032090,Wiltshire 036C,Shoplifting,Suspect charged as part of another case,
,2012-12,Wiltshire Police,Wiltshire Police,-2.223928,51.309768,On or near Frome Road,E01032091,Wiltshire 036D,Anti-social behaviour,,
,2012-12,Wiltshire Police,Wiltshire Police,-2.223928,51.309768,On or near Frome Road,E01032091,Wiltshire 036D,Anti-social behaviour,,
,2012-12,Wiltshire Police,Wiltshire Police,-2.223928,51.309768,On or near Frome Road,E01032091,Wiltshire 036D,Anti-social behaviour,,
,2012-12,Wiltshire Police,Wiltshire Police,-2.226147,51.305726,On or near The Poplars,E01032091,Wiltshire 036D,Anti-social behaviour,,
f6c78b579a5b8dc72d05b46c9279947cb28223628176da346f9589a828a0939f,2012-12,Wiltshire Police,Wiltshire Police,-2.223928,51.309768,On or near Frome Road,E01032091,Wiltshire 036D,Criminal damage and arson,Investigation complete; no suspect identified,
d7881a94e032bcabb54f163abe8a0aaecbf223899c230123609abd8f799ba407,2012-12,Wiltshire Police,Wiltshire Police,-2.223928,51.309768,On or near Frome Road,E01032091,Wiltshire 036D,Criminal damage and arson,Investigation complete; no suspect identified,
f1c6f4105f4b985e92039ae7c75947839b2652cc1cc8e4c5c986f0fefec2b985,2012-12,Wiltshire Police,Wiltshire Police,-2.223928,51.309768,On or near Frome Road,E01032091,Wiltshire 036D,Robbery,Investigation complete; no suspect identified,
9f66aa83f654d529793b572022aaccf6272efb80f75b19da015f2a4fbfb6e1c4,2012-12,Wiltshire Police,Wiltshire Police,-2.223928,51.309768,On or near Frome Road,E01032091,Wiltshire 036D,Shoplifting,Suspect charged as part of another case,
72b367288b42fb88ec9225387d719812216bd25f7d5e856ac82f8e8a1e83be91,2012-12,Wiltshire Police,Wiltshire Police,-2.228188,51.306630,On or near Church Fields,E01032091,Wiltshire 036D,Violent crime,Investigation complete; no suspect identified,
ec790cab2c4ecadbec0db2c765d3823bb6576947303a898d68476be9e4fac406,2012-12,Wiltshire Police,Wiltshire Police,-2.223928,51.309768,On or near Frome Road,E01032091,Wiltshire 036D,Violent crime,Investigation complete; no suspect identified,
5b79aeccb010f24143bac8e75b87d4e6698db5e95c1e2420f7c39876acf378b7,2012-12,Wiltshire Police,Wiltshire Police,-2.210548,51.301367,On or near Sports/Recreation Area,E01032053,Wiltshire 037A,Criminal damage and arson,Investigation complete; no suspect identified,
13bdf933d2c9d3fa8a35ba2c1b144dd301bfd937466c2460f0f0f12c25a52b1b,2012-12,Wiltshire Police,Wiltshire Police,-2.199527,51.300271,On or near Windsor Road,E01032053,Wiltshire 037A,Drugs,Offender given a caution,
2299b27dd25a95798f72dc0597196c273b2dbc38bf94c03739181079e6f860ed,2012-12,Wiltshire Police,Wiltshire Police,-2.199527,51.300271,On or near Windsor Road,E01032053,Wiltshire 037A,Other theft,Under investigation,
30a6ed5b50dce190496c5a4f68a0eee77416f41ad1954ae0697cf96ac323ec29,2012-12,Wiltshire Police,Wiltshire Police,-2.209073,51.301981,On or near Bradley Road,E01032053,Wiltshire 037A,Shoplifting,Court result unavailable,
e8452a856983535f2190c5470c64eb9b7f707acc136233e0fba9a2018c0eed69,2012-12,Wiltshire Police,Wiltshire Police,-2.209073,51.301981,On or near Bradley Road,E01032053,Wiltshire 037A,Shoplifting,Investigation complete; no suspect identified,
,2012-12,Wiltshire Police,Wiltshire Police,-2.232513,51.296623,On or near Church Street,E01032083,Wiltshire 037B,Anti-social behaviour,,
,2012-12,Wiltshire Police,Wiltshire Police,-2.233535,51.294481,On or near Hollis Way,E01032083,Wiltshire 037B,Anti-social behaviour,,
a8415635dc731876c4be0f25b564cbf9c5362ce5b13602ddb8a8edfbbaf3db71,2012-12,Wiltshire Police,Wiltshire Police,-2.231116,51.298397,On or near Fleur De Lys Drive,E01032083,Wiltshire 037B,Criminal damage and arson,Investigation complete; no suspect identified,
0e299f7ac4434a21ae35105ddcb1c141b19ada70173d1bd65d75ed0eb397019c,2012-12,Wiltshire Police,Wiltshire Police,-2.232513,51.296623,On or near Church Street,E01032083,Wiltshire 037B,Criminal damage and arson,Investigation complete; no suspect identified,
71e204f94ba44ef12550ef8b87df1b82452acb80b67e5859b0f27630919948ff,2012-12,Wiltshire Police,Wiltshire Police,-2.230607,51.297049,On or near Chantry Gardens,E01032083,Wiltshire 037B,Criminal damage and arson,Investigation complete; no suspect identified,
2477386dda50bb153ef8e017ec1c5e4de2f964fc2bb8616f5f0cc9c894b961d5,2012-12,Wiltshire Police,Wiltshire Police,-2.238578,51.293454,On or near Wesley Close,E01032083,Wiltshire 037B,Drugs,Offender given penalty notice,
8cb13e15cb7fae9d1a7b3817bbb010a8e7b609d1bf660c27df31566ca25be8ec,2012-12,Wiltshire Police,Wiltshire Police,-2.231116,51.298397,On or near Fleur De Lys Drive,E01032083,Wiltshire 037B,Vehicle crime,Investigation complete; no suspect identified,
,2012-12,Wiltshire Police,Wiltshire Police,-2.112178,51.319432,On or near Martins Road,E01032084,Wiltshire 037C,Anti-social behaviour,,
,2012-12,Wiltshire Police,Wiltshire Police,-2.171084,51.296513,On or near Shepherds Drove,E01032084,Wiltshire 037C,Anti-social behaviour,,
f806c5764c16713b4032d1593bb90b7bbe78cef61c9fc42cc937f08689385ec9,2012-12,Wiltshire Police,Wiltshire Police,-2.177424,51.300505,On or near Orchard Close,E01032084,Wiltshire 037C,Burglary,Investigation complete; no suspect identified,
f687ddc2f03a3226a4eb3eb07621f3ba9d2d5fe900bd7ac6d41278577332f6e6,2012-12,Wiltshire Police,Wiltshire Police,-2.177424,51.300505,On or near Orchard Close,E01032084,Wiltshire 037C,Burglary,Investigation complete; no suspect identified,
16dc5921bdefd83f4bb495c12eb96073b2bc919988743e2fb1d14f8dd53d5697,2012-12,Wiltshire Police,Wiltshire Police,-2.120768,51.322850,On or near Main Street,E01032084,Wiltshire 037C,Other theft,Investigation complete; no suspect identified,
6f2827f539b24183aec491c6b47c9791f6684f3639272197fa99b04396608c8c,2012-12,Wiltshire Police,Wiltshire Police,-2.177424,51.300505,On or near Orchard Close,E01032084,Wiltshire 037C,Vehicle crime,Investigation complete; no suspect identified,
,2012-12,Wiltshire Police,Wiltshire Police,-1.898338,51.353827,On or near Chandlers Lane,E01031842,Wiltshire 038A,Anti-social behaviour,,
,2012-12,Wiltshire Police,Wiltshire Police,-1.893862,51.314439,On or near Miller Close,E01031842,Wiltshire 038A,Anti-social behaviour,,
,2012-12,Wiltshire Police,Wiltshire Police,-1.901209,51.354315,On or near Drewitts Lane,E01031842,Wiltshire 038A,Anti-social behaviour,,
c152cc7f6d993448c692fb9121ce24a8741cbd7015794f054f45fcd1b67a0b0f,2012-12,Wiltshire Police,Wiltshire Police,-1.895341,51.358086,On or near Matthews Close,E01031842,Wiltshire 038A,Burglary,Investigation complete; no suspect identified,
27ce0222c8d0e157f726491c82e195079a91bef7e50c1c68224f5b59415075f9,2012-12,Wiltshire Police,Wiltshire Police,-1.895451,51.315942,On or near The Street,E01031842,Wiltshire 038A,Burglary,Investigation complete; no suspect identified,
656bd7e5e1bb53615150273202a7f14ad8f57cc1a6b69f169db4bc3d8cdf7703,2012-12,Wiltshire Police,Wiltshire Police,-1.898338,51.353827,On or near Chandlers Lane,E01031842,Wiltshire 038A,Burglary,Investigation complete; no suspect identified,
,2012-12,Wiltshire Police,Wiltshire Police,-1.793254,51.263277,On or near Paddock Close,E01031867,Wiltshire 038B,Anti-social behaviour,,
,2012-12,Wiltshire Police,Wiltshire Police,-1.790958,51.238572,On or near High Street,E01031867,Wiltshire 038B,Anti-social behaviour,,
,2012-12,Wiltshire Police,Wiltshire Police,-1.765595,51.243047,On or near Airport/Airfield,E01031867,Wiltshire 038B,Anti-social behaviour,,
2e038c61b9eea6e30dd94f1b73749371dee11d4dbb18a5d5392735c16196bbb7,2012-12,Wiltshire Police,Wiltshire Police,-1.791888,51.238879,On or near Vicarage Gardens,E01031867,Wiltshire 038B,Criminal damage and arson,Investigation complete; no suspect identified,
d8274af30d7a00ebeceb31353b760486d22c9ffff0ebf3e74a168b1dba697e81,2012-12,Wiltshire Police,Wiltshire Police,-1.792267,51.262870,On or near Field View,E01031867,Wiltshire 038B,Other theft,Investigation complete; no suspect identified,
35c530a3e6b196f5c854b0ed10eb81f1e9dbf31df230621fd749b17561a975f2,2012-12,Wiltshire Police,Wiltshire Police,-1.790958,51.238572,On or near High Street,E01031867,Wiltshire 038B,Other theft,Investigation complete; no suspect identified,
4340681b3a7441a87593ea7101ee5c18e5f38ca7cb1973cedf9f56044c037ab4,2012-12,Wiltshire Police,Wiltshire Police,-1.795087,51.263469,On or near Grants Road,E01031867,Wiltshire 038B,Other theft,Investigation complete; no suspect identified,
2aae1937934438e97f021aca5c71511db6c8c17c45b24c0c10a67f90c258e30f,2012-12,Wiltshire Police,Wiltshire Police,-1.802364,51.264362,On or near A345,E01031867,Wiltshire 038B,Other theft,Investigation complete; no suspect identified,
ab6103e34ca262d926f98032fbbe0646d1d9ec5cf6b6ed5c8e2d993df8d7bcf9,2012-12,Wiltshire Police,Wiltshire Police,-1.792478,51.241254,On or near Whitmarsh Close,E01031867,Wiltshire 038B,Vehicle crime,Investigation complete; no suspect identified,
96eb440ad23ce6eba4bf27ac03fd0db866f8a2be7d63b56ee580a8e4e6dfa81a,2012-12,Wiltshire Police,Wiltshire Police,-1.792394,51.263221,On or near Palmerston Meadow,E01031867,Wiltshire 038B,Vehicle crime,Investigation complete; no suspect identified,
bfd89f0c2f6a13a4ad4a36f1b35670b545f9a0051148191116457f0805c82e13,2012-12,Wiltshire Police,Wiltshire Police,-1.791888,51.238879,On or near Vicarage Gardens,E01031867,Wiltshire 038B,Vehicle crime,Investigation complete; no suspect identified,
,2012-12,Wiltshire Police,Wiltshire Police,-1.807382,51.294898,On or near The Gardens,E01031882,Wiltshire 038C,Anti-social behaviour,,
,2012-12,Wiltshire Police,Wiltshire Police,-1.822949,51.300794,On or near The Old Barnyard,E01031882,Wiltshire 038C,Anti-social behaviour,,
,2012-12,Wiltshire Police,Wiltshire Police,-1.807773,51.294053,On or near Petrol Station,E01031882,Wiltshire 038C,Anti-social behaviour,,
,2012-12,Wiltshire Police,Wiltshire Police,-1.799024,51.320367,On or near A345,E01031882,Wiltshire 038C,Anti-social behaviour,,
8a345a40034e80da720a16f6ea3f822b16109c3737b94c6502b91431df52553f,2012-12,Wiltshire Police,Wiltshire Police,-1.799024,51.320367,On or near A345,E01031882,Wiltshire 038C,Burglary,Investigation complete; no suspect identified,
2351a057e819e711d017f96a3bdd024ac862c860309a315ef4bdb6c7d2ee0549,2012-12,Wiltshire Police,Wiltshire Police,-1.799024,51.320367,On or near A345,E01031882,Wiltshire 038C,Vehicle crime,Investigation complete; no suspect identified,
5cd7e063e36cc847716103928eff71c79fbd912554826faaadabfe95dd37b503,2012-12,Wiltshire Police,Wiltshire Police,-1.802234,51.288109,On or near Parking Area,E01031882,Wiltshire 038C,Vehicle crime,Investigation complete; no suspect identified,
,2012-12,Wiltshire Police,Wiltshire Police,-2.229247,51.245753,On or near Stormore,E01032052,Wiltshire 039A,Anti-social behaviour,,
,2012-12,Wiltshire Police,Wiltshire Police,-2.209940,51.246941,On or near Petticoat Lane,E01032054,Wiltshire 039B,Anti-social behaviour,,
,2012-12,Wiltshire Police,Wiltshire Police,-2.216105,51.247820,On or near High Street,E01032054,Wiltshire 039B,Anti-social behaviour,,
,2012-12,Wiltshire Police,Wiltshire Police,-2.220195,51.246185,On or near The Avenue,E01032054,Wiltshire 039B,Anti-social behaviour,,
,2012-12,Wiltshire Police,Wiltshire Police,-2.218788,51.245513,On or near Woodland View,E01032054,Wiltshire 039B,Anti-social behaviour,,
6d979e5c4fea723dad71da4e94d5026f2b64682c6a4ba0871bd23f8b95e1320a,2012-12,Wiltshire Police,Wiltshire Police,-2.214558,51.247760,On or near Whitecroft,E01032054,Wiltshire 039B,Criminal damage and arson,Under investigation,
4141f75b08a6a12d370513d288cdddf40cb3a2b3f864f9354c3c91eb4a34d3e6,2012-12,Wiltshire Police,Wiltshire Police,-2.209940,51.246941,On or near Petticoat Lane,E01032054,Wiltshire 039B,Vehicle crime,Investigation complete; no suspect identified,
013836e2e347b8b6e030facfef3d9d5a64e6fc338bea38c0a7e3182958cc7b4c,2012-12,Wiltshire Police,Wiltshire Police,-2.196064,51.228154,On or near St Mary'S Court,E01032054,Wiltshire 039B,Violent crime,Offender given a caution,
634dd924f1a4c3c52eca38a324360e4739ddce73b5bab519f82c039c157cf29b,2012-12,Wiltshire Police,Wiltshire Police,-2.211164,51.248188,On or near Friars Close,E01032054,Wiltshire 039B,Violent crime,Offender given a caution,
,2012-12,Wiltshire Police,Wiltshire Police,-2.130400,51.268178,On or near Castle Road,E01032055,Wiltshire 039C,Anti-social behaviour,,
,2012-12,Wiltshire Police,Wiltshire Police,-2.122652,51.270525,On or near Tyning Lane,E01032055,Wiltshire 039C,Anti-social behaviour,,
,2012-12,Wiltshire Police,Wiltshire Police,-2.130400,51.268178,On or near Castle Road,E01032055,Wiltshire 039C,Anti-social behaviour,,
1950aef38e30dfb60abd21b032ef73e5160732a92d0d62a59231974f6805e8b8,2012-12,Wiltshire Police,Wiltshire Police,-2.131084,51.271819,On or near Rosenheim Rise,E01032055,Wiltshire 039C,Violent crime,Local resolution,
767ccb1fbfb49c610d4553c1194857695afb0a146754fe76ab38605a5fede3a7,2012-12,Wiltshire Police,Wiltshire Police,-2.131084,51.271819,On or near Rosenheim Rise,E01032055,Wiltshire 039C,Violent crime,Local resolution,
,2012-12,Wiltshire Police,Wiltshire Police,-2.130012,51.278052,On or near Bonnje Park,E01032056,Wiltshire 039D,Anti-social behaviour,,
e1787a61bf3f12e2133566da7179f59316d7cc03c388f511c82085cbea7e69e5,2012-12,Wiltshire Police,Wiltshire Police,-2.130012,51.278052,On or near Bonnje Park,E01032056,Wiltshire 039D,Other theft,Investigation complete; no suspect identified,
e3d8a07b3a0e0b4dec3c5a00de7226605f34659054f60f60a4ea31f76b70fcf6,2012-12,Wiltshire Police,Wiltshire Police,-2.206667,51.274111,On or near Moat Road,E01032056,Wiltshire 039D,Vehicle crime,Investigation complete; no suspect identified,
0624f2e93488d24f5fcbdf84aef2ba1c087924ee721bee3a8b4747bcb7baeb83,2012-12,Wiltshire Police,Wiltshire Police,-2.213082,51.275745,On or near Chemical Road,E01032056,Wiltshire 039D,Vehicle crime,Investigation complete; no suspect identified,
9e57af3af564236f8bc10e83264f4ae39f8f2b09a82e00055240203301381606,2012-12,Wiltshire Police,Wiltshire Police,-2.123988,51.271719,On or near Chestnut Corner,E01032056,Wiltshire 039D,Violent crime,Investigation complete; no suspect identified,
cbf54b61b5319c84ba8b8b8c967801aca3eb46574fe6f61a8dcbb9ad556e4561,2012-12,Wiltshire Police,Wiltshire Police,-2.175622,51.264244,On or near Danvers Way,E01032121,Wiltshire 039E,Burglary,Investigation complete; no suspect identified,
,2012-12,Wiltshire Police,Wiltshire Police,-2.182995,51.262245,On or near Maristow Street,E01032115,Wiltshire 040A,Anti-social behaviour,,
,2012-12,Wiltshire Police,Wiltshire Police,-2.182470,51.263469,On or near Fore Street,E01032115,Wiltshire 040A,Anti-social behaviour,,
,2012-12,Wiltshire Police,Wiltshire Police,-2.182352,51.262669,On or near Market Place,E01032115,Wiltshire 040A,Anti-social behaviour,,
,2012-12,Wiltshire Police,Wiltshire Police,-2.182995,51.262245,On or near Maristow Street,E01032115,Wiltshire 040A,Anti-social behaviour,,
,2012-12,Wiltshire Police,Wiltshire Police,-2.182470,51.263469,On or near Fore Street,E01032115,Wiltshire 040A,Anti-social behaviour,,
15ba5e01f97ea5d3ab200f3c0cd94f4050015e9b5d28545a68a48f4e6f9794bc,2012-12,Wiltshire Police,Wiltshire Police,-2.184786,51.262152,On or near West End,E01032115,Wiltshire 040A,Criminal damage and arson,Investigation complete; no suspect identified,
fca949e606de77965684242e4de06379381aae412bea8217c4c32b78574960fd,2012-12,Wiltshire Police,Wiltshire Police,-2.182352,51.262669,On or near Market Place,E01032115,Wiltshire 040A,Criminal damage and arson,Investigation complete; no suspect identified,
be2f54ad564df389fd0797a2178550a56951e5e6db386cf3cafa99e1fb719ec0,2012-12,Wiltshire Police,Wiltshire Police,-2.182470,51.263469,On or near Fore Street,E01032115,Wiltshire 040A,Shoplifting,Investigation complete; no suspect identified,
,2012-12,Wiltshire Police,Wiltshire Police,-2.194723,51.266731,On or near Primmers Place,E01032116,Wiltshire 040B,Anti-social behaviour,,
,2012-12,Wiltshire Police,Wiltshire Police,-2.188315,51.266535,On or near Ludlow Close,E01032116,Wiltshire 040B,Anti-social behaviour,,
,2012-12,Wiltshire Police,Wiltshire Police,-2.185455,51.268050,On or near Devon Drive,E01032116,Wiltshire 040B,Anti-social behaviour,,
,2012-12,Wiltshire Police,Wiltshire Police,-2.194723,51.266731,On or near Primmers Place,E01032116,Wiltshire 040B,Anti-social behaviour,,
,2012-12,Wiltshire Police,Wiltshire Police,-2.194723,51.266731,On or near Primmers Place,E01032116,Wiltshire 040B,Anti-social behaviour,,
4f77270547a8c13486ce2ddef398f331c5b1d51adaf0f93eb6cb258db136f047,2012-12,Wiltshire Police,Wiltshire Police,-2.191747,51.264641,On or near Heather Close,E01032116,Wiltshire 040B,Criminal damage and arson,Investigation complete; no suspect identified,
889c962c3e765c9e9b64836589cc0135429085c8078dfa961aebcce95be0ee7c,2012-12,Wiltshire Police,Wiltshire Police,-2.194723,51.266731,On or near Primmers Place,E01032116,Wiltshire 040B,Vehicle crime,Investigation complete; no suspect identified,
,2012-12,Wiltshire Police,Wiltshire Police,-2.201199,51.253098,On or near A3098,E01032117,Wiltshire 040C,Anti-social behaviour,,
,2012-12,Wiltshire Police,Wiltshire Police,-2.187314,51.260035,On or near The Avenue,E01032117,Wiltshire 040C,Anti-social behaviour,,
,2012-12,Wiltshire Police,Wiltshire Police,-2.190095,51.256641,On or near Springfield Road,E01032117,Wiltshire 040C,Anti-social behaviour,,
,2012-12,Wiltshire Police,Wiltshire Police,-2.193394,51.257553,On or near Redland Lane,E01032117,Wiltshire 040C,Anti-social behaviour,,
,2012-12,Wiltshire Police,Wiltshire Police,-2.201199,51.253098,On or near A3098,E01032117,Wiltshire 040C,Anti-social behaviour,,
4b6cfccb521c85fef5ec16a3711c4daeda6c12bf6798e255a8de9ef735a0093f,2012-12,Wiltshire Police,Wiltshire Police,-2.189321,51.260239,On or near Abotts Close,E01032117,Wiltshire 040C,Criminal damage and arson,Investigation complete; no suspect identified,
43b006e006c34bee0fd283d93950107e8c4a2c6ebb17827274da389ed78cfa6a,2012-12,Wiltshire Police,Wiltshire Police,-2.193228,51.258893,On or near Railway Close,E01032117,Wiltshire 040C,Criminal damage and arson,Investigation complete; no suspect identified,
bc4a543ca289040f4c083ff9decabe87c4961ec808c3d14113f61c77dfeaa571,2012-12,Wiltshire Police,Wiltshire Police,-2.198022,51.254038,On or near Connemara Close,E01032117,Wiltshire 040C,Other theft,Investigation complete; no suspect identified,
3520c7b723444cd9177b0db24b04adf9d7490a2625dd6df7e6cee88dc5c591e0,2012-12,Wiltshire Police,Wiltshire Police,-2.193394,51.257553,On or near Redland Lane,E01032117,Wiltshire 040C,Other theft,Investigation complete; no suspect identified,
66d50287194535fa741cb1011b09788600bfc8200fac2e9c3eafcdb14c1457f5,2012-12,Wiltshire Police,Wiltshire Police,-2.187314,51.260035,On or near The Avenue,E01032117,Wiltshire 040C,Other theft,Investigation complete; no suspect identified,
4986b07e7d847c2ddd11d250f8dc02538e41dc528a823ad3b99f79eca14c3d59,2012-12,Wiltshire Police,Wiltshire Police,-2.198022,51.254038,On or near Connemara Close,E01032117,Wiltshire 040C,Violent crime,Offender given a caution,
7f622826996c27575783cf2c89f7d5f35d285339e2617e9e07e5f6399f978953,2012-12,Wiltshire Police,Wiltshire Police,-2.190095,51.256641,On or near Springfield Road,E01032117,Wiltshire 040C,Violent crime,Investigation complete; no suspect identified,
092bb6a3f7639fc48b13f439a32b9e8aa4c0562f4f4d5963c04263c8bf8c3cb6,2012-12,Wiltshire Police,Wiltshire Police,-2.187749,51.261177,On or near Police Station,E01032117,Wiltshire 040C,Violent crime,Investigation complete; no suspect identified,
138d83b7a8c3c73b2588d1cbd5224fa794a65b51f5743b4b9931d9d327b497ae,2012-12,Wiltshire Police,Wiltshire Police,-2.190848,51.258537,On or near Indigo Gardens,E01032117,Wiltshire 040C,Violent crime,Investigation complete; no suspect identified,
,2012-12,Wiltshire Police,Wiltshire Police,-2.197153,51.261827,On or near Great Roc Road,E01032118,Wiltshire 040D,Anti-social behaviour,,
,2012-12,Wiltshire Police,Wiltshire Police,-2.194131,51.262344,On or near Oldfield Park,E01032118,Wiltshire 040D,Anti-social behaviour,,
,2012-12,Wiltshire Police,Wiltshire Police,-2.197153,51.261827,On or near Great Roc Road,E01032118,Wiltshire 040D,Anti-social behaviour,,
,2012-12,Wiltshire Police,Wiltshire Police,-2.197153,51.261827,On or near Great Roc Road,E01032118,Wiltshire 040D,Anti-social behaviour,,
1b9739f9739abc1d9e5033bacaab93f3e7cecc3b2060f84b9db251766b6631a9,2012-12,Wiltshire Police,Wiltshire Police,-2.198498,51.261357,On or near Wyvern Walk,E01032118,Wiltshire 040D,Burglary,Investigation complete; no suspect identified,
82a6474661ebb56c062d91494d13a8c6056a8508dad2b8be344dcce290d47b6f,2012-12,Wiltshire Police,Wiltshire Police,-2.194131,51.262344,On or near Oldfield Park,E01032118,Wiltshire 040D,Criminal damage and arson,Investigation complete; no suspect identified,
763c71761435f9536077b367773b1955631d5ad2479385b25aade7c9cbd2ed92,2012-12,Wiltshire Police,Wiltshire Police,-2.194131,51.262344,On or near Oldfield Park,E01032118,Wiltshire 040D,Criminal damage and arson,Local resolution,
a45a412f91d23613213412ae2a3db24c4a66da8d60d135c50c5cdf4264f30831,2012-12,Wiltshire Police,Wiltshire Police,-2.195596,51.259797,On or near Willow Grove,E01032118,Wiltshire 040D,Criminal damage and arson,Offender given a caution,
3653e31befc24d1127f9dd9fb47856f97a81990b903267f72691ef3da3c1f25b,2012-12,Wiltshire Police,Wiltshire Police,-2.195169,51.263772,On or near Bridge Court,E01032118,Wiltshire 040D,Other theft,Investigation complete; no suspect identified,
fadd36ab58ad20bb93ff852fae23eb7499eb33402f9de43ad771617c9f10a01b,2012-12,Wiltshire Police,Wiltshire Police,-2.194131,51.262344,On or near Oldfield Park,E01032118,Wiltshire 040D,Other theft,Under investigation,
05b2a835b1206e1aff94cf47d3e8b1cea0a789ce29f0faf4e462c2291931930c,2012-12,Wiltshire Police,Wiltshire Police,-2.195169,51.263772,On or near Bridge Court,E01032118,Wiltshire 040D,Public disorder and weapons,Investigation complete; no suspect identified,
255364d78859af351a6262cdab765cab27020e03d1d78ee876df036c3c0cc39f,2012-12,Wiltshire Police,Wiltshire Police,-2.193031,51.263038,On or near Newfield Close,E01032118,Wiltshire 040D,Vehicle crime,Court case unable to proceed,
3b32f143704b5a29bd21d7e173c9935a528f93c08794732d7d8bdb7cd27a9d40,2012-12,Wiltshire Police,Wiltshire Police,-2.198498,51.261357,On or near Wyvern Walk,E01032118,Wiltshire 040D,Vehicle crime,Investigation complete; no suspect identified,
2d6990aa8a7d6b5f6d53dffa37f4656406e3a2a0315df398614f0391f4c93092,2012-12,Wiltshire Police,Wiltshire Police,-2.193031,51.263038,On or near Newfield Close,E01032118,Wiltshire 040D,Violent crime,Investigation complete; no suspect identified,
cf0ed148f7780c4c56960fbabd63b96a86f8acf4d363a4082ac4ff4834e4c90d,2012-12,Wiltshire Police,Wiltshire Police,-2.195596,51.259797,On or near Willow Grove,E01032118,Wiltshire 040D,Violent crime,Local resolution,
,2012-12,Wiltshire Police,Wiltshire Police,-2.184266,51.261191,On or near Further/Higher Educational Building,E01032119,Wiltshire 040E,Anti-social behaviour,,
,2012-12,Wiltshire Police,Wiltshire Police,-2.184266,51.261191,On or near Further/Higher Educational Building,E01032119,Wiltshire 040E,Anti-social behaviour,,
,2012-12,Wiltshire Police,Wiltshire Police,-2.184266,51.261191,On or near Further/Higher Educational Building,E01032119,Wiltshire 040E,Anti-social behaviour,,
,2012-12,Wiltshire Police,Wiltshire Police,-2.184266,51.261191,On or near Further/Higher Educational Building,E01032119,Wiltshire 040E,Anti-social behaviour,,
,2012-12,Wiltshire Police,Wiltshire Police,-2.183746,51.260221,On or near Supermarket,E01032119,Wiltshire 040E,Anti-social behaviour,,
,2012-12,Wiltshire Police,Wiltshire Police,-2.180071,51.262097,On or near Alfred Street,E01032119,Wiltshire 040E,Anti-social behaviour,,
,2012-12,Wiltshire Police,Wiltshire Police,-2.184811,51.261136,On or near Parking Area,E01032119,Wiltshire 040E,Anti-social behaviour,,
625fd718ac44780e2f6dd8aa530e50131ff84763b3c0e546186fba27e7417c5c,2012-12,Wiltshire Police,Wiltshire Police,-2.182037,51.259109,On or near Parking Area,E01032119,Wiltshire 040E,Criminal damage and arson,Offender given a caution,
d1213fa900a38eb7900cc69f24de0fafd0da5bf830ce1212249e5419c239a4cd,2012-12,Wiltshire Police,Wiltshire Police,-2.180112,51.265442,On or near Teal Close,E01032119,Wiltshire 040E,Shoplifting,Court case unable to proceed,
bf043fef198ff0792154b8c3225ad1fc135d069e6733620f0d0aa4079d77287b,2012-12,Wiltshire Police,Wiltshire Police,-2.177384,51.260384,On or near Hillside Park,E01032119,Wiltshire 040E,Vehicle crime,Investigation complete; no suspect identified,
88c35d82ed1526fcd5c6b025f65c9ffe00a51e6c084a52b7ab8957d775457776,2012-12,Wiltshire Police,Wiltshire Police,-2.182037,51.259109,On or near Parking Area,E01032119,Wiltshire 040E,Violent crime,Offender given community sentence,
38814a43dd1a3a09ac839d0c40d2d6eb7f3a75e22e8cd28976ffacd029fc75fe,2012-12,Wiltshire Police,Wiltshire Police,-2.180071,51.262097,On or near Alfred Street,E01032119,Wiltshire 040E,Violent crime,Investigation complete; no suspect identified,
7d32520a66b87142a35dde79a39bdbe8c93232e18e1c2cc257cd41c06b99c96a,2012-12,Wiltshire Police,Wiltshire Police,-2.184476,51.259824,On or near Westbourne Road,E01032119,Wiltshire 040E,Violent crime,Investigation complete; no suspect identified,
074823458080fc9549a9f3c05e2da179b7fb3ae949720fcc72dd3590e0fd0118,2012-12,Wiltshire Police,Wiltshire Police,-2.182037,51.259109,On or near Parking Area,E01032119,Wiltshire 040E,Violent crime,Investigation complete; no suspect identified,
912857f8845ced313e27dc826075848c64e14246c40781ad40e222a4707e026a,2012-12,Wiltshire Police,Wiltshire Police,-2.183746,51.260221,On or near Supermarket,E01032119,Wiltshire 040E,Violent crime,Offender given conditional discharge,
,2012-12,Wiltshire Police,Wiltshire Police,-2.195438,51.252847,On or near Boulton Close,E01032694,Wiltshire 040G,Anti-social behaviour,,
dee9700bd67e38d31d02de89876223f3eaa222e377eea5e4f1b0167e0bbdd659,2012-12,Wiltshire Police,Wiltshire Police,-2.195438,51.252847,On or near Boulton Close,E01032694,Wiltshire 040G,Criminal damage and arson,Investigation complete; no suspect identified,
593e1cc0e0ef497e6ac61b24ad61d293c653fd3c050d63d3d96d1af0c51c306c,2012-12,Wiltshire Police,Wiltshire Police,-2.200405,51.251669,On or near Sandalwood Road,E01032694,Wiltshire 040G,Violent crime,Investigation complete; no suspect identified,
e576359aaf70d63d5db33d15dca77cf0e8b07eabc87978d80e2c522375be4b46,2012-12,Wiltshire Police,Wiltshire Police,-2.200405,51.251669,On or near Sandalwood Road,E01032694,Wiltshire 040G,Violent crime,Investigation complete; no suspect identified,
,2012-12,Wiltshire Police,Wiltshire Police,-2.189403,51.255797,On or near Leigh Road,E01032695,Wiltshire 040H,Anti-social behaviour,,
,2012-12,Wiltshire Police,Wiltshire Police,-2.190567,51.249528,On or near Dorney Close,E01032695,Wiltshire 040H,Anti-social behaviour,,
d1ae3095cf7c63897099ea6d943469b7e8f363e1d9632c756a2b9d1e6d90610a,2012-12,Wiltshire Police,Wiltshire Police,-2.186369,51.253032,On or near Leighton Lane,E01032695,Wiltshire 040H,Burglary,Investigation complete; no suspect identified,
408cf901521ecacf439f97d28037dcd5027b1e869e0ba42be7a1d97059f6bb29,2012-12,Wiltshire Police,Wiltshire Police,-2.185672,51.254490,On or near Leighton Green,E01032695,Wiltshire 040H,Violent crime,Investigation complete; no suspect identified,
,2012-12,Wiltshire Police,Wiltshire Police,-1.613005,51.255716,On or near Perham Crescent,E01031859,Wiltshire 041A,Anti-social behaviour,,
,2012-12,Wiltshire Police,Wiltshire Police,-1.613005,51.255716,On or near Perham Crescent,E01031859,Wiltshire 041A,Anti-social behaviour,,
,2012-12,Wiltshire Police,Wiltshire Police,-1.621870,51.256429,On or near Roy'S Close,E01031859,Wiltshire 041A,Anti-social behaviour,,
,2012-12,Wiltshire Police,Wiltshire Police,-1.614053,51.255513,On or near Short Street,E01031859,Wiltshire 041A,Anti-social behaviour,,
,2012-12,Wiltshire Police,Wiltshire Police,-1.621588,51.255879,On or near Levell Court,E01031859,Wiltshire 041A,Anti-social behaviour,,
,2012-12,Wiltshire Police,Wiltshire Police,-1.619971,51.255568,On or near Rawlings Court,E01031859,Wiltshire 041A,Anti-social behaviour,,
0b777d339619ed00219fe05cef82da649c070512a953fcce922a9e031bf5f024,2012-12,Wiltshire Police,Wiltshire Police,-1.617891,51.257540,On or near Recreation Road,E01031859,Wiltshire 041A,Burglary,Investigation complete; no suspect identified,
4d7f03f407f89686f75b6235f6538ac5c4e13cd8760064e545070a2af999e9d3,2012-12,Wiltshire Police,Wiltshire Police,-1.619318,51.254802,On or near Supermarket,E01031859,Wiltshire 041A,Criminal damage and arson,Investigation complete; no suspect identified,
8706ff7a2a65a229a3efca8b667fe88028613e9092709ae17ebe4cb233fedad0,2012-12,Wiltshire Police,Wiltshire Police,-1.622991,51.256001,On or near Parking Area,E01031859,Wiltshire 041A,Criminal damage and arson,Investigation complete; no suspect identified,
d8ffe8c98b7afcc20e8a448bd4d7972b31c86df159cb682e530f830ed6233b99,2012-12,Wiltshire Police,Wiltshire Police,-1.622157,51.256286,On or near High Street,E01031859,Wiltshire 041A,Other theft,Investigation complete; no suspect identified,
5c7ca353ee2718398642977a547853eb21c657126a2745ceac412ad4adabc262,2012-12,Wiltshire Police,Wiltshire Police,-1.619318,51.254802,On or near Supermarket,E01031859,Wiltshire 041A,Other theft,Investigation complete; no suspect identified,
eec3ee6e62c5665bd92b1349506fef4e41836e4257a04128d4164094ae97883a,2012-12,Wiltshire Police,Wiltshire Police,-1.621588,51.255879,On or near Levell Court,E01031859,Wiltshire 041A,Violent crime,Local resolution,
d4d9cef875161af4e13308a521805c99528bd3e1e6fdfcd6483fb424ba62c80c,2012-12,Wiltshire Police,Wiltshire Police,-1.617891,51.257540,On or near Recreation Road,E01031859,Wiltshire 041A,Violent crime,Investigation complete; no suspect identified,
3cea2f6c3d07f1cb35f44275a4506ed418003135942dc0547ca236ed359e7431,2012-12,Wiltshire Police,Wiltshire Police,-1.608971,51.254966,On or near Challis Court,E01031859,Wiltshire 041A,Violent crime,Offender given a caution,
7528db79cb76f5d2a4df2cb0d9dfcc9aec413ed7407dd602ce358597ac04a3c0,2012-12,Wiltshire Police,Wiltshire Police,-1.610782,51.255970,On or near Beard Court,E01031859,Wiltshire 041A,Violent crime,Investigation complete; no suspect identified,
,2012-12,Wiltshire Police,Wiltshire Police,-1.610957,51.253911,On or near Andover Road,E01031860,Wiltshire 041B,Anti-social behaviour,,
,2012-12,Wiltshire Police,Wiltshire Police,-1.624160,51.254943,On or near Astor Crescent,E01031878,Wiltshire 041C,Anti-social behaviour,,
e275be337d4792c3d5d53b4795c53f171fc22c7ae81ef1c3517bb69a12e482c3,2012-12,Wiltshire Police,Wiltshire Police,-1.641404,51.239486,On or near Lambdown Approach,E01031878,Wiltshire 041C,Other theft,Investigation complete; no suspect identified,
925e534bc5392fd297fe9602c72b8b1411dc1aa894e122d8da7759c444eb6f68,2012-12,Wiltshire Police,Wiltshire Police,-1.635572,51.245124,On or near Somme Road,E01031878,Wiltshire 041C,Violent crime,Local resolution,
814f553a4aa56bf95e278dfa7c74e7104c1393f31708af4e3572553fbf4c5a5d,2012-12,Wiltshire Police,Wiltshire Police,-1.625133,51.251575,On or near Johnson Way,E01031878,Wiltshire 041C,Violent crime,Investigation complete; no suspect identified,
be198f54fc4c650a3aefb3bd6790869e6770a8dfc80f16e8746a7a65a2b2fa43,2012-12,Wiltshire Police,Wiltshire Police,-1.635572,51.245124,On or near Somme Road,E01031878,Wiltshire 041C,Violent crime,Local resolution,
a80eacda690f85b6eb4770996f85e7c1eddda10d7fdd45fa54f885d8dd62e78a,2012-12,Wiltshire Police,Wiltshire Police,-1.674541,51.245050,On or near Churchill Close,E01031879,Wiltshire 041D,Other theft,Investigation complete; no suspect identified,
e744686974e011f802df27a41a1e16f225096868ea86c843efc0e43ad088d6ad,2012-12,Wiltshire Police,Wiltshire Police,-1.674541,51.245050,On or near Churchill Close,E01031879,Wiltshire 041D,Violent crime,Investigation complete; no suspect identified,
89bdb7248ba7c44ab8b4eaeee4f9aee187cb521e4166fd05d61593ac755f63d3,2012-12,Wiltshire Police,Wiltshire Police,-1.674541,51.245050,On or near Churchill Close,E01031879,Wiltshire 041D,Violent crime,Investigation complete; no suspect identified,
,2012-12,Wiltshire Police,Wiltshire Police,-1.661122,51.234564,On or near Station Road,E01031880,Wiltshire 041E,Anti-social behaviour,,
,2012-12,Wiltshire Police,Wiltshire Police,-1.656262,51.237094,On or near Connaught Road,E01031880,Wiltshire 041E,Anti-social behaviour,,
,2012-12,Wiltshire Police,Wiltshire Police,-1.661122,51.234564,On or near Station Road,E01031880,Wiltshire 041E,Anti-social behaviour,,
,2012-12,Wiltshire Police,Wiltshire Police,-1.661122,51.234564,On or near Station Road,E01031880,Wiltshire 041E,Anti-social behaviour,,
,2012-12,Wiltshire Police,Wiltshire Police,-1.662220,51.235322,On or near Supermarket,E01031880,Wiltshire 041E,Anti-social behaviour,,
d4008493576d5524d934aa3bc807f8171d0c29240daa3159c0dc5ce5fb8cf795,2012-12,Wiltshire Police,Wiltshire Police,-1.653206,51.239738,On or near Sycamore Close,E01031880,Wiltshire 041E,Vehicle crime,Investigation complete; no suspect identified,
3e5848e88ce3cee9010e104bcf2e8fae295471bfc74d9ab1e842d2b1cdcb5726,2012-12,Wiltshire Police,Wiltshire Police,-1.653206,51.239738,On or near Sycamore Close,E01031880,Wiltshire 041E,Vehicle crime,Investigation complete; no suspect identified,
3612aa83781c23c9b2c59bdc076067ae3ceacca4d61d4e6e3a0880ae6b4f997a,2012-12,Wiltshire Police,Wiltshire Police,-1.663853,51.235228,On or near Pennings Road,E01031880,Wiltshire 041E,Violent crime,Local resolution,
0e568bc0974c24a7a95362f6b5ff8b67c872888c9abe37310a6a92042bb4e2ee,2012-12,Wiltshire Police,Wiltshire Police,-1.653231,51.240124,On or near Forest Drive,E01031880,Wiltshire 041E,Violent crime,Investigation complete; no suspect identified,
7d75f9ca9bcf019b831967cb52cc0e7c47b4775dd34a182f04bde6be840c0dc4,2012-12,Wiltshire Police,Wiltshire Police,-1.656669,51.236295,On or near Kennet Road,E01031880,Wiltshire 041E,Violent crime,Offender given community sentence,
,2012-12,Wiltshire Police,Wiltshire Police,-1.664414,51.238871,On or near Petrol Station,E01032697,Wiltshire 041G,Anti-social behaviour,,
,2012-12,Wiltshire Police,Wiltshire Police,-1.662127,51.238136,On or near Ordnance Road,E01032697,Wiltshire 041G,Anti-social behaviour,,
,2012-12,Wiltshire Police,Wiltshire Police,-1.655438,51.240023,On or near Kennet Road,E01032697,Wiltshire 041G,Anti-social behaviour,,
,2012-12,Wiltshire Police,Wiltshire Police,-1.664414,51.238871,On or near Petrol Station,E01032697,Wiltshire 041G,Anti-social behaviour,,
,2012-12,Wiltshire Police,Wiltshire Police,-1.661975,51.237461,On or near Nadder Road,E01032697,Wiltshire 041G,Anti-social behaviour,,
,2012-12,Wiltshire Police,Wiltshire Police,-1.656873,51.239668,On or near The Royal Crescent,E01032697,Wiltshire 041G,Anti-social behaviour,,
ca71ede9bd72329d9df1d2aaa1a79f2e522c17ed7376c1580cfd6d282fbee60a,2012-12,Wiltshire Police,Wiltshire Police,-1.664414,51.238871,On or near Petrol Station,E01032697,Wiltshire 041G,Violent crime,Local resolution,
399690609aa643b961368099fde63c214507c16755834dfac95b8ab1b4c1e584,2012-12,Wiltshire Police,Wiltshire Police,-1.664414,51.238871,On or near Petrol Station,E01032697,Wiltshire 041G,Violent crime,Local resolution,
,2012-12,Wiltshire Police,Wiltshire Police,-1.667199,51.246019,On or near George Vi Road,E01032698,Wiltshire 041H,Anti-social behaviour,,
,2012-12,Wiltshire Police,Wiltshire Police,-1.666138,51.246034,On or near Sidbury Hill Avenue,E01032698,Wiltshire 041H,Anti-social behaviour,,
,2012-12,Wiltshire Police,Wiltshire Police,-1.662947,51.241601,On or near Ebble Close,E01032698,Wiltshire 041H,Anti-social behaviour,,
,2012-12,Wiltshire Police,Wiltshire Police,-1.669846,51.246476,On or near Collins Court,E01032698,Wiltshire 041H,Anti-social behaviour,,
,2012-12,Wiltshire Police,Wiltshire Police,-1.666846,51.245289,On or near Coronation Road,E01032698,Wiltshire 041H,Anti-social behaviour,,
207e6d8451cc58fd3c658751c7be91c8e284d29b510ecc50e744cfbb9a04ca85,2012-12,Wiltshire Police,Wiltshire Police,-1.669624,51.245405,On or near Gason Hill Road,E01032698,Wiltshire 041H,Burglary,Investigation complete; no suspect identified,
eaaa6cc1e2f6cb05676756a667619c30499858dc546eda62c30b4ce07bb16433,2012-12,Wiltshire Police,Wiltshire Police,-1.656333,51.242930,On or near Cherry Tree Avenue,E01032698,Wiltshire 041H,Violent crime,Investigation complete; no suspect identified,
8a89bfe0cd7fd47ad86bc8db15dd715b0bada5a3a2f0d28822b83596c106cdb1,2012-12,Wiltshire Police,Wiltshire Police,-1.657437,51.242825,On or near Chestnut Avenue,E01032698,Wiltshire 041H,Violent crime,Investigation complete; no suspect identified,
,2012-12,Wiltshire Police,Wiltshire Police,-2.154465,51.199469,On or near Corner Ground,E01032104,Wiltshire 042A,Anti-social behaviour,,
6b8acd9b0d6a9f0d21d43c0d01fe618bc629ce39e8558832d0666afb9489b787,2012-12,Wiltshire Police,Wiltshire Police,-2.158247,51.200669,On or near Boreham Field,E01032104,Wiltshire 042A,Criminal damage and arson,Investigation complete; no suspect identified,
68414aae601abf4799a662f8ad397b0d7ab3e4b075625f4a194f89090a6d9ef6,2012-12,Wiltshire Police,Wiltshire Police,-2.158247,51.200669,On or near Boreham Field,E01032104,Wiltshire 042A,Vehicle crime,Investigation complete; no suspect identified,
,2012-12,Wiltshire Police,Wiltshire Police,-2.169694,51.199754,On or near Canons Close,E01032105,Wiltshire 042B,Anti-social behaviour,,
7be76cba88b684d8e114f90c2fdd9735c16bf46f71edc17eb51bf83e17c49af0,2012-12,Wiltshire Police,Wiltshire Police,-2.173152,51.202185,On or near Boreham Close,E01032105,Wiltshire 042B,Burglary,Investigation complete; no suspect identified,
ea201553eb9b68d6f1c22a561e889202b05e41737c65f14abc835549056ddde3,2012-12,Wiltshire Police,Wiltshire Police,-2.172001,51.200542,On or near The Paddock,E01032105,Wiltshire 042B,Burglary,Investigation complete; no suspect identified,
7deeb5ee066b942f307d2c5965717f9350b7f754835fc3b424f682287bc2a653,2012-12,Wiltshire Police,Wiltshire Police,-2.173152,51.202185,On or near Boreham Close,E01032105,Wiltshire 042B,Criminal damage and arson,Investigation complete; no suspect identified,
aca89991884ecbaa6486ac9a33d53019f747e709dccda34fa189b1028d41f9de,2012-12,Wiltshire Police,Wiltshire Police,-2.173152,51.202185,On or near Boreham Close,E01032105,Wiltshire 042B,Drugs,Court result unavailable,
aaed8b308821fffd5a1a245a48f6940bab0305f2d5d5aa7d14e69271cbeddb1f,2012-12,Wiltshire Police,Wiltshire Police,-2.173152,51.202185,On or near Boreham Close,E01032105,Wiltshire 042B,Vehicle crime,Investigation complete; no suspect identified,
9bffa8095615f3c8726d49c57848c8d7444570079a1e26c042c297daa1a108ac,2012-12,Wiltshire Police,Wiltshire Police,-2.169694,51.199754,On or near Canons Close,E01032105,Wiltshire 042B,Violent crime,Investigation complete; no suspect identified,
d312c65016e028884a1471b838af40f48bb54052cc2f82e50d87f32b8f9d292e,2012-12,Wiltshire Police,Wiltshire Police,-2.173152,51.202185,On or near Boreham Close,E01032105,Wiltshire 042B,Violent crime,Offender given community sentence,
,2012-12,Wiltshire Police,Wiltshire Police,-2.163186,51.208926,On or near Pepper Place,E01032107,Wiltshire 042C,Anti-social behaviour,,
578d364447510f4685eddf10a4925c3ff078de4669b9ab77b5eefedd6e91665f,2012-12,Wiltshire Police,Wiltshire Police,-2.163186,51.208926,On or near Pepper Place,E01032107,Wiltshire 042C,Violent crime,Court result unavailable,
352515018aa6372f9fe0f8e1b5f9c1af6ae7ecbdc801e6be12b1b71ff2a1b667,2012-12,Wiltshire Police,Wiltshire Police,-2.163186,51.208926,On or near Pepper Place,E01032107,Wiltshire 042C,Violent crime,Offender given community sentence,
e5e60f620eb05c0894f0421c8b75a46c3c852d6ce21abc565bb569304099c443,2012-12,Wiltshire Police,Wiltshire Police,-2.163186,51.208926,On or near Pepper Place,E01032107,Wiltshire 042C,Violent crime,Court result unavailable,
,2012-12,Wiltshire Police,Wiltshire Police,-2.175463,51.207586,On or near Forage Lane,E01032108,Wiltshire 042D,Anti-social behaviour,,
,2012-12,Wiltshire Police,Wiltshire Police,-2.172532,51.204614,On or near Imberwood Close,E01032108,Wiltshire 042D,Anti-social behaviour,,
,2012-12,Wiltshire Police,Wiltshire Police,-2.172532,51.204614,On or near Imberwood Close,E01032108,Wiltshire 042D,Anti-social behaviour,,
,2012-12,Wiltshire Police,Wiltshire Police,-2.172532,51.204614,On or near Imberwood Close,E01032108,Wiltshire 042D,Anti-social behaviour,,
,2012-12,Wiltshire Police,Wiltshire Police,-2.171812,51.203464,On or near Robin Close,E01032108,Wiltshire 042D,Anti-social behaviour,,
,2012-12,Wiltshire Police,Wiltshire Police,-2.171812,51.203464,On or near Robin Close,E01032108,Wiltshire 042D,Anti-social behaviour,,
e42b90f72c9bc161fa5f6ee4fc08caf17c35b27b10c9f2ed50449722e93c40f4,2012-12,Wiltshire Police,Wiltshire Police,-2.176861,51.209940,On or near Orchard Close,E01032108,Wiltshire 042D,Burglary,Investigation complete; no suspect identified,
3469d47dc030fd205c2c2d45aecb8df0f18546f7051c4708de03a3e25024566f,2012-12,Wiltshire Police,Wiltshire Police,-2.178718,51.208885,On or near Beechgrove,E01032108,Wiltshire 042D,Criminal damage and arson,Investigation complete; no suspect identified,
6bc432f6ffb32e413e9cd6b9f3b0ec406b7a5122e8f2124a25da49868b498a14,2012-12,Wiltshire Police,Wiltshire Police,-2.176861,51.209940,On or near Orchard Close,E01032108,Wiltshire 042D,Criminal damage and arson,Investigation complete; no suspect identified,
d785388257c683d630c1667aa900e8fef0cb39715b09d68f3e5c022d905dc723,2012-12,Wiltshire Police,Wiltshire Police,-2.171812,51.203464,On or near Robin Close,E01032108,Wiltshire 042D,Other theft,Under investigation,
,2012-12,Wiltshire Police,Wiltshire Police,-2.197375,51.199962,On or near Supermarket,E01032110,Wiltshire 043A,Anti-social behaviour,,
,2012-12,Wiltshire Police,Wiltshire Police,-2.209022,51.202423,On or near Haygrove Farm Mews,E01032110,Wiltshire 043A,Anti-social behaviour,,
72b175033e1f9985d9dea84cfc303fa47396e0807549ea32937a4e1c4d11f399,2012-12,Wiltshire Police,Wiltshire Police,-2.215349,51.196378,On or near Tascroft,E01032110,Wiltshire 043A,Burglary,Investigation complete; no suspect identified,
ace8cc04aeaba58671ca012e7575cc604a640756af5ddca766a553d1de4000b8,2012-12,Wiltshire Police,Wiltshire Police,-2.215349,51.196378,On or near Tascroft,E01032110,Wiltshire 043A,Criminal damage and arson,Investigation complete; no suspect identified,
ecf08cc31170c185f9964975fcb81b1f7c3010cf990cd192a5f4e6d5bf674c53,2012-12,Wiltshire Police,Wiltshire Police,-2.203018,51.204142,On or near Swaledale Road,E01032110,Wiltshire 043A,Criminal damage and arson,Investigation complete; no suspect identified,
bd228bafb1b6ec010007b1304de07e6cca7fddc434a3b6be83b9dd73f446adc8,2012-12,Wiltshire Police,Wiltshire Police,-2.197375,51.199962,On or near Supermarket,E01032110,Wiltshire 043A,Criminal damage and arson,Local resolution,
c2d4751dbd13d6f0712b8b4dd58702d80562864a767ca4bff486f24cf4afcb53,2012-12,Wiltshire Police,Wiltshire Police,-2.215349,51.196378,On or near Tascroft,E01032110,Wiltshire 043A,Other theft,Investigation complete; no suspect identified,
b30470e0a12d1bee2581d2de6742b0d9f1df33d38b48c6f664242ae98b9ecbaf,2012-12,Wiltshire Police,Wiltshire Police,-2.215349,51.196378,On or near Tascroft,E01032110,Wiltshire 043A,Other theft,Investigation complete; no suspect identified,
b8c7c4317e8c9d2b8185c250f62a6962c8b1237fdc819c42f546401f251355c4,2012-12,Wiltshire Police,Wiltshire Police,-2.215349,51.196378,On or near Tascroft,E01032110,Wiltshire 043A,Other theft,Investigation complete; no suspect identified,
073c6c9ae68f9c83a71d2e46df629c536af778b8eb6724a45b388ea1a1ffdb5d,2012-12,Wiltshire Police,Wiltshire Police,-2.215349,51.196378,On or near Tascroft,E01032110,Wiltshire 043A,Other theft,Investigation complete; no suspect identified,
01643122b645b5f437cee2cf0b81b82393b8be95e760a68dbdc24c37e6401707,2012-12,Wiltshire Police,Wiltshire Police,-2.215349,51.196378,On or near Tascroft,E01032110,Wiltshire 043A,Other theft,Investigation complete; no suspect identified,
b346a9235af42309f50661aeeacb89fbeeb8cc2f88bde3136491e2d99d820116,2012-12,Wiltshire Police,Wiltshire Police,-2.203018,51.204142,On or near Swaledale Road,E01032110,Wiltshire 043A,Violent crime,Investigation complete; no suspect identified,
,2012-12,Wiltshire Police,Wiltshire Police,-2.184306,51.210189,On or near Epping Close,E01032111,Wiltshire 043B,Anti-social behaviour,,
,2012-12,Wiltshire Police,Wiltshire Police,-2.186439,51.213666,On or near Arn View,E01032111,Wiltshire 043B,Anti-social behaviour,,
,2012-12,Wiltshire Police,Wiltshire Police,-2.185440,51.207409,On or near Manor Gardens,E01032111,Wiltshire 043B,Anti-social behaviour,,
,2012-12,Wiltshire Police,Wiltshire Police,-2.185029,51.212103,On or near Quantock Close,E01032111,Wiltshire 043B,Anti-social behaviour,,
,2012-12,Wiltshire Police,Wiltshire Police,-2.193040,51.213970,On or near Roman Way,E01032111,Wiltshire 043B,Anti-social behaviour,,
a15d1d8968f7dbac7cafc9b4a79faa8007ee0665be05d3d567cf44d7b6311d25,2012-12,Wiltshire Police,Wiltshire Police,-2.183794,51.211044,On or near Malvern Close,E01032111,Wiltshire 043B,Drugs,Offender given a drugs possession warning,
45ff8edbaee2a0ce8d3b2bc81df23ad5cf523a355a3343ac2a5653c54ad59666,2012-12,Wiltshire Police,Wiltshire Police,-2.182558,51.209868,On or near Chiltern Close,E01032111,Wiltshire 043B,Drugs,Offender given penalty notice,
c242adc6f69e83a3ec25564439d7494b31de079577fff7a3635b9a7f767674e8,2012-12,Wiltshire Police,Wiltshire Police,-2.182558,51.209868,On or near Chiltern Close,E01032111,Wiltshire 043B,Drugs,Offender given penalty notice,
f368406d7e6546c4324e310072bfdcbbaadc5c2f8a610a6a3bc31443f33ef50f,2012-12,Wiltshire Police,Wiltshire Police,-2.184636,51.214055,On or near The Woodlands,E01032111,Wiltshire 043B,Other theft,Investigation complete; no suspect identified,
da9e5839c6506604f4aeb7fd35ecf3428c0f275b47fa0d8a3e2b085be5787a21,2012-12,Wiltshire Police,Wiltshire Police,-2.184204,51.209803,On or near Portway Lane,E01032111,Wiltshire 043B,Violent crime,Court case unable to proceed,
422fb6e1334ed67ea4339f5215929048bd1a75153c459dc35bc62a4ff1defb28,2012-12,Wiltshire Police,Wiltshire Police,-2.184204,51.209803,On or near Portway Lane,E01032111,Wiltshire 043B,Violent crime,Court case unable to proceed,
,2012-12,Wiltshire Police,Wiltshire Police,-2.195187,51.203724,On or near West Street,E01032112,Wiltshire 043C,Anti-social behaviour,,
,2012-12,Wiltshire Police,Wiltshire Police,-2.193311,51.203655,On or near Pound Row,E01032112,Wiltshire 043C,Anti-social behaviour,,
,2012-12,Wiltshire Police,Wiltshire Police,-2.195187,51.203724,On or near West Street,E01032112,Wiltshire 043C,Anti-social behaviour,,
,2012-12,Wiltshire Police,Wiltshire Police,-2.200742,51.204003,On or near Pampas Court,E01032112,Wiltshire 043C,Anti-social behaviour,,
,2012-12,Wiltshire Police,Wiltshire Police,-2.195187,51.203724,On or near West Street,E01032112,Wiltshire 043C,Anti-social behaviour,,
,2012-12,Wiltshire Police,Wiltshire Police,-2.198529,51.205265,On or near Primrose Walk,E01032112,Wiltshire 043C,Anti-social behaviour,,
,2012-12,Wiltshire Police,Wiltshire Police,-2.200213,51.204255,On or near Upton Close,E01032112,Wiltshire 043C,Anti-social behaviour,,
,2012-12,Wiltshire Police,Wiltshire Police,-2.195187,51.203724,On or near West Street,E01032112,Wiltshire 043C,Anti-social behaviour,,
0b84adfb2d619816cc12dc5c69ef15b0403647d305946ef93c33187cb0af9455,2012-12,Wiltshire Police,Wiltshire Police,-2.198422,51.203782,On or near Luxfield Road,E01032112,Wiltshire 043C,Criminal damage and arson,Investigation complete; no suspect identified,
58f55702c3ea822a9e41a3011b32b78c2a044b7f7ae3a159646803cb09d60d1f,2012-12,Wiltshire Police,Wiltshire Police,-2.193311,51.203655,On or near Pound Row,E01032112,Wiltshire 043C,Violent crime,Investigation complete; no suspect identified,
,2012-12,Wiltshire Police,Wiltshire Police,-2.195804,51.200729,On or near Middleton Close,E01032113,Wiltshire 043D,Anti-social behaviour,,
,2012-12,Wiltshire Police,Wiltshire Police,-2.194380,51.202413,On or near Westleigh,E01032113,Wiltshire 043D,Anti-social behaviour,,
79c9b5c8c53a42ea4acd16ceaa9b47594c7d2d055ee52c96e9f6ec473cb97d4c,2012-12,Wiltshire Police,Wiltshire Police,-2.193332,51.201812,On or near Pound Street,E01032113,Wiltshire 043D,Criminal damage and arson,Investigation complete; no suspect identified,
,2012-12,Wiltshire Police,Wiltshire Police,-2.183388,51.202610,On or near Weymouth Street,E01032103,Wiltshire 044A,Anti-social behaviour,,
,2012-12,Wiltshire Police,Wiltshire Police,-2.180693,51.205258,On or near Shopping Area,E01032103,Wiltshire 044A,Anti-social behaviour,,
,2012-12,Wiltshire Police,Wiltshire Police,-2.182826,51.205255,On or near High Street,E01032103,Wiltshire 044A,Anti-social behaviour,,
,2012-12,Wiltshire Police,Wiltshire Police,-2.180932,51.203981,On or near Parking Area,E01032103,Wiltshire 044A,Anti-social behaviour,,
,2012-12,Wiltshire Police,Wiltshire Police,-2.179208,51.202392,On or near The Ridgeway,E01032103,Wiltshire 044A,Anti-social behaviour,,
,2012-12,Wiltshire Police,Wiltshire Police,-2.179145,51.204748,On or near The Cornmarket,E01032103,Wiltshire 044A,Anti-social behaviour,,
,2012-12,Wiltshire Police,Wiltshire Police,-2.180576,51.204566,On or near Shopping Area,E01032103,Wiltshire 044A,Anti-social behaviour,,
,2012-12,Wiltshire Police,Wiltshire Police,-2.182182,51.205256,On or near Theatre/Concert Hall,E01032103,Wiltshire 044A,Anti-social behaviour,,
,2012-12,Wiltshire Police,Wiltshire Police,-2.180025,51.206491,On or near Parking Area,E01032103,Wiltshire 044A,Anti-social behaviour,,
,2012-12,Wiltshire Police,Wiltshire Police,-2.179145,51.204748,On or near The Cornmarket,E01032103,Wiltshire 044A,Anti-social behaviour,,
,2012-12,Wiltshire Police,Wiltshire Police,-2.180576,51.204566,On or near Shopping Area,E01032103,Wiltshire 044A,Anti-social behaviour,,
,2012-12,Wiltshire Police,Wiltshire Police,-2.180576,51.204566,On or near Shopping Area,E01032103,Wiltshire 044A,Anti-social behaviour,,
,2012-12,Wiltshire Police,Wiltshire Police,-2.179145,51.204748,On or near The Cornmarket,E01032103,Wiltshire 044A,Anti-social behaviour,,
,2012-12,Wiltshire Police,Wiltshire Police,-2.180147,51.204693,On or near Market Place,E01032103,Wiltshire 044A,Anti-social behaviour,,
,2012-12,Wiltshire Police,Wiltshire Police,-2.180693,51.205258,On or near Shopping Area,E01032103,Wiltshire 044A,Anti-social behaviour,,
,2012-12,Wiltshire Police,Wiltshire Police,-2.175877,51.203548,On or near Furlong,E01032103,Wiltshire 044A,Anti-social behaviour,,
,2012-12,Wiltshire Police,Wiltshire Police,-2.180693,51.205258,On or near Shopping Area,E01032103,Wiltshire 044A,Anti-social behaviour,,
,2012-12,Wiltshire Police,Wiltshire Police,-2.180147,51.204693,On or near Market Place,E01032103,Wiltshire 044A,Anti-social behaviour,,
,2012-12,Wiltshire Police,Wiltshire Police,-2.182182,51.205256,On or near Theatre/Concert Hall,E01032103,Wiltshire 044A,Anti-social behaviour,,
,2012-12,Wiltshire Police,Wiltshire Police,-2.180147,51.204693,On or near Market Place,E01032103,Wiltshire 044A,Anti-social behaviour,,
,2012-12,Wiltshire Police,Wiltshire Police,-2.180576,51.204566,On or near Shopping Area,E01032103,Wiltshire 044A,Anti-social behaviour,,
,2012-12,Wiltshire Police,Wiltshire Police,-2.177774,51.205505,On or near Station Road,E01032103,Wiltshire 044A,Anti-social behaviour,,
36793a5341945a3416182e5785d9a373bbe282efb9a07c1d040413959945ad71,2012-12,Wiltshire Police,Wiltshire Police,-2.176442,51.201434,On or near Plants Green,E01032103,Wiltshire 044A,Burglary,Investigation complete; no suspect identified,
d92d7d5d549df3bea451770ef23f3abef568f3028d6fc4920118c265ff3a7ac5,2012-12,Wiltshire Police,Wiltshire Police,-2.175438,51.204745,On or near Cotton House Gardens,E01032103,Wiltshire 044A,Burglary,Investigation complete; no suspect identified,
35d53e4cd64c263a23958066d26939cea57ef8e6d91a1fc27806394373579e4c,2012-12,Wiltshire Police,Wiltshire Police,-2.175438,51.204745,On or near Cotton House Gardens,E01032103,Wiltshire 044A,Criminal damage and arson,Investigation complete; no suspect identified,
40ae23777b9ef051bb63c5a26e1de3b60a4926a67ab39b8d1de0783e4b7fe9a8,2012-12,Wiltshire Police,Wiltshire Police,-2.180576,51.204566,On or near Shopping Area,E01032103,Wiltshire 044A,Criminal damage and arson,Local resolution,
d4432b9518f945db91fcaf2e4b5e0b20fd3ed3d779d8e4ec9bc7577aea5af220,2012-12,Wiltshire Police,Wiltshire Police,-2.182182,51.205256,On or near Theatre/Concert Hall,E01032103,Wiltshire 044A,Criminal damage and arson,Investigation complete; no suspect identified,
b2feef4ab61d4db18d112482eb33dfd504cbd439b4b899a9e102e1bf96cc53c2,2012-12,Wiltshire Police,Wiltshire Police,-2.180932,51.203981,On or near Parking Area,E01032103,Wiltshire 044A,Drugs,Offender given a drugs possession warning,
b70a97df5ca113c3aec7b7688af5a99820a9587e68fc27aa7a5fdd3958093587,2012-12,Wiltshire Police,Wiltshire Police,-2.182185,51.205993,On or near The Close,E01032103,Wiltshire 044A,Other theft,Investigation complete; no suspect identified,
28cae1c8a87d4d3513480f6d96b5f3c65670ced40bd347b208579d5898269b2e,2012-12,Wiltshire Police,Wiltshire Police,-2.182826,51.205255,On or near High Street,E01032103,Wiltshire 044A,Public disorder and weapons,Defendant found not guilty,
0ba2bda31a6906872850de97e4db80a58db22b1a94f8426bf9c84cdeaad05639,2012-12,Wiltshire Police,Wiltshire Police,-2.180147,51.204693,On or near Market Place,E01032103,Wiltshire 044A,Shoplifting,Investigation complete; no suspect identified,
a6c14245e90828acb29f988bc2b30070427c77e33a534dae5bee1108faf15f42,2012-12,Wiltshire Police,Wiltshire Police,-2.183284,51.205290,On or near Shopping Area,E01032103,Wiltshire 044A,Shoplifting,Investigation complete; no suspect identified,
4fe269c7783f176ca3a3bd046579951ff954468702ef4c968ecc548c05736515,2012-12,Wiltshire Police,Wiltshire Police,-2.180147,51.204693,On or near Market Place,E01032103,Wiltshire 044A,Shoplifting,Court case unable to proceed,
b175bbf8ae26a2aad68587f3a40960acc56c4ceb1c9a03e70f0c17f720cc5508,2012-12,Wiltshire Police,Wiltshire Police,-2.177774,51.205505,On or near Station Road,E01032103,Wiltshire 044A,Shoplifting,Investigation complete; no suspect identified,
f4ef8c6c511ef9d8f3b1427e99a92a223ee48cbadb55874b433df244146fdd22,2012-12,Wiltshire Police,Wiltshire Police,-2.175438,51.204745,On or near Cotton House Gardens,E01032103,Wiltshire 044A,Shoplifting,Investigation complete; no suspect identified,
d0b651620965400be77b9d883024395481d729c70ef6c6444c36fea3b443e1c4,2012-12,Wiltshire Police,Wiltshire Police,-2.180693,51.205258,On or near Shopping Area,E01032103,Wiltshire 044A,Violent crime,Investigation complete; no suspect identified,
8ea243123cb94a277452a5e3e631bee3018ec86c7a277be20f4adee9f3d02483,2012-12,Wiltshire Police,Wiltshire Police,-2.180576,51.204566,On or near Shopping Area,E01032103,Wiltshire 044A,Violent crime,Investigation complete; no suspect identified,
a41cd65f83e6d47f64363e0e504494f9fc0ab27c2bee65a278c53cfd8278c074,2012-12,Wiltshire Police,Wiltshire Police,-2.180693,51.205258,On or near Shopping Area,E01032103,Wiltshire 044A,Violent crime,Investigation complete; no suspect identified,
06b73c272fc806d8b8b8504736b2d197e2eb5b2d32ef08ce24a2aab404c660a1,2012-12,Wiltshire Police,Wiltshire Police,-2.176635,51.203349,On or near East Street,E01032103,Wiltshire 044A,Violent crime,Offender given a caution,
10b0753df89a94fa80f4c50af441d723c77dbc4042dba811c876fe728e5ebb75,2012-12,Wiltshire Police,Wiltshire Police,-2.180147,51.204693,On or near Market Place,E01032103,Wiltshire 044A,Violent crime,Offender given conditional discharge,
a62c0eacc1662943ead66c2daf3e230091e1929407f5c80930553c01875acaf0,2012-12,Wiltshire Police,Wiltshire Police,-2.175438,51.204745,On or near Cotton House Gardens,E01032103,Wiltshire 044A,Violent crime,Under investigation,
b1c462726691501825e746cc3bfc49c2b0275e637f5c668cd5afd609c8e340e9,2012-12,Wiltshire Police,Wiltshire Police,-2.176635,51.203349,On or near East Street,E01032103,Wiltshire 044A,Violent crime,Under investigation,
165acb2d5e651e9fa1d8891497d38b5fcd5dc0c5c67a991f29b2137281af1783,2012-12,Wiltshire Police,Wiltshire Police,-2.180693,51.205258,On or near Shopping Area,E01032103,Wiltshire 044A,Violent crime,Investigation complete; no suspect identified,
070ee1d1a0a89dc0ee36457a349634868d435ac5df6bb36356a0124bd535b63a,2012-12,Wiltshire Police,Wiltshire Police,-2.177774,51.205505,On or near Station Road,E01032103,Wiltshire 044A,Violent crime,Court case unable to proceed,
,2012-12,Wiltshire Police,Wiltshire Police,-2.181266,51.198064,On or near Damask Way,E01032106,Wiltshire 044B,Anti-social behaviour,,
,2012-12,Wiltshire Police,Wiltshire Police,-2.190647,51.199685,On or near Daniell Crest,E01032109,Wiltshire 044C,Anti-social behaviour,,
957d2d97532636020df828a4eb953daca480e8095a820d94fa630fb202b5f758,2012-12,Wiltshire Police,Wiltshire Police,-2.194845,51.194014,On or near Bradley Close,E01032109,Wiltshire 044C,Criminal damage and arson,Offender ordered to pay compensation,
218ea2e37315a8fe7ff50d4604a8f19602318788404a3650a6cdef28d640af99,2012-12,Wiltshire Police,Wiltshire Police,-2.187613,51.199780,On or near Christchurch Terrace,E01032109,Wiltshire 044C,Criminal damage and arson,Investigation complete; no suspect identified,
b6bb9ab2cbd8a11b6d952f34776a24bbbc2bacab80b149f3cb1b4c504c7c8d88,2012-12,Wiltshire Police,Wiltshire Police,-2.187613,51.199780,On or near Christchurch Terrace,E01032109,Wiltshire 044C,Criminal damage and arson,Investigation complete; no suspect identified,
bd520e9f9d2a4a5dbd6446d6bc08cf01652aa46a73b93f1b1c6ece050ed06c01,2012-12,Wiltshire Police,Wiltshire Police,-2.194049,51.195148,On or near The Heathlands,E01032109,Wiltshire 044C,Other theft,Investigation complete; no suspect identified,
40beb8d69af905e70997ffcaaf3fc488fec27a89fa63b801cb91623f2d32d396,2012-12,Wiltshire Police,Wiltshire Police,-2.194049,51.195148,On or near The Heathlands,E01032109,Wiltshire 044C,Other theft,Investigation complete; no suspect identified,
ceb8f40b327a42a8ec4979a06dcb5661c7afe841288788fd43fbd2e5d1acbc01,2012-12,Wiltshire Police,Wiltshire Police,-2.194049,51.195148,On or near The Heathlands,E01032109,Wiltshire 044C,Other theft,Investigation complete; no suspect identified,
9ab347a9b67f45c59344ef1dd8c617e8cf01bfc6f84f10d2bc3bfdd6252c414e,2012-12,Wiltshire Police,Wiltshire Police,-2.188318,51.200552,On or near The Beeches,E01032109,Wiltshire 044C,Other crime,Local resolution,
,2012-12,Wiltshire Police,Wiltshire Police,-2.182754,51.208825,On or near The Mead,E01032114,Wiltshire 044D,Anti-social behaviour,,
,2012-12,Wiltshire Police,Wiltshire Police,-2.184702,51.205468,On or near George Street,E01032114,Wiltshire 044D,Anti-social behaviour,,
,2012-12,Wiltshire Police,Wiltshire Police,-2.183494,51.203986,On or near Parking Area,E01032114,Wiltshire 044D,Anti-social behaviour,,
,2012-12,Wiltshire Police,Wiltshire Police,-2.184702,51.205468,On or near George Street,E01032114,Wiltshire 044D,Anti-social behaviour,,
,2012-12,Wiltshire Police,Wiltshire Police,-2.186920,51.205257,On or near Silver Street,E01032114,Wiltshire 044D,Anti-social behaviour,,
,2012-12,Wiltshire Police,Wiltshire Police,-2.183494,51.203986,On or near Parking Area,E01032114,Wiltshire 044D,Anti-social behaviour,,
,2012-12,Wiltshire Police,Wiltshire Police,-2.192639,51.200276,On or near Alcock Crest,E01032114,Wiltshire 044D,Anti-social behaviour,,
,2012-12,Wiltshire Police,Wiltshire Police,-2.183494,51.203986,On or near Parking Area,E01032114,Wiltshire 044D,Anti-social behaviour,,
,2012-12,Wiltshire Police,Wiltshire Police,-2.183494,51.203986,On or near Parking Area,E01032114,Wiltshire 044D,Anti-social behaviour,,
,2012-12,Wiltshire Police,Wiltshire Police,-2.183494,51.203986,On or near Parking Area,E01032114,Wiltshire 044D,Anti-social behaviour,,
,2012-12,Wiltshire Police,Wiltshire Police,-2.183494,51.203986,On or near Parking Area,E01032114,Wiltshire 044D,Anti-social behaviour,,
4b322a0d65a53b848d67a1855e206acde1e0df31f0db66a1a615a339be2f0fe8,2012-12,Wiltshire Police,Wiltshire Police,-2.192639,51.200276,On or near Alcock Crest,E01032114,Wiltshire 044D,Burglary,Investigation complete; no suspect identified,
48a0d17ae79450249659f5c84bd0fc7e4186085bb90cde2be5e7cf0a1245d2ac,2012-12,Wiltshire Police,Wiltshire Police,-2.184317,51.205873,On or near George Street Place,E01032114,Wiltshire 044D,Burglary,Investigation complete; no suspect identified,
e5774e67b1e153d9ee0db5b78be66323baedf77c078c919765d6959ac1363ac8,2012-12,Wiltshire Police,Wiltshire Police,-2.188621,51.201334,On or near Lyme Avenue,E01032114,Wiltshire 044D,Criminal damage and arson,Investigation complete; no suspect identified,
aca703f912e0b7416a01a16d3e532b9bb9010e2a799111a8b6b6e4617a4ba6ac,2012-12,Wiltshire Police,Wiltshire Police,-2.186920,51.205257,On or near Silver Street,E01032114,Wiltshire 044D,Criminal damage and arson,Investigation complete; no suspect identified,
ab04e225282081dc63d469a79047dee941c2da1ac8d4e9148913280933ad359b,2012-12,Wiltshire Police,Wiltshire Police,-2.184317,51.205873,On or near George Street Place,E01032114,Wiltshire 044D,Drugs,Offender given conditional discharge,
f2b3026e59a801281eea514696113dbae16af66a45c6c1c58ef847366ea0ab4e,2012-12,Wiltshire Police,Wiltshire Police,-2.183494,51.203986,On or near Parking Area,E01032114,Wiltshire 044D,Other theft,Investigation complete; no suspect identified,
f89862c68dad7f678d12cc52e0706963a82d6b8b2f943b429c61e776dd83fab3,2012-12,Wiltshire Police,Wiltshire Police,-2.190010,51.204839,On or near Vicarage Street,E01032114,Wiltshire 044D,Other theft,Court result unavailable,
ea4c078195f89bdfaaecfaccec0c9bd5f975a6aa95bfbaefa9c0b971208142e4,2012-12,Wiltshire Police,Wiltshire Police,-2.192639,51.200276,On or near Alcock Crest,E01032114,Wiltshire 044D,Violent crime,Investigation complete; no suspect identified,
,2012-12,Wiltshire Police,Wiltshire Police,-1.729843,51.180943,On or near Parking Area,E01031988,Wiltshire 045B,Anti-social behaviour,,
,2012-12,Wiltshire Police,Wiltshire Police,-1.815409,51.195650,On or near Block Road,E01031998,Wiltshire 045C,Anti-social behaviour,,
,2012-12,Wiltshire Police,Wiltshire Police,-1.816327,51.191623,On or near Fargo Road,E01031998,Wiltshire 045C,Anti-social behaviour,,
,2012-12,Wiltshire Police,Wiltshire Police,-1.795786,51.193072,On or near Tombs Road,E01031998,Wiltshire 045C,Anti-social behaviour,,
bf0260ac3e55e95ef1ee6b9fdc74a3001383e947b84a658b7b9cff3bba1e20b2,2012-12,Wiltshire Police,Wiltshire Police,-1.822558,51.193691,On or near Armitage Square,E01031998,Wiltshire 045C,Burglary,Investigation complete; no suspect identified,
e90e5dcf7abd3b40f822862b7b73912a0faaff23e2d55b340a8ec9cc751a3450,2012-12,Wiltshire Police,Wiltshire Police,-1.800106,51.196694,On or near Biddulph Road,E01031998,Wiltshire 045C,Criminal damage and arson,Investigation complete; no suspect identified,
9b9248d1bb29c87c3cba0b6dd226dbbc28227ee7f8d9af84d119053edd7a77e1,2012-12,Wiltshire Police,Wiltshire Police,-1.816586,51.194689,On or near Alanbrooke Road,E01031998,Wiltshire 045C,Criminal damage and arson,Investigation complete; no suspect identified,
77b5cdda3c92f031e274ed34e4ad910098a9b2b784416323b622a397c8d9758c,2012-12,Wiltshire Police,Wiltshire Police,-1.818185,51.199386,On or near Cator Road,E01031998,Wiltshire 045C,Other theft,Investigation complete; no suspect identified,
7533b01bc0f88a43d5434d8b430462e5e0973a8b67c732a905ee2c48de143448,2012-12,Wiltshire Police,Wiltshire Police,-1.816586,51.194689,On or near Alanbrooke Road,E01031998,Wiltshire 045C,Other theft,Investigation complete; no suspect identified,
2f0859904bd37aea42ccd4d2f3e8b2c18a8c364a00c781a07e6012f60e5d7f6f,2012-12,Wiltshire Police,Wiltshire Police,-1.820499,51.193221,On or near Graham Square,E01031998,Wiltshire 045C,Public disorder and weapons,Investigation complete; no suspect identified,
741e080124284d3fd112bd0a219ecd0f5ff89a26b4f453954d6515c467a553b6,2012-12,Wiltshire Police,Wiltshire Police,-1.815058,51.197456,On or near Parking Area,E01031998,Wiltshire 045C,Vehicle crime,Investigation complete; no suspect identified,
7a468bcdcd0b022760306b924b1a91cba5ffb0cbed9ce2125c884d3214418dac,2012-12,Wiltshire Police,Wiltshire Police,-1.820499,51.193221,On or near Graham Square,E01031998,Wiltshire 045C,Violent crime,Investigation complete; no suspect identified,
1ecdbc005338178c78b56f3bb9a7e1b5598820b91dd3a8ec2aabef9c5dcf929e,2012-12,Wiltshire Police,Wiltshire Police,-1.815061,51.196809,On or near Howard-Vyse Road,E01031998,Wiltshire 045C,Violent crime,Offender given a caution,
f5454a5381a62aad257ef9f8b7feef45631546a856230b7ad400b143ee2abe1e,2012-12,Wiltshire Police,Wiltshire Police,-1.815061,51.196809,On or near Howard-Vyse Road,E01031998,Wiltshire 045C,Violent crime,Offender given a caution,
d54a9897c21c93756bdaa166081400178735368624f86ec59097477ecd276431,2012-12,Wiltshire Police,Wiltshire Police,-1.817984,51.192380,On or near Douglas Brown'S Walk,E01031998,Wiltshire 045C,Violent crime,Offender given a caution,
d67fae059a4b415a769a3b9a04a354523a23df71a8982103dd612e36f0dad863,2012-12,Wiltshire Police,Wiltshire Police,-1.815409,51.195650,On or near Block Road,E01031998,Wiltshire 045C,Violent crime,Investigation complete; no suspect identified,
c2df0542d129c9fff232f89ccfad7c61a2a97a0b3c14ab56a071f7bbafe8fa24,2012-12,Wiltshire Police,Wiltshire Police,-1.815864,51.196307,On or near Cocks Close,E01031998,Wiltshire 045C,Violent crime,Investigation complete; no suspect identified,
,2012-12,Wiltshire Police,Wiltshire Police,-1.900583,51.191697,On or near Hilltop Close,E01032026,Wiltshire 045D,Anti-social behaviour,,
,2012-12,Wiltshire Police,Wiltshire Police,-1.902725,51.193560,On or near Parsons Green,E01032026,Wiltshire 045D,Anti-social behaviour,,
,2012-12,Wiltshire Police,Wiltshire Police,-1.900583,51.191697,On or near Hilltop Close,E01032026,Wiltshire 045D,Anti-social behaviour,,
,2012-12,Wiltshire Police,Wiltshire Police,-1.903425,51.194056,On or near Cathrine Court,E01032026,Wiltshire 045D,Anti-social behaviour,,
,2012-12,Wiltshire Police,Wiltshire Police,-1.900583,51.191697,On or near Hilltop Close,E01032026,Wiltshire 045D,Anti-social behaviour,,
d1e4ebe34d500c7f56edd412088fc731274ee4fc4e4c62c6b3dae856600d3c3a,2012-12,Wiltshire Police,Wiltshire Police,-1.891563,51.169155,On or near Petrol Station,E01032026,Wiltshire 045D,Burglary,Investigation complete; no suspect identified,
6a3714b008f160cf24aca4067b5e1696f909ae80640770d24793231c09acf32b,2012-12,Wiltshire Police,Wiltshire Police,-1.900583,51.191697,On or near Hilltop Close,E01032026,Wiltshire 045D,Other theft,Investigation complete; no suspect identified,
dac42ddecf3ae69347d188dc205cfa66785b34db94280963b4b746bad82ee1a3,2012-12,Wiltshire Police,Wiltshire Police,-1.902647,51.196744,On or near High Street,E01032026,Wiltshire 045D,Public disorder and weapons,Investigation complete; no suspect identified,
,2012-12,Wiltshire Police,Wiltshire Police,-1.734232,51.191456,On or near Marlborough Road,E01032696,Wiltshire 045F,Anti-social behaviour,,
,2012-12,Wiltshire Police,Wiltshire Police,-1.878247,51.201630,On or near The Packway,E01032696,Wiltshire 045F,Anti-social behaviour,,
f86332a876b39e60670bbcc349bc7eabc9e391bf6364a40fd29bf14576b57c0e,2012-12,Wiltshire Police,Wiltshire Police,-1.899123,51.198233,On or near Far View Road,E01032696,Wiltshire 045F,Burglary,Investigation complete; no suspect identified,
3c54bfcbfb68239f9a471138a9b2364c31701ec09e53611a73db33176d0cadc5,2012-12,Wiltshire Police,Wiltshire Police,-1.781426,51.224698,On or near Pollen Close,E01032696,Wiltshire 045F,Burglary,Investigation complete; no suspect identified,
7fe8325b4157c82884508af492ba14651411fea37fe8baa46185d638cdeb325c,2012-12,Wiltshire Police,Wiltshire Police,-1.954578,51.230711,On or near High Street,E01032696,Wiltshire 045F,Criminal damage and arson,Investigation complete; no suspect identified,
f8a5868e2c6445b6923038d90b0b19e731e3461f1a33c7ab51945245b3c41d3b,2012-12,Wiltshire Police,Wiltshire Police,-1.781426,51.224698,On or near Pollen Close,E01032696,Wiltshire 045F,Other theft,Investigation complete; no suspect identified,
63ee2388727417f345f891f6cbc6adf8b4fc6907afa7d9ba7f66bd8cd78be413,2012-12,Wiltshire Police,Wiltshire Police,-1.781896,51.237485,On or near Choulston Close,E01032696,Wiltshire 045F,Vehicle crime,Investigation complete; no suspect identified,
adfd01e981bd768eb3e9e675fe80ea1e84f75dd723746a81bfba6de72a6bc617,2012-12,Wiltshire Police,Wiltshire Police,-1.781426,51.224698,On or near Pollen Close,E01032696,Wiltshire 045F,Vehicle crime,Investigation complete; no suspect identified,
0a9873b11be19facdf44161938dbe3fbb65ce474a7bc9ffe546ce124197cdc5f,2012-12,Wiltshire Police,Wiltshire Police,-1.904660,51.199092,On or near The Hollow,E01032696,Wiltshire 045F,Violent crime,Investigation complete; no suspect identified,
f43d56e09f1d695f2f4f5203626f31fc5d758617c2d037869916e990c3e401c8,2012-12,Wiltshire Police,Wiltshire Police,-1.779733,51.225378,On or near Hill Top Close,E01032696,Wiltshire 045F,Violent crime,Investigation complete; no suspect identified,
,2012-12,Wiltshire Police,Wiltshire Police,-1.759853,51.190190,On or near Salisbury Road,E01031989,Wiltshire 046A,Anti-social behaviour,,
,2012-12,Wiltshire Police,Wiltshire Police,-1.758785,51.192085,On or near St Leonards Close,E01031989,Wiltshire 046A,Anti-social behaviour,,
,2012-12,Wiltshire Police,Wiltshire Police,-1.750748,51.193597,On or near Hampshire Close,E01031989,Wiltshire 046A,Anti-social behaviour,,
,2012-12,Wiltshire Police,Wiltshire Police,-1.758785,51.192085,On or near St Leonards Close,E01031989,Wiltshire 046A,Anti-social behaviour,,
,2012-12,Wiltshire Police,Wiltshire Police,-1.752499,51.192800,On or near Dukes Way,E01031989,Wiltshire 046A,Anti-social behaviour,,
,2012-12,Wiltshire Police,Wiltshire Police,-1.759853,51.190190,On or near Salisbury Road,E01031989,Wiltshire 046A,Anti-social behaviour,,
,2012-12,Wiltshire Police,Wiltshire Police,-1.752499,51.192800,On or near Dukes Way,E01031989,Wiltshire 046A,Anti-social behaviour,,
,2012-12,Wiltshire Police,Wiltshire Police,-1.759023,51.190269,On or near Crescent Road,E01031989,Wiltshire 046A,Anti-social behaviour,,
,2012-12,Wiltshire Police,Wiltshire Police,-1.759023,51.190269,On or near Crescent Road,E01031989,Wiltshire 046A,Anti-social behaviour,,
,2012-12,Wiltshire Police,Wiltshire Police,-1.755379,51.191952,On or near Clayton Road,E01031989,Wiltshire 046A,Anti-social behaviour,,
,2012-12,Wiltshire Police,Wiltshire Police,-1.750748,51.193597,On or near Hampshire Close,E01031989,Wiltshire 046A,Anti-social behaviour,,
,2012-12,Wiltshire Police,Wiltshire Police,-1.755379,51.191952,On or near Clayton Road,E01031989,Wiltshire 046A,Anti-social behaviour,,
aec03297d955bca0eac07198c5fd1b53318ad0d0c21b0083bea17428faeb1dfe,2012-12,Wiltshire Police,Wiltshire Police,-1.761209,51.199283,On or near Milston Road,E01031989,Wiltshire 046A,Vehicle crime,Investigation complete; no suspect identified,
5c6fa7ab0db3f7bac38b572519674b76db1ce9e1773e85d84be1b0e5a0bd6333,2012-12,Wiltshire Police,Wiltshire Police,-1.755379,51.191952,On or near Clayton Road,E01031989,Wiltshire 046A,Violent crime,Investigation complete; no suspect identified,
b7921f3c24ce1a446ef65bad6e042a372f0a22519a2900214f54623297cea6d6,2012-12,Wiltshire Police,Wiltshire Police,-1.761919,51.191902,On or near Camilla Close,E01031989,Wiltshire 046A,Violent crime,Offender given a caution,
,2012-12,Wiltshire Police,Wiltshire Police,-1.774611,51.198087,On or near Coronation Road,E01031996,Wiltshire 046B,Anti-social behaviour,,
,2012-12,Wiltshire Police,Wiltshire Police,-1.780602,51.196300,On or near Marina Road,E01031996,Wiltshire 046B,Anti-social behaviour,,
,2012-12,Wiltshire Police,Wiltshire Police,-1.777306,51.197112,On or near Meads Road,E01031996,Wiltshire 046B,Anti-social behaviour,,
,2012-12,Wiltshire Police,Wiltshire Police,-1.775993,51.199303,On or near Andrew Close,E01031996,Wiltshire 046B,Anti-social behaviour,,
,2012-12,Wiltshire Police,Wiltshire Police,-1.776843,51.195286,On or near Larkhill Road,E01031996,Wiltshire 046B,Anti-social behaviour,,
,2012-12,Wiltshire Police,Wiltshire Police,-1.775595,51.198772,On or near Elizabeth Road,E01031996,Wiltshire 046B,Anti-social behaviour,,
,2012-12,Wiltshire Police,Wiltshire Police,-1.776843,51.195286,On or near Larkhill Road,E01031996,Wiltshire 046B,Anti-social behaviour,,
,2012-12,Wiltshire Police,Wiltshire Police,-1.776843,51.195286,On or near Larkhill Road,E01031996,Wiltshire 046B,Anti-social behaviour,,
1d353a8b9f67730976e7eefb303e690fbdbc314ba6d8fc6c77340091a2f88ce0,2012-12,Wiltshire Police,Wiltshire Police,-1.778567,51.196764,On or near Marina Close,E01031996,Wiltshire 046B,Burglary,Investigation complete; no suspect identified,
33f55d57d7f3bbc2d6e76659e88165bf654826937fab1a538635d39b146e0739,2012-12,Wiltshire Police,Wiltshire Police,-1.776843,51.195286,On or near Larkhill Road,E01031996,Wiltshire 046B,Criminal damage and arson,Investigation complete; no suspect identified,
a37daa361b252ff29cfba3aa56fc900a4c4ffb5e33affe47194d880d5b1997b8,2012-12,Wiltshire Police,Wiltshire Police,-1.776843,51.195286,On or near Larkhill Road,E01031996,Wiltshire 046B,Criminal damage and arson,Investigation complete; no suspect identified,
cda03b5a20d9e63715251c977d3fe7019cbff33bbb9a39045fe23d92ffed8c78,2012-12,Wiltshire Police,Wiltshire Police,-1.776843,51.195286,On or near Larkhill Road,E01031996,Wiltshire 046B,Vehicle crime,Investigation complete; no suspect identified,
fb7ec99f72ee51218e43e361df99d04448c1041f541c54551643804866801776,2012-12,Wiltshire Police,Wiltshire Police,-1.773991,51.198913,On or near Addison Square,E01031996,Wiltshire 046B,Vehicle crime,Investigation complete; no suspect identified,
,2012-12,Wiltshire Police,Wiltshire Police,-1.771603,51.201534,On or near School Road,E01031997,Wiltshire 046C,Anti-social behaviour,,
,2012-12,Wiltshire Police,Wiltshire Police,-1.769289,51.194812,On or near Robin Hill Lane,E01031997,Wiltshire 046C,Anti-social behaviour,,
,2012-12,Wiltshire Police,Wiltshire Police,-1.770389,51.195228,On or near Petrol Station,E01031997,Wiltshire 046C,Anti-social behaviour,,
42ef3c6a3ca109f6a7b14d0e3b8b116b2cd7ae2b4ecec22af305d362e93d9988,2012-12,Wiltshire Police,Wiltshire Police,-1.768465,51.193579,On or near Bulford Hill,E01031997,Wiltshire 046C,Other theft,Investigation complete; no suspect identified,
8ce988bb99d7e7708dfb2006702e8af70c1f975aae2fb4067223eef50949b3d6,2012-12,Wiltshire Police,Wiltshire Police,-1.771537,51.197389,On or near Supermarket,E01031997,Wiltshire 046C,Shoplifting,Investigation complete; no suspect identified,
bd55a954a305c3bcb8b47133e02c7afab3b1679b9c460b2c0fccefc36fc152d8,2012-12,Wiltshire Police,Wiltshire Police,-1.771608,51.200320,On or near Recreation Road,E01031997,Wiltshire 046C,Vehicle crime,Investigation complete; no suspect identified,
,2012-12,Wiltshire Police,Wiltshire Police,-1.781426,51.200447,On or near Maple Way,E01031999,Wiltshire 046D,Anti-social behaviour,,
,2012-12,Wiltshire Police,Wiltshire Police,-1.774169,51.200640,On or near Windsor Mews,E01031999,Wiltshire 046D,Anti-social behaviour,,
,2012-12,Wiltshire Police,Wiltshire Police,-1.776677,51.199952,On or near Windsor Road,E01031999,Wiltshire 046D,Anti-social behaviour,,
230eeab5f77583ead7b88a794c6f2bf05514effd2787faacf6a1d276d57b5fcc,2012-12,Wiltshire Police,Wiltshire Police,-1.776677,51.199952,On or near Windsor Road,E01031999,Wiltshire 046D,Criminal damage and arson,Investigation complete; no suspect identified,
a4114ba60a033ebe5e782cde77cf4b5696050da6b5910d7661ba30a8ad2b5a2d,2012-12,Wiltshire Police,Wiltshire Police,-1.774936,51.201720,On or near Glebe Road,E01031999,Wiltshire 046D,Criminal damage and arson,Court case unable to proceed,
fa46055dadb648f97a7522c83e26b711766f683ffd46effc8de0a906e7ca844d,2012-12,Wiltshire Police,Wiltshire Police,-1.781306,51.198747,On or near Downland Way,E01031999,Wiltshire 046D,Criminal damage and arson,Under investigation,
4bc7c96de0f6d3555378d4d5ccaa642ae4b8a653bcd1984cb61bf6d349e10aae,2012-12,Wiltshire Police,Wiltshire Police,-1.781622,51.198352,On or near Westfield Close,E01031999,Wiltshire 046D,Vehicle crime,Investigation complete; no suspect identified,
d8b789f0dd36b9b3c6c6dba60ab5281f7fd438ff85ec02c92165e69d54f72d61,2012-12,Wiltshire Police,Wiltshire Police,-1.776677,51.199952,On or near Windsor Road,E01031999,Wiltshire 046D,Violent crime,Offender given a caution,
7ae2e8ccb0196f578d2a53c58ce7125807ac9ba201a0f5454b00775e50f55a4f,2012-12,Wiltshire Police,Wiltshire Police,-1.776677,51.199952,On or near Windsor Road,E01031999,Wiltshire 046D,Violent crime,Local resolution,
b9213dfd42c8e883bead8869c0f7f6bd826732be7a1bf99cbf4cf27b0b058a68,2012-12,Wiltshire Police,Wiltshire Police,-2.258701,51.209715,On or near Heathway,E01032051,Wiltshire 047A,Burglary,Investigation complete; no suspect identified,
1ab937a6c7279ecea577be99abb2e9c3f3676741d3658ada1b40a76dcc4a2bf5,2012-12,Wiltshire Police,Wiltshire Police,-2.243811,51.212121,On or near Deep Lane,E01032051,Wiltshire 047A,Criminal damage and arson,Investigation complete; no suspect identified,
6bc355936b43f53d2b8f5474bd7702b420e5b08e2f134155e27243639f82cb64,2012-12,Wiltshire Police,Wiltshire Police,-2.022772,51.187259,On or near Codford Road,E01032075,Wiltshire 047B,Vehicle crime,Investigation complete; no suspect identified,
023228f488c16398e1a37d20f2456fe2ff53ca1a4d65b95fc134798b3280d6d0,2012-12,Wiltshire Police,Wiltshire Police,-2.111717,51.183053,On or near Glebelands,E01032076,Wiltshire 047C,Other theft,Investigation complete; no suspect identified,
e99d320b2be5b49c8e4cabae095436fec9613fd93aebc0bd3f222d1111db0c67,2012-12,Wiltshire Police,Wiltshire Police,-2.093911,51.165175,On or near Coomb View,E01032076,Wiltshire 047C,Other theft,Investigation complete; no suspect identified,
849410caf9f61d30b4dfee16ea119b8864b4659d4b7c58cc42c88df400f4db1e,2012-12,Wiltshire Police,Wiltshire Police,-2.100987,51.183252,On or near Sports/Recreation Area,E01032076,Wiltshire 047C,Other theft,Investigation complete; no suspect identified,
,2012-12,Wiltshire Police,Wiltshire Police,-2.203136,51.178911,On or near Clay Street,E01032081,Wiltshire 047D,Anti-social behaviour,,
,2012-12,Wiltshire Police,Wiltshire Police,-2.139126,51.172396,On or near Springhead,E01032082,Wiltshire 047E,Anti-social behaviour,,
0fd461540e3adc8c11e8923ddccee0982c6e22acc45865dd3179ab3de78fd26e,2012-12,Wiltshire Police,Wiltshire Police,-2.188293,51.166563,On or near Petrol Station,E01032082,Wiltshire 047E,Burglary,Investigation complete; no suspect identified,
7ad7595cc2851f369713e93b7a56e673333c485d3aa0f98608327eab0002d9a0,2012-12,Wiltshire Police,Wiltshire Police,-2.135167,51.173506,On or near Duck Street,E01032082,Wiltshire 047E,Other theft,Investigation complete; no suspect identified,
fa687963ddec4a08a35961510199436b77dbf05a33dca9778fc0d97222c78127,2012-12,Wiltshire Police,Wiltshire Police,-2.143127,51.175664,On or near High Street,E01032082,Wiltshire 047E,Other theft,Investigation complete; no suspect identified,
01054c8fc5279adf9fdcb8f051a51905667b717358425eb515c4b4d1051f4b9b,2012-12,Wiltshire Police,Wiltshire Police,-2.146089,51.194067,On or near Watery Lane,E01032082,Wiltshire 047E,Vehicle crime,Investigation complete; no suspect identified,
,2012-12,Wiltshire Police,Wiltshire Police,-1.769493,51.173907,On or near St Annes Close,E01031974,Wiltshire 048A,Anti-social behaviour,,
,2012-12,Wiltshire Police,Wiltshire Police,-1.778082,51.172529,On or near School Lane,E01031974,Wiltshire 048A,Anti-social behaviour,,
6517c1d751ac00ffb9ea20483a8f679931a164e97e08ad85a0e8150568ef96cb,2012-12,Wiltshire Police,Wiltshire Police,-1.778915,51.174923,On or near Lords Croft,E01031974,Wiltshire 048A,Burglary,Investigation complete; no suspect identified,
a6d51e77155cbad8aaaacc841095ae773730955386018511f32299454924a32b,2012-12,Wiltshire Police,Wiltshire Police,-1.773250,51.174858,On or near The Drove,E01031974,Wiltshire 048A,Criminal damage and arson,Investigation complete; no suspect identified,
a15da9fb8a798325990904a64861144bdc9527fc8f7b598690398d839e1d7df7,2012-12,Wiltshire Police,Wiltshire Police,-1.773250,51.174858,On or near The Drove,E01031974,Wiltshire 048A,Criminal damage and arson,Investigation complete; no suspect identified,
e23a7286c27d60a4553c3ac31037cab0335271176bf8d172d585c94ed6dd4b02,2012-12,Wiltshire Police,Wiltshire Police,-1.778215,51.171774,On or near Smithfield Street,E01031974,Wiltshire 048A,Other theft,Under investigation,
6fc581bda5f76feeec6d647d05ad7e60509eedab34de8a3b8827efe816d24d43,2012-12,Wiltshire Police,Wiltshire Police,-1.780133,51.177461,On or near Pedestrian Subway,E01031974,Wiltshire 048A,Public disorder and weapons,Offender given penalty notice,
ee53896e3df9e865f569c0f273efc59e7ead9e67a08c4c70760b03d36fa239b8,2012-12,Wiltshire Police,Wiltshire Police,-1.769493,51.173907,On or near St Annes Close,E01031974,Wiltshire 048A,Public disorder and weapons,Local resolution,
a6445f0bd73c1cc548803afee49ba7473310a920c32c66946e3fbc3f2a186127,2012-12,Wiltshire Police,Wiltshire Police,-1.780133,51.177461,On or near Pedestrian Subway,E01031974,Wiltshire 048A,Violent crime,Investigation complete; no suspect identified,
,2012-12,Wiltshire Police,Wiltshire Police,-1.768766,51.170533,On or near Bramley Way,E01031975,Wiltshire 048B,Anti-social behaviour,,
,2012-12,Wiltshire Police,Wiltshire Police,-1.772000,51.170351,On or near Solstice Rise,E01031975,Wiltshire 048B,Anti-social behaviour,,
,2012-12,Wiltshire Police,Wiltshire Police,-1.768465,51.173464,On or near Holders Road,E01031975,Wiltshire 048B,Anti-social behaviour,,
,2012-12,Wiltshire Police,Wiltshire Police,-1.768766,51.170533,On or near Bramley Way,E01031975,Wiltshire 048B,Anti-social behaviour,,
,2012-12,Wiltshire Police,Wiltshire Police,-1.768140,51.175576,On or near James Road,E01031975,Wiltshire 048B,Anti-social behaviour,,
1793f569820b9f0c63a2aaa8fb1405d5e597b2bf7adab12a2e6d0162662fac95,2012-12,Wiltshire Police,Wiltshire Police,-1.769307,51.171119,On or near Orchard Way,E01031975,Wiltshire 048B,Criminal damage and arson,Investigation complete; no suspect identified,
afccc472613c2f3c43e45c70a2a2dab48edd7e569b2f18f3e2c4c9124601d01a,2012-12,Wiltshire Police,Wiltshire Police,-1.768416,51.174804,On or near Queensberry Road,E01031975,Wiltshire 048B,Criminal damage and arson,Local resolution,
8a8a278604d4c596ba639bf70644aa45092b4f8c411cbe1e678b488a176ebbdf,2012-12,Wiltshire Police,Wiltshire Police,-1.769219,51.171505,On or near Cherry Tree Way,E01031975,Wiltshire 048B,Criminal damage and arson,Investigation complete; no suspect identified,
50cc819ec0f9767124cf5e029d465979819c3841143c23104138ab62c9339e4d,2012-12,Wiltshire Police,Wiltshire Police,-1.766627,51.175034,On or near Annetts Close,E01031975,Wiltshire 048B,Other theft,Investigation complete; no suspect identified,
40d328191b09ce0d6a94dbd4316d4c533fc040b3b53bec2fd07278202d1c64b0,2012-12,Wiltshire Police,Wiltshire Police,-1.768733,51.174319,On or near Hudson Road,E01031975,Wiltshire 048B,Other theft,Under investigation,
,2012-12,Wiltshire Police,Wiltshire Police,-1.763168,51.163292,On or near Pouncette Close,E01031976,Wiltshire 048C,Anti-social behaviour,,
,2012-12,Wiltshire Police,Wiltshire Police,-1.763168,51.163292,On or near Pouncette Close,E01031976,Wiltshire 048C,Anti-social behaviour,,
,2012-12,Wiltshire Police,Wiltshire Police,-1.763168,51.163292,On or near Pouncette Close,E01031976,Wiltshire 048C,Anti-social behaviour,,
,2012-12,Wiltshire Police,Wiltshire Police,-1.763168,51.163292,On or near Pouncette Close,E01031976,Wiltshire 048C,Anti-social behaviour,,
,2012-12,Wiltshire Police,Wiltshire Police,-1.763168,51.163292,On or near Pouncette Close,E01031976,Wiltshire 048C,Anti-social behaviour,,
,2012-12,Wiltshire Police,Wiltshire Police,-1.763168,51.163292,On or near Pouncette Close,E01031976,Wiltshire 048C,Anti-social behaviour,,
,2012-12,Wiltshire Police,Wiltshire Police,-1.763168,51.163292,On or near Pouncette Close,E01031976,Wiltshire 048C,Anti-social behaviour,,
,2012-12,Wiltshire Police,Wiltshire Police,-1.763168,51.163292,On or near Pouncette Close,E01031976,Wiltshire 048C,Anti-social behaviour,,
,2012-12,Wiltshire Police,Wiltshire Police,-1.763168,51.163292,On or near Pouncette Close,E01031976,Wiltshire 048C,Anti-social behaviour,,
,2012-12,Wiltshire Police,Wiltshire Police,-1.763168,51.163292,On or near Pouncette Close,E01031976,Wiltshire 048C,Anti-social behaviour,,
,2012-12,Wiltshire Police,Wiltshire Police,-1.763168,51.163292,On or near Pouncette Close,E01031976,Wiltshire 048C,Anti-social behaviour,,
,2012-12,Wiltshire Police,Wiltshire Police,-1.765628,51.166049,On or near Chambers Avenue,E01031976,Wiltshire 048C,Anti-social behaviour,,
,2012-12,Wiltshire Police,Wiltshire Police,-1.763168,51.163292,On or near Pouncette Close,E01031976,Wiltshire 048C,Anti-social behaviour,,
,2012-12,Wiltshire Police,Wiltshire Police,-1.763168,51.163292,On or near Pouncette Close,E01031976,Wiltshire 048C,Anti-social behaviour,,
,2012-12,Wiltshire Police,Wiltshire Police,-1.763168,51.163292,On or near Pouncette Close,E01031976,Wiltshire 048C,Anti-social behaviour,,
,2012-12,Wiltshire Police,Wiltshire Police,-1.761483,51.165438,On or near Winchester Close,E01031976,Wiltshire 048C,Anti-social behaviour,,
91963a450a42654d69ceb79e8e1ec800dfa150eaa9c4865fd518b01a98544d87,2012-12,Wiltshire Police,Wiltshire Police,-1.764244,51.162548,On or near Nevil Close,E01031976,Wiltshire 048C,Burglary,Investigation complete; no suspect identified,
01f66df50e711a89b8927a25e6e9ebddb2c0276692e12110deb0cde1f6e2bdb5,2012-12,Wiltshire Police,Wiltshire Police,-1.765628,51.166049,On or near Chambers Avenue,E01031976,Wiltshire 048C,Criminal damage and arson,Investigation complete; no suspect identified,
7e4948cc6f4a2a11a0019a9f06f12764fe50da5b0ef870a20cc04392bf408cc3,2012-12,Wiltshire Police,Wiltshire Police,-1.759859,51.158781,On or near Stockport Road,E01031976,Wiltshire 048C,Drugs,Offender given a drugs possession warning,
d08e906b1bbdc4b323d76cfbb96cb2e66f4d30120ce87c982251a7ab05541066,2012-12,Wiltshire Police,Wiltshire Police,-1.759859,51.158781,On or near Stockport Road,E01031976,Wiltshire 048C,Other theft,Investigation complete; no suspect identified,
abd165ea111d8edb83fedc22d0ee8d8ed23733ad4e8f91f7597179814c0e18ce,2012-12,Wiltshire Police,Wiltshire Police,-1.767614,51.166493,On or near Blackcross Road,E01031976,Wiltshire 048C,Other theft,Investigation complete; no suspect identified,
97877166b02411ea593c82c827adb27e8e0f4ccff674bf1a9c30f3c8b5263b72,2012-12,Wiltshire Police,Wiltshire Police,-1.759859,51.158781,On or near Stockport Road,E01031976,Wiltshire 048C,Other theft,Investigation complete; no suspect identified,
140b0d5bc5981bdc3ab24b828e394025fd7f6a7fb4519832a9c06890804b1a06,2012-12,Wiltshire Police,Wiltshire Police,-1.763168,51.163292,On or near Pouncette Close,E01031976,Wiltshire 048C,Public disorder and weapons,Local resolution,
ff172af9c704506a1df4bf8bef3a24c8eda764332cc32cb0fe869f81f52cc058,2012-12,Wiltshire Police,Wiltshire Police,-1.763168,51.163292,On or near Pouncette Close,E01031976,Wiltshire 048C,Public disorder and weapons,Investigation complete; no suspect identified,
cc61105dd6940577a51cf431eafdbb710436c5c5a289daf80d39189c64033933,2012-12,Wiltshire Police,Wiltshire Police,-1.763168,51.163292,On or near Pouncette Close,E01031976,Wiltshire 048C,Shoplifting,Investigation complete; no suspect identified,
df574aa9ac8fd8331dcccf7caa663e89aacae210260855c5b9204bb65bf9c495,2012-12,Wiltshire Police,Wiltshire Police,-1.763168,51.163292,On or near Pouncette Close,E01031976,Wiltshire 048C,Shoplifting,Local resolution,
75c63d1e2d92d4c4104106ed9caf2f286f27c868d43d62fe6a57ddc776219c23,2012-12,Wiltshire Police,Wiltshire Police,-1.763168,51.163292,On or near Pouncette Close,E01031976,Wiltshire 048C,Violent crime,Investigation complete; no suspect identified,
01858bdc73e69743f8c547c99b30fc8f2caf86ec33ebb476d881038b85a3aa0d,2012-12,Wiltshire Police,Wiltshire Police,-1.763168,51.163292,On or near Pouncette Close,E01031976,Wiltshire 048C,Violent crime,Local resolution,
,2012-12,Wiltshire Police,Wiltshire Police,-1.761622,51.171751,On or near Pointers Way,E01031977,Wiltshire 048D,Anti-social behaviour,,
,2012-12,Wiltshire Police,Wiltshire Police,-1.756543,51.177459,On or near Petrol Station,E01031977,Wiltshire 048D,Anti-social behaviour,,
,2012-12,Wiltshire Police,Wiltshire Police,-1.756543,51.177459,On or near Petrol Station,E01031977,Wiltshire 048D,Anti-social behaviour,,
,2012-12,Wiltshire Police,Wiltshire Police,-1.760020,51.174607,On or near Sunrise Way,E01031977,Wiltshire 048D,Anti-social behaviour,,
8dee41a551953d6889c72200116b4ae97b0630757673cf06ee2970a0bd3af89b,2012-12,Wiltshire Police,Wiltshire Police,-1.761622,51.171751,On or near Pointers Way,E01031977,Wiltshire 048D,Criminal damage and arson,Investigation complete; no suspect identified,
7db1a22f613c10f88b55ef824437d36ce37d8452dc4d4aea27f9d0509166e832,2012-12,Wiltshire Police,Wiltshire Police,-1.768058,51.163500,On or near Redworth Row,E01031977,Wiltshire 048D,Other theft,Investigation complete; no suspect identified,
,2012-12,Wiltshire Police,Wiltshire Police,-1.766340,51.169395,On or near Jaggard View,E01031978,Wiltshire 048E,Anti-social behaviour,,
,2012-12,Wiltshire Police,Wiltshire Police,-1.763286,51.173642,On or near Maple Way,E01031978,Wiltshire 048E,Anti-social behaviour,,
,2012-12,Wiltshire Police,Wiltshire Police,-1.763286,51.173642,On or near Maple Way,E01031978,Wiltshire 048E,Anti-social behaviour,,
,2012-12,Wiltshire Police,Wiltshire Police,-1.763286,51.173642,On or near Maple Way,E01031978,Wiltshire 048E,Anti-social behaviour,,
,2012-12,Wiltshire Police,Wiltshire Police,-1.763286,51.173642,On or near Maple Way,E01031978,Wiltshire 048E,Anti-social behaviour,,
,2012-12,Wiltshire Police,Wiltshire Police,-1.763286,51.173642,On or near Maple Way,E01031978,Wiltshire 048E,Anti-social behaviour,,
,2012-12,Wiltshire Police,Wiltshire Police,-1.764570,51.168672,On or near Moyne Gardens,E01031978,Wiltshire 048E,Anti-social behaviour,,
,2012-12,Wiltshire Police,Wiltshire Police,-1.762799,51.171052,On or near Dawbeney Drive,E01031978,Wiltshire 048E,Anti-social behaviour,,
,2012-12,Wiltshire Police,Wiltshire Police,-1.766340,51.169395,On or near Jaggard View,E01031978,Wiltshire 048E,Anti-social behaviour,,
,2012-12,Wiltshire Police,Wiltshire Police,-1.766340,51.169395,On or near Jaggard View,E01031978,Wiltshire 048E,Anti-social behaviour,,
9e6251af2648b00071516b76d8d378f306c1fc0e6e8e89770e4e98cf89d63b55,2012-12,Wiltshire Police,Wiltshire Police,-1.763312,51.168652,On or near Lumley Walk,E01031978,Wiltshire 048E,Criminal damage and arson,Investigation complete; no suspect identified,
761f3b7b3626ae04800772be6a3caf0c97785cbfdbbfe39790696e8eb8b026f5,2012-12,Wiltshire Police,Wiltshire Police,-1.766340,51.169395,On or near Jaggard View,E01031978,Wiltshire 048E,Criminal damage and arson,Investigation complete; no suspect identified,
5de0258b2d689edf8d0e06e438a9169562e3cec41642fa1b753d8ef46b02104a,2012-12,Wiltshire Police,Wiltshire Police,-1.763590,51.173095,On or near Bugdens Close,E01031978,Wiltshire 048E,Criminal damage and arson,Investigation complete; no suspect identified,
f0e6c8c38a8d80f15e0ab0ddeacfb7dd48e25fe8d916343d51e6e9d87353de85,2012-12,Wiltshire Police,Wiltshire Police,-1.763286,51.173642,On or near Maple Way,E01031978,Wiltshire 048E,Criminal damage and arson,Investigation complete; no suspect identified,
c7ce36826931c6b8e00c2920ba595e27a641f3ee987b88e1307aaaf313e8afb7,2012-12,Wiltshire Police,Wiltshire Police,-1.764570,51.168672,On or near Moyne Gardens,E01031978,Wiltshire 048E,Shoplifting,Investigation complete; no suspect identified,
f70bde563478963d6c30942d1576c5c31eb53c486624a0e4293af2111722293c,2012-12,Wiltshire Police,Wiltshire Police,-1.764570,51.168672,On or near Moyne Gardens,E01031978,Wiltshire 048E,Shoplifting,Offender given a caution,
5664f4b4e8f9e6c83a5394e3ab3a5ff19f52b398228d54a74b9cdde5b6ae1aad,2012-12,Wiltshire Police,Wiltshire Police,-1.763286,51.173642,On or near Maple Way,E01031978,Wiltshire 048E,Violent crime,Investigation complete; no suspect identified,
ca5252f50c7c6ffce7df47b93e3c9ebaf2b7050ff52b7675e4c875a1e92127d7,2012-12,Wiltshire Police,Wiltshire Police,-1.761858,51.170456,On or near Butterfield Drive,E01031978,Wiltshire 048E,Violent crime,Local resolution,
,2012-12,Wiltshire Police,Wiltshire Police,-1.773250,51.169193,On or near Highfield Road,E01031979,Wiltshire 048F,Anti-social behaviour,,
,2012-12,Wiltshire Police,Wiltshire Police,-1.774888,51.167668,On or near Avonstoke Close,E01031979,Wiltshire 048F,Anti-social behaviour,,
,2012-12,Wiltshire Police,Wiltshire Police,-1.781268,51.173480,On or near Fairfax Close,E01031979,Wiltshire 048F,Anti-social behaviour,,
,2012-12,Wiltshire Police,Wiltshire Police,-1.782145,51.172492,On or near Abbey Lane,E01031979,Wiltshire 048F,Anti-social behaviour,,
,2012-12,Wiltshire Police,Wiltshire Police,-1.780847,51.171581,On or near Flower Lane,E01031979,Wiltshire 048F,Anti-social behaviour,,
,2012-12,Wiltshire Police,Wiltshire Police,-1.783182,51.171010,On or near Church Lane,E01031979,Wiltshire 048F,Anti-social behaviour,,
,2012-12,Wiltshire Police,Wiltshire Police,-1.780847,51.171581,On or near Flower Lane,E01031979,Wiltshire 048F,Anti-social behaviour,,
,2012-12,Wiltshire Police,Wiltshire Police,-1.782145,51.172492,On or near Abbey Lane,E01031979,Wiltshire 048F,Anti-social behaviour,,
,2012-12,Wiltshire Police,Wiltshire Police,-1.780683,51.173020,On or near High Street,E01031979,Wiltshire 048F,Anti-social behaviour,,
,2012-12,Wiltshire Police,Wiltshire Police,-1.781268,51.173480,On or near Fairfax Close,E01031979,Wiltshire 048F,Anti-social behaviour,,
,2012-12,Wiltshire Police,Wiltshire Police,-1.782145,51.172492,On or near Abbey Lane,E01031979,Wiltshire 048F,Anti-social behaviour,,
,2012-12,Wiltshire Police,Wiltshire Police,-1.782145,51.172492,On or near Abbey Lane,E01031979,Wiltshire 048F,Anti-social behaviour,,
,2012-12,Wiltshire Police,Wiltshire Police,-1.780847,51.171581,On or near Flower Lane,E01031979,Wiltshire 048F,Anti-social behaviour,,
,2012-12,Wiltshire Police,Wiltshire Police,-1.782145,51.172492,On or near Abbey Lane,E01031979,Wiltshire 048F,Anti-social behaviour,,
,2012-12,Wiltshire Police,Wiltshire Police,-1.782145,51.172492,On or near Abbey Lane,E01031979,Wiltshire 048F,Anti-social behaviour,,
,2012-12,Wiltshire Police,Wiltshire Police,-1.782145,51.172492,On or near Abbey Lane,E01031979,Wiltshire 048F,Anti-social behaviour,,
,2012-12,Wiltshire Police,Wiltshire Police,-1.780431,51.171868,On or near Salisbury Street,E01031979,Wiltshire 048F,Anti-social behaviour,,
,2012-12,Wiltshire Police,Wiltshire Police,-1.773123,51.168671,On or near Lynchfield Road,E01031979,Wiltshire 048F,Anti-social behaviour,,
,2012-12,Wiltshire Police,Wiltshire Police,-1.771996,51.168247,On or near Lawrence Close,E01031979,Wiltshire 048F,Anti-social behaviour,,
,2012-12,Wiltshire Police,Wiltshire Police,-1.780683,51.173020,On or near High Street,E01031979,Wiltshire 048F,Anti-social behaviour,,
,2012-12,Wiltshire Police,Wiltshire Police,-1.772362,51.169281,On or near Haywain,E01031979,Wiltshire 048F,Anti-social behaviour,,
,2012-12,Wiltshire Police,Wiltshire Police,-1.828131,51.180347,On or near Parking Area,E01031979,Wiltshire 048F,Anti-social behaviour,,
,2012-12,Wiltshire Police,Wiltshire Police,-1.782145,51.172492,On or near Abbey Lane,E01031979,Wiltshire 048F,Anti-social behaviour,,
6da5f9ec0cc1d0d43baad0a01eac6fcb492996fd84272f27e8e5ba0a5540892d,2012-12,Wiltshire Police,Wiltshire Police,-1.783182,51.171010,On or near Church Lane,E01031979,Wiltshire 048F,Burglary,Investigation complete; no suspect identified,
36a7d33f22fb8fe4c11e8843c388daafcc96d9d839292c3bae17c3c6e60bd81e,2012-12,Wiltshire Police,Wiltshire Police,-1.783182,51.171010,On or near Church Lane,E01031979,Wiltshire 048F,Burglary,Investigation complete; no suspect identified,
d339899a9a28947c956a33ab4dc1ba157132ba4c4f90d7cd108b7ae11a9d8a50,2012-12,Wiltshire Police,Wiltshire Police,-1.773123,51.168671,On or near Lynchfield Road,E01031979,Wiltshire 048F,Criminal damage and arson,Investigation complete; no suspect identified,
55310a6474b2b3597fa6ca605bebf64874b6044c2606e4cd30478afc06308825,2012-12,Wiltshire Police,Wiltshire Police,-1.780683,51.173020,On or near High Street,E01031979,Wiltshire 048F,Criminal damage and arson,Under investigation,
013c4bb73f4656d02bfc2813d12cd0188eb2d314bfe1632430907da8b362927e,2012-12,Wiltshire Police,Wiltshire Police,-1.780847,51.171581,On or near Flower Lane,E01031979,Wiltshire 048F,Criminal damage and arson,Offender given a caution,
e28aeecc62352e6d6012dc7428d7a18d147c8caa808146e144a42392fccebe59,2012-12,Wiltshire Police,Wiltshire Police,-1.781268,51.173480,On or near Fairfax Close,E01031979,Wiltshire 048F,Criminal damage and arson,Investigation complete; no suspect identified,
a40a5cc695f61e3a55aff1905fde2a6eb2d9cd0db98450abd57698bddce8f594,2012-12,Wiltshire Police,Wiltshire Police,-1.775856,51.168506,On or near Salisbury Road,E01031979,Wiltshire 048F,Drugs,Investigation complete; no suspect identified,
744c03e55998fc5eaa316ad0a668f60313e6a5eaeb6fcb121464fa758fd2d15d,2012-12,Wiltshire Police,Wiltshire Police,-1.780847,51.171581,On or near Flower Lane,E01031979,Wiltshire 048F,Drugs,Offender given a caution,
ed7503a7da03d4791359928df556197364ac040db38e21342e832b5ae3dec3df,2012-12,Wiltshire Police,Wiltshire Police,-1.782145,51.172492,On or near Abbey Lane,E01031979,Wiltshire 048F,Other theft,Investigation complete; no suspect identified,
bc28a8ca64f512d06146f3c01d53e69fddae0832890f8d86c33ff2d975df0a98,2012-12,Wiltshire Police,Wiltshire Police,-1.773123,51.168671,On or near Lynchfield Road,E01031979,Wiltshire 048F,Other theft,Investigation complete; no suspect identified,
7995adc045cde55ed5c90ca7a0efdac78a9289fb8d7e0d5178f7f69847a0cf6b,2012-12,Wiltshire Police,Wiltshire Police,-1.828131,51.180347,On or near Parking Area,E01031979,Wiltshire 048F,Other theft,Investigation complete; no suspect identified,
8eb126d00f9bb1fc93c4374fcec203c19ff786a3f3e6aef6173b83074f8f60bb,2012-12,Wiltshire Police,Wiltshire Police,-1.796845,51.173490,On or near Stonehenge Road,E01031979,Wiltshire 048F,Other theft,Investigation complete; no suspect identified,
3daa721fb4a78188692c943dc954a35e50a83e807521bfa51df44084edd05f4b,2012-12,Wiltshire Police,Wiltshire Police,-1.780683,51.173020,On or near High Street,E01031979,Wiltshire 048F,Vehicle crime,Investigation complete; no suspect identified,
c2fca2237e5ddd2c935b64d682d13685657395c957cd54d2875d78849da78721,2012-12,Wiltshire Police,Wiltshire Police,-1.780683,51.173020,On or near High Street,E01031979,Wiltshire 048F,Violent crime,Local resolution,
fbe8a186a783389cce023adffe267535100230fae3a50d05c047e35652b8e9f5,2012-12,Wiltshire Police,Wiltshire Police,-1.780683,51.173020,On or near High Street,E01031979,Wiltshire 048F,Violent crime,Investigation complete; no suspect identified,
4644fdfa7ff8df86fa56184d661d9649d5f99459b543b8320cab1762cb7d927e,2012-12,Wiltshire Police,Wiltshire Police,-1.780683,51.173020,On or near High Street,E01031979,Wiltshire 048F,Violent crime,Offender given a caution,
eac524aa054c4d4f5cdf26e2daf9c5e1e0898e0f026d5f48aa40c351f9d7ee12,2012-12,Wiltshire Police,Wiltshire Police,-1.780683,51.173020,On or near High Street,E01031979,Wiltshire 048F,Violent crime,Investigation complete; no suspect identified,
94142bf85a4d8a166d2313c72f9429674e82744a08d8d41af0854dd3aed83bfb,2012-12,Wiltshire Police,Wiltshire Police,-1.775873,51.170961,On or near Earls Court Road,E01031979,Wiltshire 048F,Violent crime,Investigation complete; no suspect identified,
7322f825bd540ff200acbf319f4a74c0bff4c6aa3449459de34b24d4393ef0eb,2012-12,Wiltshire Police,Wiltshire Police,-1.780431,51.171868,On or near Salisbury Street,E01031979,Wiltshire 048F,Violent crime,Investigation complete; no suspect identified,
db28c4115d9c484d342deb3a6b5d965e3b88f0627e1ddf4248927fed6990e02b,2012-12,Wiltshire Police,Wiltshire Police,-1.830334,51.125831,On or near Sports/Recreation Area,E01032013,Wiltshire 049A,Burglary,Investigation complete; no suspect identified,
e74691a6e6bf5d73b93885609e1934d68621202aacbfc2bd8535b121b3fbe439,2012-12,Wiltshire Police,Wiltshire Police,-1.828833,51.125919,On or near Sports/Recreation Area,E01032013,Wiltshire 049A,Burglary,Investigation complete; no suspect identified,
6577b3bf0cca120ab509535af82dd82d04d4f65286c2f2ce011eeedcc99007c9,2012-12,Wiltshire Police,Wiltshire Police,-1.806532,51.141935,On or near Sports/Recreation Area,E01032013,Wiltshire 049A,Other theft,Investigation complete; no suspect identified,
b97681552894e6d0d11752e4c066566a1a97af8f806acbb5266bd210ddb7e054,2012-12,Wiltshire Police,Wiltshire Police,-1.786213,51.127818,On or near Petrol Station,E01032013,Wiltshire 049A,Other theft,Investigation complete; no suspect identified,
9d284e8eb296d8231d211120d57d78d1b3dd0807d9616ae98ee181eb938cea82,2012-12,Wiltshire Police,Wiltshire Police,-1.878000,51.110991,On or near Ashleigh Close,E01032013,Wiltshire 049A,Vehicle crime,Investigation complete; no suspect identified,
9d80d3734ebd90796f1665fd86ed2eb9d4f4b89e3a2863310c15f96d8f0f1a02,2012-12,Wiltshire Police,Wiltshire Police,-1.816876,51.117745,On or near Beech Walk,E01032013,Wiltshire 049A,Vehicle crime,Investigation complete; no suspect identified,
,2012-12,Wiltshire Police,Wiltshire Police,-1.725302,51.131414,On or near Idmiston Road,E01032032,Wiltshire 049B,Anti-social behaviour,,
,2012-12,Wiltshire Police,Wiltshire Police,-1.715086,51.133368,On or near Ladyway,E01032032,Wiltshire 049B,Anti-social behaviour,,
,2012-12,Wiltshire Police,Wiltshire Police,-1.725302,51.131414,On or near Idmiston Road,E01032032,Wiltshire 049B,Anti-social behaviour,,
bd7ab3e24bed8c695858c8a72159b0a63f1909d84425def42467b0d15a768770,2012-12,Wiltshire Police,Wiltshire Police,-1.707324,51.133519,On or near Southway,E01032033,Wiltshire 049C,Violent crime,Investigation complete; no suspect identified,
afd1552599d42e7867ddf2278ed83a55298f56223a062d900a34b3593e3b7817,2012-12,Wiltshire Police,Wiltshire Police,-1.741168,51.115462,On or near Horse Barrow,E01032034,Wiltshire 049D,Criminal damage and arson,Investigation complete; no suspect identified,
,2012-12,Wiltshire Police,Wiltshire Police,-2.177755,51.040780,On or near Station Road,E01032010,Wiltshire 050A,Anti-social behaviour,,
,2012-12,Wiltshire Police,Wiltshire Police,-2.185828,51.101231,On or near B3089,E01032010,Wiltshire 050A,Anti-social behaviour,,
b0c4f0fe1d10828980d45241322229f6ab4699b043475806b586d4e664ed35ae,2012-12,Wiltshire Police,Wiltshire Police,-2.185380,51.039195,On or near A350,E01032010,Wiltshire 050A,Burglary,Investigation complete; no suspect identified,
4aa9fa62721d2e5d43c55de907e27f2264626fb3437b320e20ee7c5fc0177745,2012-12,Wiltshire Police,Wiltshire Police,-2.158095,51.105938,On or near Parking Area,E01032010,Wiltshire 050A,Criminal damage and arson,Investigation complete; no suspect identified,
dc68c879d72f1cc4788400120a7cb32ef54aea2e213293e5f926a8713535928e,2012-12,Wiltshire Police,Wiltshire Police,-2.205927,51.089282,On or near Stoney Bridge,E01032010,Wiltshire 050A,Vehicle crime,Investigation complete; no suspect identified,
4f9f8391721cb755ed4eebb7263e35a950943c45b43db015559343dca531b08d,2012-12,Wiltshire Police,Wiltshire Police,-2.210997,51.055184,On or near Pitts Lane,E01032010,Wiltshire 050A,Vehicle crime,Investigation complete; no suspect identified,
9e64a0d8d40546bf55339c5da57f11fdc6b86f9d95d3518c36a8ad86cf093104,2012-12,Wiltshire Police,Wiltshire Police,-2.205927,51.089282,On or near Stoney Bridge,E01032010,Wiltshire 050A,Vehicle crime,Investigation complete; no suspect identified,
2267dc673d819cb995d6fcd010f564401430c15f9c30ce017f8990d574eec452,2012-12,Wiltshire Police,Wiltshire Police,-2.185828,51.101231,On or near B3089,E01032010,Wiltshire 050A,Other crime,Investigation complete; no suspect identified,
a794d1f98f51675930be3957ca76f35c9f7c58acb8e98210d5ca4148f36ae96f,2012-12,Wiltshire Police,Wiltshire Police,-2.185828,51.101231,On or near B3089,E01032010,Wiltshire 050A,Other crime,Suspect charged as part of another case,
53c0f975d4557432bb4f7ef0822575aa0dd89a66388fcece439cb51123f8001c,2012-12,Wiltshire Police,Wiltshire Police,-2.260774,51.085117,On or near Ashgrove,E01032035,Wiltshire 050B,Burglary,Offender sent to prison,
,2012-12,Wiltshire Police,Wiltshire Police,-2.275149,51.089571,On or near Castle Street,E01032036,Wiltshire 050C,Anti-social behaviour,,
,2012-12,Wiltshire Police,Wiltshire Police,-2.319383,51.085385,On or near Portnell'S Lane,E01032036,Wiltshire 050C,Anti-social behaviour,,
,2012-12,Wiltshire Police,Wiltshire Police,-2.318479,51.122067,On or near Mount Pleasant,E01032036,Wiltshire 050C,Anti-social behaviour,,
,2012-12,Wiltshire Police,Wiltshire Police,-2.318479,51.122067,On or near Mount Pleasant,E01032036,Wiltshire 050C,Anti-social behaviour,,
9532cc6d405f17285e81a9888a3360c76abcd2d26d1e580400efe3e6a2390a69,2012-12,Wiltshire Police,Wiltshire Police,-2.326062,51.121434,On or near Cote Lane,E01032036,Wiltshire 050C,Criminal damage and arson,Investigation complete; no suspect identified,
7b6940a6a6b7a513497d404f9b172c698d9718032b2a87dcbeea191265392036,2012-12,Wiltshire Police,Wiltshire Police,-2.312175,51.085567,On or near Parking Area,E01032036,Wiltshire 050C,Other theft,Investigation complete; no suspect identified,
b7c6aa713768de320a7473eff20f9eba9c440e0de8d4d525085d1d02b43596bc,2012-12,Wiltshire Police,Wiltshire Police,-2.319863,51.105239,On or near High Street,E01032036,Wiltshire 050C,Other theft,Investigation complete; no suspect identified,
466c250ae85e8a7bfd53a19563f58462bb1f3606bf7762b153542ba2fa556422,2012-12,Wiltshire Police,Wiltshire Police,-2.283179,51.155779,On or near Trow Lane,E01032036,Wiltshire 050C,Violent crime,Court result unavailable,
4ee3b5cd4f09dcfed2b3654c2699be1e666a050c66b1249d139ef84b776381b1,2012-12,Wiltshire Police,Wiltshire Police,-2.283179,51.155779,On or near Trow Lane,E01032036,Wiltshire 050C,Violent crime,Offender given community sentence,
,2012-12,Wiltshire Police,Wiltshire Police,-2.264371,51.092456,On or near Spinners Way,E01032037,Wiltshire 050D,Anti-social behaviour,,
df3eb5ea3516d259886cf53dca5f8218c48125b8b0722d51cceca6675afc8007,2012-12,Wiltshire Police,Wiltshire Police,-2.269256,51.090260,On or near Castle Street,E01032037,Wiltshire 050D,Criminal damage and arson,Investigation complete; no suspect identified,
ee6dea6d34a5392fbea6a66439131ace5544a924edd7e99f25ee0a51a941c313,2012-12,Wiltshire Police,Wiltshire Police,-2.271901,51.090820,On or near Castle Hill Lane,E01032037,Wiltshire 050D,Criminal damage and arson,Investigation complete; no suspect identified,
09598fa36965af617908d5c614eeb2925b5f6eb70d14a29fb1c56d58c23e7ecf,2012-12,Wiltshire Police,Wiltshire Police,-2.268914,51.090323,On or near The Square,E01032037,Wiltshire 050D,Shoplifting,Investigation complete; no suspect identified,
,2012-12,Wiltshire Police,Wiltshire Police,-1.780528,51.088126,On or near St Brendans Close,E01031984,Wiltshire 051A,Anti-social behaviour,,
,2012-12,Wiltshire Police,Wiltshire Police,-1.774651,51.089859,On or near Monxton Close,E01031984,Wiltshire 051A,Anti-social behaviour,,
df293b3b8838ddf0f55c973181c03b26d9945a25001b949010c6385f5a60e073,2012-12,Wiltshire Police,Wiltshire Police,-1.775161,51.087783,On or near St Lukes Close,E01031984,Wiltshire 051A,Burglary,Investigation complete; no suspect identified,
a0fb67dd15b6a69443743ff8be09001e5ef064f53b1089bdc492ef9c53783640,2012-12,Wiltshire Police,Wiltshire Police,-1.781826,51.088299,On or near Manning Close,E01031985,Wiltshire 051B,Criminal damage and arson,Investigation complete; no suspect identified,
44856579d4155dc4a83895b52b61e7b26ec5287c8abe63a4f0ddf8b31b8ed04c,2012-12,Wiltshire Police,Wiltshire Police,-1.777869,51.085666,On or near Hoadley Green,E01031985,Wiltshire 051B,Other theft,Investigation complete; no suspect identified,
6b8719b24801a8c132a883f3d6af0ed0f28b2e3f9c45d47892d6c63f7541e444,2012-12,Wiltshire Police,Wiltshire Police,-1.775654,51.086174,On or near Petrol Station,E01031985,Wiltshire 051B,Other theft,Suspect charged as part of another case,
d1d0e175671a741a9dcdf3d5cb57ed39a2683a0de9c6605f7b987a1a1a585e3f,2012-12,Wiltshire Police,Wiltshire Police,-1.782143,51.087805,On or near The Crusades,E01031985,Wiltshire 051B,Vehicle crime,Investigation complete; no suspect identified,
,2012-12,Wiltshire Police,Wiltshire Police,-1.778711,51.082916,On or near Seth Ward Drive,E01031986,Wiltshire 051C,Anti-social behaviour,,
,2012-12,Wiltshire Police,Wiltshire Police,-1.783131,51.083994,On or near Bishopdown Road,E01031986,Wiltshire 051C,Anti-social behaviour,,
,2012-12,Wiltshire Police,Wiltshire Police,-1.780284,51.082352,On or near Lovett Green,E01031986,Wiltshire 051C,Anti-social behaviour,,
,2012-12,Wiltshire Police,Wiltshire Police,-1.786314,51.081078,On or near Link Way,E01031986,Wiltshire 051C,Anti-social behaviour,,
bc325b2fc93a9f96194fe710e8889c2480a0525093890821777a8067522e767d,2012-12,Wiltshire Police,Wiltshire Police,-1.784834,51.083116,On or near Talbot Close,E01031986,Wiltshire 051C,Drugs,Investigation complete; no suspect identified,
1f77590fc980708a6c41b0bf7e8a351e8c107654d0ab31a15e4a23074e667e90,2012-12,Wiltshire Police,Wiltshire Police,-1.783809,51.082449,On or near Denison Rise,E01031986,Wiltshire 051C,Other theft,Investigation complete; no suspect identified,
02500dac4a8b30c171ecca2acd2ac208ca7840699c268ac8d491cb3da70d0cb6,2012-12,Wiltshire Police,Wiltshire Police,-1.779032,51.084373,On or near Burnet Way,E01031986,Wiltshire 051C,Violent crime,Investigation complete; no suspect identified,
,2012-12,Wiltshire Police,Wiltshire Police,-1.787900,51.080703,On or near Bishopdown Road,E01032017,Wiltshire 051D,Anti-social behaviour,,
,2012-12,Wiltshire Police,Wiltshire Police,-1.829011,51.089384,On or near Ramleaze Drive,E01031980,Wiltshire 052A,Anti-social behaviour,,
,2012-12,Wiltshire Police,Wiltshire Police,-1.829532,51.087470,On or near Folly View,E01031980,Wiltshire 052A,Anti-social behaviour,,
9d43d34e370c2679d9822759713bd8655fb56995d21b8a98df912e36e1ac8365,2012-12,Wiltshire Police,Wiltshire Police,-1.829241,51.088899,On or near Shropshire Close,E01031980,Wiltshire 052A,Criminal damage and arson,Offender given community sentence,
,2012-12,Wiltshire Police,Wiltshire Police,-1.831541,51.080612,On or near Stanley Little Road,E01031981,Wiltshire 052B,Anti-social behaviour,,
,2012-12,Wiltshire Police,Wiltshire Police,-1.833937,51.085390,On or near Westwood Road,E01031981,Wiltshire 052B,Anti-social behaviour,,
,2012-12,Wiltshire Police,Wiltshire Police,-1.830625,51.081204,On or near Rawlence Road,E01031981,Wiltshire 052B,Anti-social behaviour,,
,2012-12,Wiltshire Police,Wiltshire Police,-1.829879,51.082363,On or near Winding Way,E01031981,Wiltshire 052B,Anti-social behaviour,,
,2012-12,Wiltshire Police,Wiltshire Police,-1.830625,51.081204,On or near Rawlence Road,E01031981,Wiltshire 052B,Anti-social behaviour,,
,2012-12,Wiltshire Police,Wiltshire Police,-1.833200,51.083663,On or near Sports/Recreation Area,E01031981,Wiltshire 052B,Anti-social behaviour,,
dfafdb70cd75d6e1000f2b808f101c1cf544fa056a443fb6e7205d3bfeddea93,2012-12,Wiltshire Police,Wiltshire Police,-1.833937,51.085390,On or near Westwood Road,E01031981,Wiltshire 052B,Burglary,Investigation complete; no suspect identified,
6eb44ac8be5163e5e18e462784cfecc2cd82bf9f4b82f42943c06b0143b5571f,2012-12,Wiltshire Police,Wiltshire Police,-1.833937,51.085390,On or near Westwood Road,E01031981,Wiltshire 052B,Criminal damage and arson,Investigation complete; no suspect identified,
eb496f4acd0da8bea7f62fbd2009cfde48fb47c697d2723bdd1a3ece846eb185,2012-12,Wiltshire Police,Wiltshire Police,-1.830625,51.081204,On or near Rawlence Road,E01031981,Wiltshire 052B,Criminal damage and arson,Investigation complete; no suspect identified,
0bc65cd68354f999d381eafeef9a75b579f615eb2a028d9d41d6f96859d5eccc,2012-12,Wiltshire Police,Wiltshire Police,-1.830625,51.081204,On or near Rawlence Road,E01031981,Wiltshire 052B,Criminal damage and arson,Investigation complete; no suspect identified,
234192c627f385536c65a05cce6cab0d256e4076aff8a8d25e6fdfc783295a27,2012-12,Wiltshire Police,Wiltshire Police,-1.835057,51.083548,On or near Rowan Close,E01031981,Wiltshire 052B,Vehicle crime,Investigation complete; no suspect identified,
fe560fe0c8957a667a392f495d4559eae69c085de6ddba0b7519b2f3bc903a49,2012-12,Wiltshire Police,Wiltshire Police,-1.830625,51.081204,On or near Rawlence Road,E01031981,Wiltshire 052B,Violent crime,Investigation complete; no suspect identified,
,2012-12,Wiltshire Police,Wiltshire Police,-1.821957,51.081857,On or near Queen Mary Road,E01031982,Wiltshire 052C,Anti-social behaviour,,
,2012-12,Wiltshire Police,Wiltshire Police,-1.827444,51.088348,On or near Olivier Close,E01031982,Wiltshire 052C,Anti-social behaviour,,
,2012-12,Wiltshire Police,Wiltshire Police,-1.824550,51.083335,On or near St Michael'S Road,E01031982,Wiltshire 052C,Anti-social behaviour,,
9e7d3ecc03cc3126659961e5daf9d6ff20b5c9a4f2762aa602b370068e5443b2,2012-12,Wiltshire Police,Wiltshire Police,-1.822100,51.085678,On or near Eagle Field,E01031982,Wiltshire 052C,Burglary,Defendant found not guilty,
19c9bd2972109609eaee42e1b0b48007d175db4002fef9d796aa44bdec75ce0e,2012-12,Wiltshire Police,Wiltshire Police,-1.825451,51.086852,On or near The Valley,E01031982,Wiltshire 052C,Criminal damage and arson,Investigation complete; no suspect identified,
70d0c5d7a3cfc0bf31e4e63298e9562b5047968144e7ffdbeab1f42cc9dc9162,2012-12,Wiltshire Police,Wiltshire Police,-1.827444,51.088348,On or near Olivier Close,E01031982,Wiltshire 052C,Criminal damage and arson,Under investigation,
253895a937b5f568cf5681085715b80dac74b59d02ee89e3f81a2e3b48fbcb8d,2012-12,Wiltshire Police,Wiltshire Police,-1.822100,51.085678,On or near Eagle Field,E01031982,Wiltshire 052C,Criminal damage and arson,Investigation complete; no suspect identified,
0338023462cfedbb50e55ac2064fa834b1694b00f05cc58338cbdac53525c604,2012-12,Wiltshire Police,Wiltshire Police,-1.825451,51.086852,On or near The Valley,E01031982,Wiltshire 052C,Criminal damage and arson,Investigation complete; no suspect identified,
2353f73bf8d4fbd842f1f15082b74da19822a704b0d514dd3331cb8f5f2450cf,2012-12,Wiltshire Police,Wiltshire Police,-1.827444,51.088348,On or near Olivier Close,E01031982,Wiltshire 052C,Criminal damage and arson,Local resolution,
de1cd9e9920aa789d000c88e54e89a47ad5550e8c26c4ad1ef8c28137c0153ff,2012-12,Wiltshire Police,Wiltshire Police,-1.824550,51.083335,On or near St Michael'S Road,E01031982,Wiltshire 052C,Criminal damage and arson,Court result unavailable,
faba3907d8fbe0250b4f8b2a06e47f213d69dad6a951f999c905ee500fc245f5,2012-12,Wiltshire Police,Wiltshire Police,-1.825451,51.086852,On or near The Valley,E01031982,Wiltshire 052C,Criminal damage and arson,Investigation complete; no suspect identified,
318bc8e10d28012dd7b816238be9bce9c31a9ea5f18517f6d236a852d1295c6a,2012-12,Wiltshire Police,Wiltshire Police,-1.825451,51.086852,On or near The Valley,E01031982,Wiltshire 052C,Criminal damage and arson,Investigation complete; no suspect identified,
5fc50e040ad04a704f84b4956101e06f3b7a7cb2719b945799071b37f05e2c81,2012-12,Wiltshire Police,Wiltshire Police,-1.827444,51.088348,On or near Olivier Close,E01031982,Wiltshire 052C,Criminal damage and arson,Investigation complete; no suspect identified,
cfcee2f3dbd171b545c771b7525613f598db529de7e1c800027c3bec394551f6,2012-12,Wiltshire Police,Wiltshire Police,-1.825451,51.086852,On or near The Valley,E01031982,Wiltshire 052C,Criminal damage and arson,Investigation complete; no suspect identified,
94d44175b58d9e5bdba785e9a493f9a4d7c7629d46a5c70a310bc5b1b1c2839f,2012-12,Wiltshire Police,Wiltshire Police,-1.825451,51.086852,On or near The Valley,E01031982,Wiltshire 052C,Criminal damage and arson,Investigation complete; no suspect identified,
4132476b398d1150a621c35769aabca0816175e8647a4e0a694a15d1bb713b44,2012-12,Wiltshire Police,Wiltshire Police,-1.825451,51.086852,On or near The Valley,E01031982,Wiltshire 052C,Criminal damage and arson,Investigation complete; no suspect identified,
c517c274876860070fadf2e32c82712b9a79772886f99a8d1ea7b01962f04346,2012-12,Wiltshire Police,Wiltshire Police,-1.824550,51.083335,On or near St Michael'S Road,E01031982,Wiltshire 052C,Criminal damage and arson,Investigation complete; no suspect identified,
157a5584a4ff788ad4030c6f63471f07b99948eb9302a7603a653050400dd44d,2012-12,Wiltshire Police,Wiltshire Police,-1.823405,51.084251,On or near Cheshire Close,E01031982,Wiltshire 052C,Criminal damage and arson,Investigation complete; no suspect identified,
b34f1a5d7ee9ae59a810e48c1ca977c582729c41c7a3daa45b91120c0be93c41,2012-12,Wiltshire Police,Wiltshire Police,-1.825451,51.086852,On or near The Valley,E01031982,Wiltshire 052C,Criminal damage and arson,Investigation complete; no suspect identified,
8b6f0f203142d0881c2c9baf6325bbc675c491beafd835fd954692bdea27d5f9,2012-12,Wiltshire Police,Wiltshire Police,-1.825451,51.086852,On or near The Valley,E01031982,Wiltshire 052C,Criminal damage and arson,Investigation complete; no suspect identified,
03c8c89a0fede1f70662bda0e15cb3521238235f9919241b52fa8da3746960f0,2012-12,Wiltshire Police,Wiltshire Police,-1.825451,51.086852,On or near The Valley,E01031982,Wiltshire 052C,Criminal damage and arson,Investigation complete; no suspect identified,
e138ed759b7865fa7ffaae8a1bafa16d51e43aa35786b38c740cc787e421cb73,2012-12,Wiltshire Police,Wiltshire Police,-1.827444,51.088348,On or near Olivier Close,E01031982,Wiltshire 052C,Other theft,Court result unavailable,
b9de1815011a239d100e1dd405c1e99573c08de3a73659bbbba0683b3910c118,2012-12,Wiltshire Police,Wiltshire Police,-1.825451,51.086852,On or near The Valley,E01031982,Wiltshire 052C,Vehicle crime,Investigation complete; no suspect identified,
89e6c668e50cf875c95da809a133dd7f5b19049b50fbf382ebbd8d98f102bb21,2012-12,Wiltshire Police,Wiltshire Police,-1.824550,51.083335,On or near St Michael'S Road,E01031982,Wiltshire 052C,Vehicle crime,Investigation complete; no suspect identified,
a0f055f431664c9d9e4bfa61065276e006f71ddb7410c4d003a1a3c37d6172d8,2012-12,Wiltshire Police,Wiltshire Police,-1.820445,51.081575,On or near Roberts Road,E01031982,Wiltshire 052C,Violent crime,Offender given a caution,
,2012-12,Wiltshire Police,Wiltshire Police,-1.827411,51.081928,On or near Glyndebourne Close,E01031983,Wiltshire 052D,Anti-social behaviour,,
,2012-12,Wiltshire Police,Wiltshire Police,-1.828262,51.079564,On or near Festival Avenue,E01031983,Wiltshire 052D,Anti-social behaviour,,
,2012-12,Wiltshire Police,Wiltshire Police,-1.827411,51.081928,On or near Glyndebourne Close,E01031983,Wiltshire 052D,Anti-social behaviour,,
,2012-12,Wiltshire Police,Wiltshire Police,-1.827860,51.083853,On or near Barnards Hill Drive,E01031983,Wiltshire 052D,Anti-social behaviour,,
,2012-12,Wiltshire Police,Wiltshire Police,-1.827032,51.083887,On or near Woodside Road,E01031983,Wiltshire 052D,Anti-social behaviour,,
,2012-12,Wiltshire Police,Wiltshire Police,-1.831889,51.079263,On or near Pullman Drive,E01031983,Wiltshire 052D,Anti-social behaviour,,
,2012-12,Wiltshire Police,Wiltshire Police,-1.827411,51.081928,On or near Glyndebourne Close,E01031983,Wiltshire 052D,Anti-social behaviour,,
,2012-12,Wiltshire Police,Wiltshire Police,-1.825584,51.081817,On or near Gainsborough Close,E01031983,Wiltshire 052D,Anti-social behaviour,,
,2012-12,Wiltshire Police,Wiltshire Police,-1.827411,51.081928,On or near Glyndebourne Close,E01031983,Wiltshire 052D,Anti-social behaviour,,
,2012-12,Wiltshire Police,Wiltshire Police,-1.824175,51.080529,On or near Heath View Drive,E01031983,Wiltshire 052D,Anti-social behaviour,,
,2012-12,Wiltshire Police,Wiltshire Police,-1.825584,51.081817,On or near Gainsborough Close,E01031983,Wiltshire 052D,Anti-social behaviour,,
,2012-12,Wiltshire Police,Wiltshire Police,-1.827032,51.083887,On or near Woodside Road,E01031983,Wiltshire 052D,Anti-social behaviour,,
,2012-12,Wiltshire Police,Wiltshire Police,-1.828262,51.079564,On or near Festival Avenue,E01031983,Wiltshire 052D,Anti-social behaviour,,
83756b9f948050d6ea91cba551f87ff24a9bfabcc2f47e41ab83bab6ccd1b049,2012-12,Wiltshire Police,Wiltshire Police,-1.828262,51.079564,On or near Festival Avenue,E01031983,Wiltshire 052D,Burglary,Investigation complete; no suspect identified,
c5c00fc0e7ba9da55817b322a35ee0076d27c0660f71eb4a5ea10fe73dfc8b86,2012-12,Wiltshire Police,Wiltshire Police,-1.828262,51.079564,On or near Festival Avenue,E01031983,Wiltshire 052D,Criminal damage and arson,Investigation complete; no suspect identified,
e19b2d77b9eaaea47b8ef5eab96ac54bd1ff79980b6713e504eaea3ac8973136,2012-12,Wiltshire Police,Wiltshire Police,-1.828262,51.079564,On or near Festival Avenue,E01031983,Wiltshire 052D,Criminal damage and arson,Investigation complete; no suspect identified,
e1fb80ad0053d5e30bf0d05fff91af652fb32684d69006fe48c5f4434ab3dd82,2012-12,Wiltshire Police,Wiltshire Police,-1.827411,51.081928,On or near Glyndebourne Close,E01031983,Wiltshire 052D,Criminal damage and arson,Investigation complete; no suspect identified,
4d2cdee92b7fead3fde75061e6a32cb1fb472ca7c7df64baf22fb6643fb27e31,2012-12,Wiltshire Police,Wiltshire Police,-1.827411,51.081928,On or near Glyndebourne Close,E01031983,Wiltshire 052D,Criminal damage and arson,Investigation complete; no suspect identified,
68849beb5b9eaf27f0f1207a719319f066b32cbf52f97a179973af07d4431679,2012-12,Wiltshire Police,Wiltshire Police,-1.828262,51.079564,On or near Festival Avenue,E01031983,Wiltshire 052D,Criminal damage and arson,Investigation complete; no suspect identified,
ae1b2f2886c59a97320955cb670e4bb82089409df2283cbee14743591f4a8d09,2012-12,Wiltshire Police,Wiltshire Police,-1.827032,51.083887,On or near Woodside Road,E01031983,Wiltshire 052D,Criminal damage and arson,Local resolution,
4ce5738b018a6f8b244caa8b27c6591f77ca092b56345e164294c3a219f92521,2012-12,Wiltshire Police,Wiltshire Police,-1.828262,51.079564,On or near Festival Avenue,E01031983,Wiltshire 052D,Criminal damage and arson,Investigation complete; no suspect identified,
6c94b98aaeae6e403bf1cddcb42f2a941c0fd582d6ecd61dc7dd3b4f12248788,2012-12,Wiltshire Police,Wiltshire Police,-1.827411,51.081928,On or near Glyndebourne Close,E01031983,Wiltshire 052D,Criminal damage and arson,Investigation complete; no suspect identified,
9b603fa5f8e145b6d9ce507a534501cf96d88c00efc34e1bc799fd5ede9ce26f,2012-12,Wiltshire Police,Wiltshire Police,-1.828262,51.079564,On or near Festival Avenue,E01031983,Wiltshire 052D,Criminal damage and arson,Investigation complete; no suspect identified,
62c7c929c9a0875140c21000dfffa4a9a6b65e4dc285ff3128632d0c5b0b07d9,2012-12,Wiltshire Police,Wiltshire Police,-1.828262,51.079564,On or near Festival Avenue,E01031983,Wiltshire 052D,Criminal damage and arson,Investigation complete; no suspect identified,
6b65ea2ec68f83f4039fa2d6ec583a1bb96949513306a641673b30190c5cb6ca,2012-12,Wiltshire Police,Wiltshire Police,-1.827032,51.083887,On or near Woodside Road,E01031983,Wiltshire 052D,Criminal damage and arson,Investigation complete; no suspect identified,
d03b9f0f987c731c1cb2cdf976ac234ffab492374e4027b43475312c56ffa4af,2012-12,Wiltshire Police,Wiltshire Police,-1.825584,51.081817,On or near Gainsborough Close,E01031983,Wiltshire 052D,Drugs,Offender given a caution,
589498035f4a298dd2f068caee90b2f5c26854ecf7541c2f1ee1b1ce27ad4cf2,2012-12,Wiltshire Police,Wiltshire Police,-1.825584,51.081817,On or near Gainsborough Close,E01031983,Wiltshire 052D,Drugs,Offender given a caution,
ffde11f07751d062fb31c49542ba74914336267e9f11a8d97460976044753fa0,2012-12,Wiltshire Police,Wiltshire Police,-1.827032,51.083887,On or near Woodside Road,E01031983,Wiltshire 052D,Other theft,Investigation complete; no suspect identified,
e371b77d85fc4b0b57d2f4462e3a7a1bd7e0fc8ff5afb2b4505f3d5ff6575bb2,2012-12,Wiltshire Police,Wiltshire Police,-1.827411,51.081928,On or near Glyndebourne Close,E01031983,Wiltshire 052D,Other theft,Investigation complete; no suspect identified,
0aad96f132a683d90c5f4420a8d1863807abcb7895be3631592fa172e6152db9,2012-12,Wiltshire Police,Wiltshire Police,-1.827105,51.079580,On or near Old Dairy Close,E01031983,Wiltshire 052D,Other theft,Investigation complete; no suspect identified,
7c0ff41c17035bbc4a1de2a00ed24ca3c1b03fb683d9b9108a6dfd4fca58207d,2012-12,Wiltshire Police,Wiltshire Police,-1.824175,51.080529,On or near Heath View Drive,E01031983,Wiltshire 052D,Violent crime,Investigation complete; no suspect identified,
7e2a13953a1e4afca2436fbd6581fc6cfbc244010c87febdb6e848ef2207f47e,2012-12,Wiltshire Police,Wiltshire Police,-1.827411,51.081928,On or near Glyndebourne Close,E01031983,Wiltshire 052D,Violent crime,Investigation complete; no suspect identified,
c3c86e7922c648638dd974883c5fa3cea67fc9211c756fb3e3dcd3183caacf5d,2012-12,Wiltshire Police,Wiltshire Police,-1.798337,51.087079,On or near Castle Road,E01032018,Wiltshire 053A,Burglary,Investigation complete; no suspect identified,
606314c41861acde91bcae67a9f2dffcb90814115a9774f75ad315b50ed408cc,2012-12,Wiltshire Police,Wiltshire Police,-1.797679,51.087320,On or near Paul'S Dene Road,E01032018,Wiltshire 053A,Criminal damage and arson,Investigation complete; no suspect identified,
80703b9d07d135500ef012f127248ebae61676e55a35299bc36e1cb32f9a7838,2012-12,Wiltshire Police,Wiltshire Police,-1.813403,51.089855,On or near Miller Close,E01032018,Wiltshire 053A,Other theft,Investigation complete; no suspect identified,
0465bbf9e9938d544452763e9efb5ec686d79942dad3a6f49edc6ef723dc69f9,2012-12,Wiltshire Police,Wiltshire Police,-1.794793,51.087729,On or near Paul'S Dene Crescent,E01032018,Wiltshire 053A,Vehicle crime,Investigation complete; no suspect identified,
09952f222e7a6422afe0611108f705745fa7c8838ca396b77b7d2b2569f45bc3,2012-12,Wiltshire Police,Wiltshire Police,-1.802442,51.088569,On or near Sports/Recreation Area,E01032018,Wiltshire 053A,Vehicle crime,Investigation complete; no suspect identified,
d5f43e2272556634d2a1053cb42f1cefd3eb2a64fc7baaa2509067d30fbb1d16,2012-12,Wiltshire Police,Wiltshire Police,-1.798337,51.087079,On or near Castle Road,E01032018,Wiltshire 053A,Vehicle crime,Investigation complete; no suspect identified,
c05ae5cbdea421314d31efca8df5df650228b1df9f3908a9ab3c06e60e74e1a1,2012-12,Wiltshire Police,Wiltshire Police,-1.802442,51.088569,On or near Sports/Recreation Area,E01032018,Wiltshire 053A,Vehicle crime,Investigation complete; no suspect identified,
aee73f7832e4fd95117e6a66e80a90d371d3ae445296432cb510bed5242ff165,2012-12,Wiltshire Police,Wiltshire Police,-1.802442,51.088569,On or near Sports/Recreation Area,E01032018,Wiltshire 053A,Vehicle crime,Investigation complete; no suspect identified,
,2012-12,Wiltshire Police,Wiltshire Police,-1.804094,51.079472,On or near Sports/Recreation Area,E01032019,Wiltshire 053B,Anti-social behaviour,,
,2012-12,Wiltshire Police,Wiltshire Police,-1.797379,51.084011,On or near St Francis Road,E01032019,Wiltshire 053B,Anti-social behaviour,,
,2012-12,Wiltshire Police,Wiltshire Police,-1.802918,51.084065,On or near Chatham Close,E01032019,Wiltshire 053B,Anti-social behaviour,,
,2012-12,Wiltshire Police,Wiltshire Police,-1.800391,51.084259,On or near Fairfield Road,E01032019,Wiltshire 053B,Anti-social behaviour,,
,2012-12,Wiltshire Police,Wiltshire Police,-1.799913,51.082468,On or near Park Close,E01032019,Wiltshire 053B,Anti-social behaviour,,
b06b30f5bca4c9e01a9c638f4c54fcf06048f7e92727f682bf06234988b3c174,2012-12,Wiltshire Police,Wiltshire Police,-1.800391,51.084259,On or near Fairfield Road,E01032019,Wiltshire 053B,Criminal damage and arson,Investigation complete; no suspect identified,
5c09769bcda858636015f5f1d1b9ec993d97dd4453501fdcff88723b4b108aed,2012-12,Wiltshire Police,Wiltshire Police,-1.803510,51.082456,On or near Hudson Road,E01032019,Wiltshire 053B,Criminal damage and arson,Under investigation,
084b67b6a6c7c5087dff4eb41db0fe870e791a119c833cf16db2859395ccecfe,2012-12,Wiltshire Police,Wiltshire Police,-1.802918,51.084065,On or near Chatham Close,E01032019,Wiltshire 053B,Criminal damage and arson,Investigation complete; no suspect identified,
f7b9a2b41fce6ac027e66eb63d1914416362d109ce75ce133457cc3d584b117a,2012-12,Wiltshire Police,Wiltshire Police,-1.797681,51.083562,On or near Supermarket,E01032019,Wiltshire 053B,Shoplifting,Investigation complete; no suspect identified,
c778c61cd4c76a3766393c34296c909262b287e07fb03871923a2d364031af98,2012-12,Wiltshire Police,Wiltshire Police,-1.803510,51.082456,On or near Hudson Road,E01032019,Wiltshire 053B,Vehicle crime,Investigation complete; no suspect identified,
3707273ec2d7a4f77125398e0d88611663ecccbd21495308cb6b63dbf4c704cd,2012-12,Wiltshire Police,Wiltshire Police,-1.798660,51.081720,On or near Sports/Recreation Area,E01032019,Wiltshire 053B,Violent crime,Investigation complete; no suspect identified,
,2012-12,Wiltshire Police,Wiltshire Police,-1.793297,51.077322,On or near Donaldson Road,E01032020,Wiltshire 053C,Anti-social behaviour,,
,2012-12,Wiltshire Police,Wiltshire Police,-1.797788,51.075487,On or near Nelson Road,E01032020,Wiltshire 053C,Anti-social behaviour,,
,2012-12,Wiltshire Police,Wiltshire Police,-1.791461,51.076186,On or near Churchill Way North,E01032020,Wiltshire 053C,Anti-social behaviour,,
,2012-12,Wiltshire Police,Wiltshire Police,-1.785895,51.076041,On or near Bower Hill Road,E01032020,Wiltshire 053C,Anti-social behaviour,,
,2012-12,Wiltshire Police,Wiltshire Police,-1.796022,51.077660,On or near Victoria Road,E01032020,Wiltshire 053C,Anti-social behaviour,,
551cbcd1a82bf971721e05d564425ddd27846d1adffdea7390cec4bca04cab7e,2012-12,Wiltshire Police,Wiltshire Police,-1.797131,51.075522,On or near Castle Street,E01032020,Wiltshire 053C,Vehicle crime,Investigation complete; no suspect identified,
4ed819ab12eb591079296cc31a6bc4984846a8d2baaaaefc65fa8cf046be6bee,2012-12,Wiltshire Police,Wiltshire Police,-1.790658,51.077075,On or near Wordsworth Road,E01032020,Wiltshire 053C,Vehicle crime,Investigation complete; no suspect identified,
,2012-12,Wiltshire Police,Wiltshire Police,-1.818710,51.080062,On or near Crown Close,E01032025,Wiltshire 053D,Anti-social behaviour,,
b1188cefb598145d2863f8859ec7a4e435e08fd0f970fcc02032dca5e2c6fb4d,2012-12,Wiltshire Police,Wiltshire Police,-1.812448,51.078793,On or near Sarum Close,E01032025,Wiltshire 053D,Other theft,Investigation complete; no suspect identified,
a35a222cda0d99536f2e98891f71051f2a16120ffc27e4864fa9f5d354b1a3c6,2012-12,Wiltshire Police,Wiltshire Police,-1.818406,51.077310,On or near St Gregory'S Avenue,E01032025,Wiltshire 053D,Other theft,Investigation complete; no suspect identified,
b2821dddc46ca1632de660827ad563ffba6b2a37256cc698cbb61d01a21fdf42,2012-12,Wiltshire Police,Wiltshire Police,-1.979026,51.007085,On or near Quidham Street,E01031990,Wiltshire 054A,Burglary,Investigation complete; no suspect identified,
5c4474b6e99bb6a4fef3a93c8371213539b01a44f109ef7bf7f7e44f69dd672f,2012-12,Wiltshire Police,Wiltshire Police,-1.881429,51.037663,On or near Church Lane,E01031990,Wiltshire 054A,Other theft,Investigation complete; no suspect identified,
0cdeaa83192ab86e94fc5167f91beaa892d9e3498460ae5f2d81f1a65f7d591b,2012-12,Wiltshire Police,Wiltshire Police,-1.979026,51.007085,On or near Quidham Street,E01031990,Wiltshire 054A,Other theft,Investigation complete; no suspect identified,
e937056afe65b4c58592d9f189000fc13ee901d251f569c02c7fbe06c9a6bed4,2012-12,Wiltshire Police,Wiltshire Police,-1.949586,51.027524,On or near Pelham Court,E01031990,Wiltshire 054A,Other theft,Investigation complete; no suspect identified,
240ecb8325900df96196a78db276da80ada15e0093df42084ee713938ec9d1c6,2012-12,Wiltshire Police,Wiltshire Police,-1.958157,51.025711,On or near Knapp Hill,E01031990,Wiltshire 054A,Other theft,Investigation complete; no suspect identified,
309522d3a671e2ff82164d56b47903bc94a74eb75a1550754911f4830633b6fe,2012-12,Wiltshire Police,Wiltshire Police,-1.979026,51.007085,On or near Quidham Street,E01031990,Wiltshire 054A,Vehicle crime,Investigation complete; no suspect identified,
,2012-12,Wiltshire Police,Wiltshire Police,-1.977236,51.083869,On or near Spracklands,E01032004,Wiltshire 054B,Anti-social behaviour,,
,2012-12,Wiltshire Police,Wiltshire Police,-1.923686,51.073874,On or near A30,E01032004,Wiltshire 054B,Anti-social behaviour,,
,2012-12,Wiltshire Police,Wiltshire Police,-2.044318,51.095345,On or near The Reeds,E01032004,Wiltshire 054B,Anti-social behaviour,,
,2012-12,Wiltshire Police,Wiltshire Police,-1.926480,51.085332,On or near Dairy Road,E01032004,Wiltshire 054B,Anti-social behaviour,,
,2012-12,Wiltshire Police,Wiltshire Police,-1.919349,51.081200,On or near The Cleeves,E01032004,Wiltshire 054B,Anti-social behaviour,,
c275e5533cf3b3ab1aac8bc991983d159b95727452180340fbacacac348f10b3,2012-12,Wiltshire Police,Wiltshire Police,-1.983988,51.083654,On or near Snow Hill,E01032004,Wiltshire 054B,Burglary,Investigation complete; no suspect identified,
835b3893a1886fc5bff5ffa2c174eeac7756d04984482149cf953dbf68109e05,2012-12,Wiltshire Police,Wiltshire Police,-2.044600,51.091668,On or near Frog Lane,E01032004,Wiltshire 054B,Criminal damage and arson,Investigation complete; no suspect identified,
489cd01bff584d19516185f72b346fbe3462f876a36155920209abf049ee2537,2012-12,Wiltshire Police,Wiltshire Police,-2.044659,51.093664,On or near Barberry,E01032004,Wiltshire 054B,Criminal damage and arson,Investigation complete; no suspect identified,
e761d86d55208ab48391a080c6898c9613de7190147cb0c2a3f2affa2fd585f2,2012-12,Wiltshire Police,Wiltshire Police,-2.085290,51.096842,On or near B3089,E01032004,Wiltshire 054B,Other theft,Investigation complete; no suspect identified,
31306a5facc2ac1f8f801526650eb9666aabdb8f958a8ab850e145595ec13d02,2012-12,Wiltshire Police,Wiltshire Police,-1.923686,51.073874,On or near A30,E01032004,Wiltshire 054B,Violent crime,Investigation complete; no suspect identified,
9022350c5d36ef8111fc37345010e43cc3415d87737d5857c6d7ef6b3549b0b5,2012-12,Wiltshire Police,Wiltshire Police,-1.919349,51.081200,On or near The Cleeves,E01032004,Wiltshire 054B,Other crime,Suspect charged as part of another case,
33e112b00bd901da81d0c874d1e072f3da2698edf666302cee664c6a3824d4a2,2012-12,Wiltshire Police,Wiltshire Police,-1.954789,51.131556,On or near The Hollow,E01032027,Wiltshire 054C,Burglary,Investigation complete; no suspect identified,
278fd8805e2422b95f7d7ecbe3bea13934a9921395660be3bbed03cf5606e9a8,2012-12,Wiltshire Police,Wiltshire Police,-1.946410,51.135527,On or near The Wirr,E01032027,Wiltshire 054C,Criminal damage and arson,Investigation complete; no suspect identified,
cc809c8d7f1a797996f6816a3db8feb68f844eb076c22e7622e337880701a239,2012-12,Wiltshire Police,Wiltshire Police,-1.948355,51.134179,On or near Duck Street,E01032027,Wiltshire 054C,Vehicle crime,Investigation complete; no suspect identified,
041c085e1d901f1abe8871c1f84408573ceb24445eff8320dc5aec2711d63759,2012-12,Wiltshire Police,Wiltshire Police,-1.995061,51.146986,On or near A36,E01032027,Wiltshire 054C,Vehicle crime,Investigation complete; no suspect identified,
d95bef20497efbb17dd228211d1536c40dcd00362feb71ed5e1be7bf9a04d8f8,2012-12,Wiltshire Police,Wiltshire Police,-1.992632,51.137239,On or near Glebe Bungalows,E01032027,Wiltshire 054C,Vehicle crime,Investigation complete; no suspect identified,
987da025deef3d6f979453af6e06ff491e7dc7b4a5f77b5c94279910fcc09eec,2012-12,Wiltshire Police,Wiltshire Police,-1.901883,51.131830,On or near Petrol Station,E01032027,Wiltshire 054C,Violent crime,Local resolution,
,2012-12,Wiltshire Police,Wiltshire Police,-1.873095,51.076060,On or near Burcombe Lane,E01032038,Wiltshire 054D,Anti-social behaviour,,
,2012-12,Wiltshire Police,Wiltshire Police,-1.863364,51.079646,On or near Silver Street,E01032038,Wiltshire 054D,Anti-social behaviour,,
,2012-12,Wiltshire Police,Wiltshire Police,-1.873095,51.076060,On or near Burcombe Lane,E01032038,Wiltshire 054D,Anti-social behaviour,,
4c9b9558b1c91d76e5ef131a3e09d4708890525cdfb93493696ddbdb434bcd1d,2012-12,Wiltshire Police,Wiltshire Police,-1.863364,51.079646,On or near Silver Street,E01032038,Wiltshire 054D,Shoplifting,Investigation complete; no suspect identified,
1da96bd91c27f2ad78ee7e37fac2f6edf5f0be5c7a16129daec9bd830283d531,2012-12,Wiltshire Police,Wiltshire Police,-1.873711,51.070045,On or near Upper Folly,E01032038,Wiltshire 054D,Vehicle crime,Investigation complete; no suspect identified,
58fab0b4c61cb17fcdc011751b3e9e2cacc43b0b8a0be5b604e9299ee4df657d,2012-12,Wiltshire Police,Wiltshire Police,-1.876836,51.081316,On or near Shortlands,E01032038,Wiltshire 054D,Violent crime,Offender fined,
45af5e0ec646b3ca4d156cd8e7fd74e4facab346d74b10cdb96ab03ab1b503a0,2012-12,Wiltshire Police,Wiltshire Police,-1.863364,51.079646,On or near Silver Street,E01032038,Wiltshire 054D,Violent crime,Court result unavailable,
5b7486b51ce1d3a9dd32eae161b2692793d15b0c1f03f51eca87426655016edc,2012-12,Wiltshire Police,Wiltshire Police,-1.851080,51.086447,On or near Thornton Crescent,E01032039,Wiltshire 054E,Criminal damage and arson,Investigation complete; no suspect identified,
625e08766f3c0a16cc8d1e9a9ca91b70f8adcce454839a222abaccb6ee89efd7,2012-12,Wiltshire Police,Wiltshire Police,-1.860292,51.085379,On or near Warminster Road,E01032039,Wiltshire 054E,Drugs,Offender given a drugs possession warning,
,2012-12,Wiltshire Police,Wiltshire Police,-1.875070,51.074327,On or near Randall'S Croft Road,E01032040,Wiltshire 054F,Anti-social behaviour,,
,2012-12,Wiltshire Police,Wiltshire Police,-1.875070,51.074327,On or near Randall'S Croft Road,E01032040,Wiltshire 054F,Anti-social behaviour,,
,2012-12,Wiltshire Police,Wiltshire Police,-1.841065,51.080050,On or near Wilton Road,E01032040,Wiltshire 054F,Anti-social behaviour,,
5f6e734a9b2389992acec074f7c8dfbbc74e0b792aa1695f2284b85fe339a663,2012-12,Wiltshire Police,Wiltshire Police,-1.875113,51.074336,On or near St Andrew'S Close,E01032040,Wiltshire 054F,Criminal damage and arson,Investigation complete; no suspect identified,
c79c9b0f112b52db21f3d92f1d451bb9d2c54366fb7af81fa360f78ec068817b,2012-12,Wiltshire Police,Wiltshire Police,-1.899122,51.080285,On or near A30,E01032040,Wiltshire 054F,Vehicle crime,Investigation complete; no suspect identified,
,2012-12,Wiltshire Police,Wiltshire Police,-1.819845,51.074471,On or near Gramshaw Road,E01032001,Wiltshire 055A,Anti-social behaviour,,
,2012-12,Wiltshire Police,Wiltshire Police,-1.819395,51.072789,On or near Cecil Terrace,E01032001,Wiltshire 055A,Anti-social behaviour,,
f0af5d8c104663ddd49f0e2efd104e178f8a714f441db62e494aa195ea09af28,2012-12,Wiltshire Police,Wiltshire Police,-1.821406,51.076793,On or near Roman Road,E01032001,Wiltshire 055A,Criminal damage and arson,Investigation complete; no suspect identified,
5bcc1d7fa94281b1259447e522e0830bc972844730148214e454dab70170c593,2012-12,Wiltshire Police,Wiltshire Police,-1.821406,51.076793,On or near Roman Road,E01032001,Wiltshire 055A,Criminal damage and arson,Investigation complete; no suspect identified,
199c6d10cd9d91a6a00b8af97dfea039365946b68a9134192be84b27bcd0e89f,2012-12,Wiltshire Police,Wiltshire Police,-1.820829,51.078411,On or near Coronation Road,E01032001,Wiltshire 055A,Drugs,Investigation complete; no suspect identified,
d382e5916a4c661dac4cf808c34a48edd6de02b0e56b049ded52c0405595aee1,2012-12,Wiltshire Police,Wiltshire Police,-1.820399,51.074984,On or near Wilton Road,E01032001,Wiltshire 055A,Shoplifting,Offender given community sentence,
54b4e3803b9078d4e8509e05cd0de91134b3b532fb48d4f3f340dded7c3c51e0,2012-12,Wiltshire Police,Wiltshire Police,-1.820399,51.074984,On or near Wilton Road,E01032001,Wiltshire 055A,Shoplifting,Investigation complete; no suspect identified,
94609aeb0e25db859a4894f3755e8ab8f27eb3f9bd1ffd4851078d16dc148ed2,2012-12,Wiltshire Police,Wiltshire Police,-1.822486,51.074187,On or near Skew Bridge Road,E01032001,Wiltshire 055A,Vehicle crime,Investigation complete; no suspect identified,
75abe2ab8a5115ae3af14a88599c382348903f5fa3fd3bf9bc7617aaed913c02,2012-12,Wiltshire Police,Wiltshire Police,-1.819395,51.072789,On or near Cecil Terrace,E01032001,Wiltshire 055A,Vehicle crime,Investigation complete; no suspect identified,
d9b5036a9c62eb13754c680c867c5a22734d5e1f3c2ef766941b3c5d5a47cd50,2012-12,Wiltshire Police,Wiltshire Police,-1.824019,51.076536,On or near Pembroke Road,E01032001,Wiltshire 055A,Violent crime,Offender given a caution,
,2012-12,Wiltshire Police,Wiltshire Police,-1.815774,51.075112,On or near Montgomery Gardens,E01032002,Wiltshire 055B,Anti-social behaviour,,
,2012-12,Wiltshire Police,Wiltshire Police,-1.818489,51.074523,On or near Wilton Road,E01032002,Wiltshire 055B,Anti-social behaviour,,
,2012-12,Wiltshire Police,Wiltshire Police,-1.817049,51.074062,On or near Petrol Station,E01032002,Wiltshire 055B,Anti-social behaviour,,
,2012-12,Wiltshire Police,Wiltshire Police,-1.814768,51.073330,On or near Charnwood Road,E01032002,Wiltshire 055B,Anti-social behaviour,,
,2012-12,Wiltshire Police,Wiltshire Police,-1.815774,51.075112,On or near Montgomery Gardens,E01032002,Wiltshire 055B,Anti-social behaviour,,
,2012-12,Wiltshire Police,Wiltshire Police,-1.812716,51.076051,On or near Highbury Close,E01032002,Wiltshire 055B,Anti-social behaviour,,
,2012-12,Wiltshire Police,Wiltshire Police,-1.817049,51.074062,On or near Petrol Station,E01032002,Wiltshire 055B,Anti-social behaviour,,
,2012-12,Wiltshire Police,Wiltshire Police,-1.815774,51.075112,On or near Montgomery Gardens,E01032002,Wiltshire 055B,Anti-social behaviour,,
,2012-12,Wiltshire Police,Wiltshire Police,-1.817754,51.072633,On or near Cherry Orchard Lane,E01032002,Wiltshire 055B,Anti-social behaviour,,
e5f72a8b5d355daa43ded2cc225bb2380d40d3015d5b0b0f1b508c257b69de8d,2012-12,Wiltshire Police,Wiltshire Police,-1.815774,51.075112,On or near Montgomery Gardens,E01032002,Wiltshire 055B,Burglary,Under investigation,
e551e8d0a232bf49af185f5f6ff09b66d173d497448cc5af836d6e3aba32e0ee,2012-12,Wiltshire Police,Wiltshire Police,-1.812113,51.076860,On or near Highbury Avenue,E01032002,Wiltshire 055B,Criminal damage and arson,Investigation complete; no suspect identified,
f3b4ff216c8c749007d32fef048941181efbd0e57a222425bfdcf26dc3b6b595,2012-12,Wiltshire Police,Wiltshire Police,-1.814768,51.073330,On or near Charnwood Road,E01032002,Wiltshire 055B,Criminal damage and arson,Offender otherwise dealt with,
2b4b12e5605aeb73d05fe28caf44c1467936cdc1bf677c216531f4aa09f92e5e,2012-12,Wiltshire Police,Wiltshire Police,-1.812820,51.075026,On or near Highbury Avenue,E01032002,Wiltshire 055B,Criminal damage and arson,Investigation complete; no suspect identified,
e110030cdf6b1ac55ebc461465bbc1c5e1ce0eafc4262add37b04cdf92256a0c,2012-12,Wiltshire Police,Wiltshire Police,-1.818489,51.074523,On or near Wilton Road,E01032002,Wiltshire 055B,Public disorder and weapons,Offender given a caution,
4a5dedcebb31e631460f1b51b657f80df91dfbe527af9af50f82e04316d0c592,2012-12,Wiltshire Police,Wiltshire Police,-1.814768,51.073330,On or near Charnwood Road,E01032002,Wiltshire 055B,Public disorder and weapons,Offender ordered to pay compensation,
284aeb6f2aa1a41a8400a2dd86c43c7a20ca7a3b588ca7f6ec83ad481cc0951c,2012-12,Wiltshire Police,Wiltshire Police,-1.817637,51.069540,On or near Newton Road,E01032002,Wiltshire 055B,Vehicle crime,Investigation complete; no suspect identified,
a1dc289f2d5670df58ad02701a95b181aae8eea1fde768510587864baabdadc1,2012-12,Wiltshire Police,Wiltshire Police,-1.814768,51.073330,On or near Charnwood Road,E01032002,Wiltshire 055B,Violent crime,Investigation complete; no suspect identified,
,2012-12,Wiltshire Police,Wiltshire Police,-1.812468,51.073839,On or near Finchley Road,E01032003,Wiltshire 055C,Anti-social behaviour,,
,2012-12,Wiltshire Police,Wiltshire Police,-1.804399,51.071389,On or near Fisherton Street,E01032003,Wiltshire 055C,Anti-social behaviour,,
,2012-12,Wiltshire Police,Wiltshire Police,-1.812468,51.073839,On or near Finchley Road,E01032003,Wiltshire 055C,Anti-social behaviour,,
,2012-12,Wiltshire Police,Wiltshire Police,-1.812468,51.073839,On or near Finchley Road,E01032003,Wiltshire 055C,Anti-social behaviour,,
,2012-12,Wiltshire Police,Wiltshire Police,-1.806560,51.070088,On or near Parking Area,E01032003,Wiltshire 055C,Anti-social behaviour,,
,2012-12,Wiltshire Police,Wiltshire Police,-1.806560,51.070088,On or near Parking Area,E01032003,Wiltshire 055C,Anti-social behaviour,,
,2012-12,Wiltshire Police,Wiltshire Police,-1.806560,51.070088,On or near Parking Area,E01032003,Wiltshire 055C,Anti-social behaviour,,
462490bab340c8c32ff67f8c70854174689396a3be7eeb20284f28acd825576e,2012-12,Wiltshire Police,Wiltshire Police,-1.811745,51.068964,On or near Stephenson Road,E01032003,Wiltshire 055C,Burglary,Investigation complete; no suspect identified,
74fbaa142b792242a3ca0cf39d0b873ec806f87ec445f68a352fbfd576e50da7,2012-12,Wiltshire Police,Wiltshire Police,-1.812347,51.071878,On or near Shopping Area,E01032003,Wiltshire 055C,Criminal damage and arson,Investigation complete; no suspect identified,
b0d6c8d6e52b80f7a65651baeff4eb84b374ae3e7059de7bb9dde1ce23bbd54f,2012-12,Wiltshire Police,Wiltshire Police,-1.806608,51.072157,On or near Windsor Street,E01032003,Wiltshire 055C,Public disorder and weapons,Investigation complete; no suspect identified,
d8730473bc238bce020eb85bcb922735f2c8a1cd8625829e86dc3bf554a33a17,2012-12,Wiltshire Police,Wiltshire Police,-1.813144,51.069074,On or near Edison Road,E01032003,Wiltshire 055C,Vehicle crime,Investigation complete; no suspect identified,
dc2b4d810ebb14098530e1118bf4fbd8298584ddc0c279a02d4dc6cb04d0a480,2012-12,Wiltshire Police,Wiltshire Police,-1.807471,51.074046,On or near Hartington Road,E01032003,Wiltshire 055C,Violent crime,Local resolution,
9bb8e974181f73307c88f3b5095162745954da9cd96ab4c2919997d6757c0896,2012-12,Wiltshire Police,Wiltshire Police,-1.812347,51.071878,On or near Shopping Area,E01032003,Wiltshire 055C,Violent crime,Local resolution,
,2012-12,Wiltshire Police,Wiltshire Police,-1.798776,51.074652,On or near Kivel Court,E01032024,Wiltshire 055D,Anti-social behaviour,,
,2012-12,Wiltshire Police,Wiltshire Police,-1.803506,51.073302,On or near York Road,E01032024,Wiltshire 055D,Anti-social behaviour,,
,2012-12,Wiltshire Police,Wiltshire Police,-1.800664,51.073810,On or near Pedestrian Subway,E01032024,Wiltshire 055D,Anti-social behaviour,,
96e9a7e167d8bf5f7d667a0ba878d55e6430108dd450a32ec652b21219d05987,2012-12,Wiltshire Police,Wiltshire Police,-1.804683,51.071740,On or near Fisherton Street,E01032024,Wiltshire 055D,Other theft,Investigation complete; no suspect identified,
70fc1f94be170f74c186f717006baa9b0642a20887f380b6e1af338e3801b86b,2012-12,Wiltshire Police,Wiltshire Police,-1.800165,51.077047,On or near Theatre/Concert Hall,E01032024,Wiltshire 055D,Shoplifting,Under investigation,
3fcd2b4604f7fa069eb1d00d8494878df9036d6f916cca2e6ca7d7a42ec4826f,2012-12,Wiltshire Police,Wiltshire Police,-1.800165,51.077047,On or near Theatre/Concert Hall,E01032024,Wiltshire 055D,Shoplifting,Offender given penalty notice,
df4a3547852ec5792467d173f6ca28215c8b4374da25e1d420da70610040e33c,2012-12,Wiltshire Police,Wiltshire Police,-1.807064,51.075943,On or near Kingsland Road,E01032024,Wiltshire 055D,Vehicle crime,Investigation complete; no suspect identified,
80e93deb6b7997dd3f6f9176f1768cbcc990699461bfe91e20c7958242c500b5,2012-12,Wiltshire Police,Wiltshire Police,-1.804983,51.075193,On or near Coldharbour Lane,E01032024,Wiltshire 055D,Vehicle crime,Investigation complete; no suspect identified,
579f416e28b6dfed7bfc74f2411e6002f2f5d5284e0de09bc9771c33b5142453,2012-12,Wiltshire Police,Wiltshire Police,-1.804983,51.075193,On or near Coldharbour Lane,E01032024,Wiltshire 055D,Violent crime,Investigation complete; no suspect identified,
dae94f0bda4a2ec927918b910d9988b38f4814fa6c0c914f304a541f3be6c602,2012-12,Wiltshire Police,Wiltshire Police,-1.798531,51.075164,On or near Scamell'S Road,E01032024,Wiltshire 055D,Violent crime,Offender given a caution,
ed145ed176586d779ce1dd8220740b858235254205d455c9516aaa246ecb8882,2012-12,Wiltshire Police,Wiltshire Police,-1.800165,51.077047,On or near Theatre/Concert Hall,E01032024,Wiltshire 055D,Other crime,Suspect charged as part of another case,
,2012-12,Wiltshire Police,Wiltshire Police,-1.789793,51.069412,On or near Pedestrian Subway,E01032014,Wiltshire 056A,Anti-social behaviour,,
,2012-12,Wiltshire Police,Wiltshire Police,-1.795454,51.070465,On or near Chipper Lane,E01032014,Wiltshire 056A,Anti-social behaviour,,
,2012-12,Wiltshire Police,Wiltshire Police,-1.796486,51.069640,On or near Minster Street,E01032014,Wiltshire 056A,Anti-social behaviour,,
,2012-12,Wiltshire Police,Wiltshire Police,-1.793771,51.070354,On or near Bus/Coach Station,E01032014,Wiltshire 056A,Anti-social behaviour,,
,2012-12,Wiltshire Police,Wiltshire Police,-1.795508,51.071239,On or near Scots Lane,E01032014,Wiltshire 056A,Anti-social behaviour,,
,2012-12,Wiltshire Police,Wiltshire Police,-1.795299,51.070069,On or near Shopping Area,E01032014,Wiltshire 056A,Anti-social behaviour,,
,2012-12,Wiltshire Police,Wiltshire Police,-1.793511,51.071109,On or near Rollestone Street,E01032014,Wiltshire 056A,Anti-social behaviour,,
,2012-12,Wiltshire Police,Wiltshire Police,-1.795299,51.070069,On or near Shopping Area,E01032014,Wiltshire 056A,Anti-social behaviour,,
,2012-12,Wiltshire Police,Wiltshire Police,-1.794115,51.069941,On or near Bus/Coach Station,E01032014,Wiltshire 056A,Anti-social behaviour,,
,2012-12,Wiltshire Police,Wiltshire Police,-1.795299,51.070069,On or near Shopping Area,E01032014,Wiltshire 056A,Anti-social behaviour,,
,2012-12,Wiltshire Police,Wiltshire Police,-1.794115,51.069941,On or near Bus/Coach Station,E01032014,Wiltshire 056A,Anti-social behaviour,,
,2012-12,Wiltshire Police,Wiltshire Police,-1.794115,51.069941,On or near Bus/Coach Station,E01032014,Wiltshire 056A,Anti-social behaviour,,
,2012-12,Wiltshire Police,Wiltshire Police,-1.796188,51.072472,On or near Castle Street,E01032014,Wiltshire 056A,Anti-social behaviour,,
,2012-12,Wiltshire Police,Wiltshire Police,-1.793771,51.070354,On or near Bus/Coach Station,E01032014,Wiltshire 056A,Anti-social behaviour,,
,2012-12,Wiltshire Police,Wiltshire Police,-1.787864,51.073149,On or near Estcourt Road,E01032014,Wiltshire 056A,Anti-social behaviour,,
,2012-12,Wiltshire Police,Wiltshire Police,-1.795299,51.070069,On or near Shopping Area,E01032014,Wiltshire 056A,Anti-social behaviour,,
,2012-12,Wiltshire Police,Wiltshire Police,-1.795299,51.070069,On or near Shopping Area,E01032014,Wiltshire 056A,Anti-social behaviour,,
,2012-12,Wiltshire Police,Wiltshire Police,-1.797308,51.070927,On or near Avon Approach,E01032014,Wiltshire 056A,Anti-social behaviour,,
,2012-12,Wiltshire Police,Wiltshire Police,-1.795299,51.070069,On or near Shopping Area,E01032014,Wiltshire 056A,Anti-social behaviour,,
,2012-12,Wiltshire Police,Wiltshire Police,-1.795299,51.070069,On or near Shopping Area,E01032014,Wiltshire 056A,Anti-social behaviour,,
,2012-12,Wiltshire Police,Wiltshire Police,-1.797308,51.070927,On or near Avon Approach,E01032014,Wiltshire 056A,Anti-social behaviour,,
,2012-12,Wiltshire Police,Wiltshire Police,-1.794115,51.069941,On or near Bus/Coach Station,E01032014,Wiltshire 056A,Anti-social behaviour,,
,2012-12,Wiltshire Police,Wiltshire Police,-1.795454,51.070465,On or near Chipper Lane,E01032014,Wiltshire 056A,Anti-social behaviour,,
6bb15c93626c058ebb8ea9a211d0bbfe592817ac77c3f69b13451a9822c512bd,2012-12,Wiltshire Police,Wiltshire Police,-1.793771,51.070354,On or near Bus/Coach Station,E01032014,Wiltshire 056A,Criminal damage and arson,Offender given community sentence,
ae08fbe42b9a6c4365383263d807f15009bd1fbafda996f188b40418ed9db002,2012-12,Wiltshire Police,Wiltshire Police,-1.793771,51.070354,On or near Bus/Coach Station,E01032014,Wiltshire 056A,Criminal damage and arson,Offender given community sentence,
aa4224f8e53b7d967caae6ebe255649b8f2c30e08a0f11c62df861d1635e1494,2012-12,Wiltshire Police,Wiltshire Police,-1.793771,51.070354,On or near Bus/Coach Station,E01032014,Wiltshire 056A,Criminal damage and arson,Offender given community sentence,
f73cee26c1809ecd266b9f265550a04e0eaa2c03367add32fa5b14d37517a9a9,2012-12,Wiltshire Police,Wiltshire Police,-1.793158,51.070173,On or near Brown Street,E01032014,Wiltshire 056A,Criminal damage and arson,Court result unavailable,
74af84420e2c97754d7d48cf233f1573a70fc667fa1a8ec6909c23d1e1a2d2ca,2012-12,Wiltshire Police,Wiltshire Police,-1.793771,51.070354,On or near Bus/Coach Station,E01032014,Wiltshire 056A,Criminal damage and arson,Offender given community sentence,
09169663308b81f7ce966020b32e24ddbab1b1137f92f37c9d8ceda293ead91e,2012-12,Wiltshire Police,Wiltshire Police,-1.793771,51.070354,On or near Bus/Coach Station,E01032014,Wiltshire 056A,Criminal damage and arson,Court result unavailable,
dfb332c3b235568c26d7e053ef15cc3639e2c0d20c425b7fd053b967e10a06d7,2012-12,Wiltshire Police,Wiltshire Police,-1.789761,51.073234,On or near College Street,E01032014,Wiltshire 056A,Criminal damage and arson,Investigation complete; no suspect identified,
b312e786e7d8b81459958394375eda750a469c73f16a1af843d94edff08e935c,2012-12,Wiltshire Police,Wiltshire Police,-1.796486,51.069640,On or near Minster Street,E01032014,Wiltshire 056A,Criminal damage and arson,Investigation complete; no suspect identified,
1e2abad634de11de542aac6af5a913dba1f586e079bd2f7d7881f9dcab115991,2012-12,Wiltshire Police,Wiltshire Police,-1.798941,51.069626,On or near Priory Square,E01032014,Wiltshire 056A,Criminal damage and arson,Investigation complete; no suspect identified,
3f6c81045840cce673f3f072a694a02d30ac0793575070177a66859a30591a0e,2012-12,Wiltshire Police,Wiltshire Police,-1.796486,51.069640,On or near Minster Street,E01032014,Wiltshire 056A,Other theft,Investigation complete; no suspect identified,
38392635dc3891f2f921198a01aabd4ce9c827cb956aeeae459051966f6c2038,2012-12,Wiltshire Police,Wiltshire Police,-1.794115,51.069941,On or near Bus/Coach Station,E01032014,Wiltshire 056A,Other theft,Investigation complete; no suspect identified,
59df429c8fa29e3772f84efb39235e60c42a96ea842eb7ea80e110090225cb03,2012-12,Wiltshire Police,Wiltshire Police,-1.799513,51.069159,On or near Bridge Street,E01032014,Wiltshire 056A,Other theft,Investigation complete; no suspect identified,
84ad3ae216d8c91c29c3f53cd224e34b3671ef3cce5b42c1b266b0218cbea2da,2012-12,Wiltshire Police,Wiltshire Police,-1.796486,51.069640,On or near Minster Street,E01032014,Wiltshire 056A,Other theft,Investigation complete; no suspect identified,
9e4b19282f949b592e5cb0048d3bc0e0a3ed5738cd0d7d9bd4c13576876a58e9,2012-12,Wiltshire Police,Wiltshire Police,-1.787220,51.073490,On or near Churchill Way South,E01032014,Wiltshire 056A,Other theft,Investigation complete; no suspect identified,
ea8e30e99e351574302d450bf6e27ce25e02d482fb003f396f8b942df2236727,2012-12,Wiltshire Police,Wiltshire Police,-1.798941,51.069626,On or near Priory Square,E01032014,Wiltshire 056A,Other theft,Investigation complete; no suspect identified,
59ad6e4df2a5f8619b465233c238afbdb0a10fd292cdf2cef627050bf412d73c,2012-12,Wiltshire Police,Wiltshire Police,-1.789793,51.069412,On or near Pedestrian Subway,E01032014,Wiltshire 056A,Public disorder and weapons,Offender given a caution,
430c0098700ca5120a2b596e58de0a76cf41a1ce579a9ab82221143c7e45af6c,2012-12,Wiltshire Police,Wiltshire Police,-1.792147,51.069596,On or near Winchester Street,E01032014,Wiltshire 056A,Public disorder and weapons,Offender given conditional discharge,
1e1dfbd9672f75564789f9f75478becaa7f581b85bd4e10451e29e9123c06a34,2012-12,Wiltshire Police,Wiltshire Police,-1.796752,51.070737,On or near Supermarket,E01032014,Wiltshire 056A,Shoplifting,Offender given penalty notice,
961ac387d5e46dd7062ef2c6020100dc93af8987312af9f28443ce13258123bf,2012-12,Wiltshire Police,Wiltshire Police,-1.795299,51.070069,On or near Shopping Area,E01032014,Wiltshire 056A,Shoplifting,Offender given community sentence,
693bd800c925aeac11fe21a96c5962f8a3b343f7107cf1a7a607cd35d08b4b29,2012-12,Wiltshire Police,Wiltshire Police,-1.796752,51.070737,On or near Supermarket,E01032014,Wiltshire 056A,Shoplifting,Offender given penalty notice,
c4f571781ddcd5b24c4ead4828ca09eed32f8e03cfe15276743feb32cab625e3,2012-12,Wiltshire Police,Wiltshire Police,-1.798941,51.069626,On or near Priory Square,E01032014,Wiltshire 056A,Shoplifting,Offender given penalty notice,
de2be28cb0a1b971b79eb607f34952d06fa2db5e8029c7717635e032ac78b316,2012-12,Wiltshire Police,Wiltshire Police,-1.796752,51.070737,On or near Supermarket,E01032014,Wiltshire 056A,Shoplifting,Under investigation,
e3f1eee17e18064d62788a958baaa28ec2c15268934f4fd4854caa138d5c9024,2012-12,Wiltshire Police,Wiltshire Police,-1.796752,51.070737,On or near Supermarket,E01032014,Wiltshire 056A,Shoplifting,Local resolution,
e480c7e4afcdf1c6fc09fc389041098cabf7f5badb8ec964d0321b061c493228,2012-12,Wiltshire Police,Wiltshire Police,-1.796752,51.070737,On or near Supermarket,E01032014,Wiltshire 056A,Shoplifting,Investigation complete; no suspect identified,
14f0eecb122c0f502808aa63d4f203b4b4c0e27cd0f5a1442855db927b785be8,2012-12,Wiltshire Police,Wiltshire Police,-1.796752,51.070737,On or near Supermarket,E01032014,Wiltshire 056A,Shoplifting,Local resolution,
e2479a9658f586bad5babd86a253415de55745c390a855d762c02355497d3cae,2012-12,Wiltshire Police,Wiltshire Police,-1.786174,51.074387,On or near Pedestrian Subway,E01032014,Wiltshire 056A,Vehicle crime,Investigation complete; no suspect identified,
e11b80d075767560d070bc70b9164c7f1941066d70a71de2ac545e97bb570440,2012-12,Wiltshire Police,Wiltshire Police,-1.787864,51.073149,On or near Estcourt Road,E01032014,Wiltshire 056A,Vehicle crime,Investigation complete; no suspect identified,
2dcc3ab2e5446a7e5f1a47724e9073c31556866b5d7d54778d3164869c3be50f,2012-12,Wiltshire Police,Wiltshire Police,-1.793511,51.071109,On or near Rollestone Street,E01032014,Wiltshire 056A,Violent crime,Investigation complete; no suspect identified,
725b78cc2fb037fb00fde56c5f9fef4371ed4a65104971fb7cfd29fe3ea9b621,2012-12,Wiltshire Police,Wiltshire Police,-1.793771,51.070354,On or near Bus/Coach Station,E01032014,Wiltshire 056A,Violent crime,Offender given a caution,
3ba3585f8d4e09af04948c97a567718a911e41fdd974f876a5f0fb482f7a6207,2012-12,Wiltshire Police,Wiltshire Police,-1.801436,51.070116,On or near Fisherton Street,E01032014,Wiltshire 056A,Violent crime,Investigation complete; no suspect identified,
c1086097e2b224ffe78ab6f7c97801c3e3da42bb5878a14f0627e3ada0fb2bd4,2012-12,Wiltshire Police,Wiltshire Police,-1.789793,51.069412,On or near Pedestrian Subway,E01032014,Wiltshire 056A,Violent crime,Offender given a caution,
2cef2781b5ed3bdb4b3757db2b994fcddb9fd9e1e1b13e4db629c793cc82f2b3,2012-12,Wiltshire Police,Wiltshire Police,-1.796486,51.069640,On or near Minster Street,E01032014,Wiltshire 056A,Other crime,Local resolution,
849d200623a68ddc09f79ca1e157dc77e5c2f7048b292781d9e3dfcb1307da56,2012-12,Wiltshire Police,Wiltshire Police,-1.795299,51.070069,On or near Shopping Area,E01032014,Wiltshire 056A,Other crime,Investigation complete; no suspect identified,
,2012-12,Wiltshire Police,Wiltshire Police,-1.785710,51.069584,On or near Millbrook,E01032015,Wiltshire 056B,Anti-social behaviour,,
,2012-12,Wiltshire Police,Wiltshire Police,-1.783352,51.076504,On or near Cow Lane,E01032015,Wiltshire 056B,Anti-social behaviour,,
,2012-12,Wiltshire Police,Wiltshire Police,-1.788079,51.069643,On or near Sports/Recreation Area,E01032015,Wiltshire 056B,Anti-social behaviour,,
,2012-12,Wiltshire Police,Wiltshire Police,-1.784512,51.072496,On or near Wain-A-Long Road,E01032015,Wiltshire 056B,Anti-social behaviour,,
,2012-12,Wiltshire Police,Wiltshire Police,-1.784153,51.076083,On or near The Brambles,E01032015,Wiltshire 056B,Anti-social behaviour,,
10657875d3fe6aecd1c72116f269c1eabb1a119315ad53db8bb872c21a1fa859,2012-12,Wiltshire Police,Wiltshire Police,-1.786978,51.070171,On or near Elm Grove,E01032015,Wiltshire 056B,Criminal damage and arson,Investigation complete; no suspect identified,
ce310dcaa232895a97bc9067b70dceaca690016d65e0b3160ebf7c4b0843d899,2012-12,Wiltshire Police,Wiltshire Police,-1.786232,51.070907,On or near Supermarket,E01032015,Wiltshire 056B,Shoplifting,Local resolution,
5f1ead7599185c698a91b6ff8bd6037f34ac94ebbe7ecd031c66f53bce069805,2012-12,Wiltshire Police,Wiltshire Police,-1.786098,51.072220,On or near Fairview Road,E01032015,Wiltshire 056B,Violent crime,Offender given a caution,
,2012-12,Wiltshire Police,Wiltshire Police,-1.791353,51.074738,On or near Queens Road,E01032016,Wiltshire 056C,Anti-social behaviour,,
,2012-12,Wiltshire Police,Wiltshire Police,-1.791353,51.074738,On or near Queens Road,E01032016,Wiltshire 056C,Anti-social behaviour,,
,2012-12,Wiltshire Police,Wiltshire Police,-1.791353,51.074738,On or near Queens Road,E01032016,Wiltshire 056C,Anti-social behaviour,,
,2012-12,Wiltshire Police,Wiltshire Police,-1.791353,51.074738,On or near Queens Road,E01032016,Wiltshire 056C,Anti-social behaviour,,
,2012-12,Wiltshire Police,Wiltshire Police,-1.793086,51.073509,On or near Belle Vue Road,E01032016,Wiltshire 056C,Anti-social behaviour,,
3f8f0e500802b6a1b8d1eea480274d140504789c03bb66baf4ac7f1ac272cd9c,2012-12,Wiltshire Police,Wiltshire Police,-1.791353,51.074738,On or near Queens Road,E01032016,Wiltshire 056C,Burglary,Investigation complete; no suspect identified,
a9680e88b81cbf7fa51dbcf4ebe8e4943d13e50da9dc3b929dbd8a5e3330a3f6,2012-12,Wiltshire Police,Wiltshire Police,-1.791353,51.074738,On or near Queens Road,E01032016,Wiltshire 056C,Criminal damage and arson,Investigation complete; no suspect identified,
fee543093a2508c1d45e7609611071be5edbc2833c9c508a0c57dc3e0135e466,2012-12,Wiltshire Police,Wiltshire Police,-1.791353,51.074738,On or near Queens Road,E01032016,Wiltshire 056C,Criminal damage and arson,Investigation complete; no suspect identified,
8f7cc13a04845f1dd39af03f1cc99cf8ce1e8bdeca8f36e67349c375b793b839,2012-12,Wiltshire Police,Wiltshire Police,-1.791353,51.074738,On or near Queens Road,E01032016,Wiltshire 056C,Criminal damage and arson,Investigation complete; no suspect identified,
9862076205170517079e8b25cf2d3e90e0ce4ace777a6a63fa14acf6c9f4fc55,2012-12,Wiltshire Police,Wiltshire Police,-1.791353,51.074738,On or near Queens Road,E01032016,Wiltshire 056C,Criminal damage and arson,Investigation complete; no suspect identified,
a5c1a22e2c585133bbf5af8f71952d1ff4f0b8afe26e5e6182b3b741223b4170,2012-12,Wiltshire Police,Wiltshire Police,-1.791353,51.074738,On or near Queens Road,E01032016,Wiltshire 056C,Criminal damage and arson,Investigation complete; no suspect identified,
d4812a96ecdec08b8c5aae5cdca1c90d47064d15f2fc349616c84f81c183a869,2012-12,Wiltshire Police,Wiltshire Police,-1.791353,51.074738,On or near Queens Road,E01032016,Wiltshire 056C,Vehicle crime,Investigation complete; no suspect identified,
37a87c9f4c76d0da15a09f5f5c47b26b5a460f97d5fca01199568bdfe96dfe42,2012-12,Wiltshire Police,Wiltshire Police,-1.791353,51.074738,On or near Queens Road,E01032016,Wiltshire 056C,Violent crime,Investigation complete; no suspect identified,
7a6c78a57aebe4ff8857fee425570183c7456a5edb5eb0396c48033b3554e46f,2012-12,Wiltshire Police,Wiltshire Police,-1.791353,51.074738,On or near Queens Road,E01032016,Wiltshire 056C,Violent crime,Investigation complete; no suspect identified,
,2012-12,Wiltshire Police,Wiltshire Police,-1.787248,51.064129,On or near Southampton Road,E01032021,Wiltshire 056D,Anti-social behaviour,,
,2012-12,Wiltshire Police,Wiltshire Police,-1.783876,51.065157,On or near The Beeches,E01032021,Wiltshire 056D,Anti-social behaviour,,
3f9445bb398084889b51a4c5a8ba618483845344e07a2c6a7d96e84760263073,2012-12,Wiltshire Police,Wiltshire Police,-1.782185,51.063508,On or near Petrol Station,E01032021,Wiltshire 056D,Burglary,Court result unavailable,
772aef57ebb392e7724c151c0fff9c26ce507b1076fa6293305ac4cab47af1e1,2012-12,Wiltshire Police,Wiltshire Police,-1.775851,51.063137,On or near Hatches Lane,E01032021,Wiltshire 056D,Other theft,Investigation complete; no suspect identified,
0c335495fb0d661a7bacbcd48f75d93b3e45202d2ec20f904dedfdaa0718b1b5,2012-12,Wiltshire Police,Wiltshire Police,-1.785875,51.068020,On or near St Margaret'S Close,E01032021,Wiltshire 056D,Other theft,Investigation complete; no suspect identified,
d2fb8150be63a0d09864ece1a0b03f186899ba722ec92b91601302ddc8379c91,2012-12,Wiltshire Police,Wiltshire Police,-1.775851,51.063137,On or near Hatches Lane,E01032021,Wiltshire 056D,Shoplifting,Investigation complete; no suspect identified,
b4be5a0cbe11e7b7a6c453d9d060136b37f66e12de1318c4cdfcb7f553404e1b,2012-12,Wiltshire Police,Wiltshire Police,-1.785875,51.068020,On or near St Margaret'S Close,E01032021,Wiltshire 056D,Vehicle crime,Investigation complete; no suspect identified,
8e6d08efd8d44aa01401a608d01db3cb9b38f5c5fad93a196d39702890fdb8e2,2012-12,Wiltshire Police,Wiltshire Police,-1.785875,51.068020,On or near St Margaret'S Close,E01032021,Wiltshire 056D,Vehicle crime,Investigation complete; no suspect identified,
d35e15d428417f4a128d2ba386cf1bbdf6a3ce33b195592ee78107fcbb72543a,2012-12,Wiltshire Police,Wiltshire Police,-1.787188,51.067924,On or near Methuen Drive,E01032021,Wiltshire 056D,Violent crime,Investigation complete; no suspect identified,
57b4e18bb3192e79207c5b73cfe1a4477687071e910c35ee9c482814e567bc99,2012-12,Wiltshire Police,Wiltshire Police,-1.777255,51.062042,On or near Dairy Meadow Lane,E01032021,Wiltshire 056D,Other crime,Investigation complete; no suspect identified,
,2012-12,Wiltshire Police,Wiltshire Police,-1.789823,51.043946,On or near Hospital,E01032000,Wiltshire 057A,Anti-social behaviour,,
,2012-12,Wiltshire Police,Wiltshire Police,-1.842909,51.041206,On or near Salisbury Road,E01032000,Wiltshire 057A,Anti-social behaviour,,
,2012-12,Wiltshire Police,Wiltshire Police,-1.842909,51.041206,On or near Salisbury Road,E01032000,Wiltshire 057A,Anti-social behaviour,,
,2012-12,Wiltshire Police,Wiltshire Police,-1.777195,51.032710,On or near Sports/Recreation Area,E01032000,Wiltshire 057A,Anti-social behaviour,,
,2012-12,Wiltshire Police,Wiltshire Police,-1.789823,51.043946,On or near Hospital,E01032000,Wiltshire 057A,Anti-social behaviour,,
abaa5868791eaecec9f24f72eb49c57b3495543eb925840e4081b7aade5bd77f,2012-12,Wiltshire Police,Wiltshire Police,-1.763448,51.032737,On or near Hospital,E01032000,Wiltshire 057A,Burglary,Investigation complete; no suspect identified,
0a5b610d57ece5f9faa37595d033fec49432799f2e6f03228f821a127be31541,2012-12,Wiltshire Police,Wiltshire Police,-1.777195,51.032710,On or near Sports/Recreation Area,E01032000,Wiltshire 057A,Burglary,Investigation complete; no suspect identified,
b313e41b276c30510ddddd8af6d7684551289b43cb85e5c0372a41848ac3108c,2012-12,Wiltshire Police,Wiltshire Police,-1.778270,51.049653,On or near Parking Area,E01032000,Wiltshire 057A,Burglary,Suspect charged as part of another case,
00d7f4a3b6545361945009d3f793e83341596c280693ee7a21749e65e72397ee,2012-12,Wiltshire Police,Wiltshire Police,-1.789823,51.043946,On or near Hospital,E01032000,Wiltshire 057A,Other theft,Investigation complete; no suspect identified,
d146db024daddc78736f4e2fa9d542d6ae0ad798532db3db98ba90f42d85b8af,2012-12,Wiltshire Police,Wiltshire Police,-1.777195,51.032710,On or near Sports/Recreation Area,E01032000,Wiltshire 057A,Vehicle crime,Investigation complete; no suspect identified,
b0c60a78768160629b7fc770873c7be6f79b44fdf918326cc270fde0452f8810,2012-12,Wiltshire Police,Wiltshire Police,-1.842909,51.041206,On or near Salisbury Road,E01032000,Wiltshire 057A,Violent crime,Offender given a caution,
a1cc1b2fc77eaec91c2b537b053efa93aa54f6b573fd95a9279a27550279ea1f,2012-12,Wiltshire Police,Wiltshire Police,-1.792009,51.046342,On or near Odstock Road,E01032000,Wiltshire 057A,Violent crime,Local resolution,
0ed2fcc69dc7fb758a04d24db58b8eb35061fb9642f43dbe7ffff2098836d950,2012-12,Wiltshire Police,Wiltshire Police,-1.848488,51.066904,On or near Pedestrian Subway,E01032000,Wiltshire 057A,Violent crime,Local resolution,
,2012-12,Wiltshire Police,Wiltshire Police,-1.759751,51.058303,On or near Clarendon Road,E01032011,Wiltshire 057B,Anti-social behaviour,,
,2012-12,Wiltshire Police,Wiltshire Police,-1.778304,51.102320,On or near Southside,E01032011,Wiltshire 057B,Anti-social behaviour,,
,2012-12,Wiltshire Police,Wiltshire Police,-1.788238,51.103741,On or near Sports/Recreation Area,E01032011,Wiltshire 057B,Anti-social behaviour,,
,2012-12,Wiltshire Police,Wiltshire Police,-1.788725,51.100199,On or near Lafranc Close,E01032011,Wiltshire 057B,Anti-social behaviour,,
,2012-12,Wiltshire Police,Wiltshire Police,-1.759751,51.058303,On or near Clarendon Road,E01032011,Wiltshire 057B,Anti-social behaviour,,
b6223c0c17fa4a2c74e7914739c9bc69cbd15c4c995f213282491c757d4c3e21,2012-12,Wiltshire Police,Wiltshire Police,-1.778583,51.103651,On or near Northside,E01032011,Wiltshire 057B,Burglary,Investigation complete; no suspect identified,
64e452113ec43c234e481336c5debd9c52c97c1170576b98dc28ecfd807b324f,2012-12,Wiltshire Police,Wiltshire Police,-1.785174,51.102324,On or near Partridge Way,E01032011,Wiltshire 057B,Criminal damage and arson,Investigation complete; no suspect identified,
43ea878ab844abd3f25bf74ce87bdec2d280b4cda4ed214d9bfc878f64935c17,2012-12,Wiltshire Police,Wiltshire Police,-1.783890,51.101863,On or near Portway,E01032011,Wiltshire 057B,Criminal damage and arson,Investigation complete; no suspect identified,
94d4a896b350701116bfc23a9fa078ec301a65581bce8b784e5001a1e9337d81,2012-12,Wiltshire Police,Wiltshire Police,-1.783890,51.101863,On or near Portway,E01032011,Wiltshire 057B,Criminal damage and arson,Investigation complete; no suspect identified,
c9afadf34d08a1c2968299b0f93e7abe8312c47c5caf456dba9f46681ad4c620,2012-12,Wiltshire Police,Wiltshire Police,-1.777971,51.097212,On or near Manor Farm Road,E01032011,Wiltshire 057B,Other theft,Investigation complete; no suspect identified,
4a355b4f4474983cf9321f4ce207fbcd25b0de7aa8cab20d9ba13208c1544fd5,2012-12,Wiltshire Police,Wiltshire Police,-1.785174,51.102324,On or near Partridge Way,E01032011,Wiltshire 057B,Public disorder and weapons,Court result unavailable,
1481fdcaef637ddb876092971a304e51e2bbb5f62875f82113e601e7a3ca2f23,2012-12,Wiltshire Police,Wiltshire Police,-1.774295,51.095460,On or near Greenlane Close,E01032011,Wiltshire 057B,Vehicle crime,Investigation complete; no suspect identified,
d2eefe8e0ef688deb79267eba52329fcc1bdf6f0854d9f3af5b2325cce4c1f87,2012-12,Wiltshire Police,Wiltshire Police,-1.760519,51.058772,On or near Marshmead Close,E01032011,Wiltshire 057B,Violent crime,Offender given community sentence,
b509ec7995005c10ea27b9f1711d0d9856231853375204dc7ecedb6d1e2d615f,2012-12,Wiltshire Police,Wiltshire Police,-1.783890,51.101863,On or near Portway,E01032011,Wiltshire 057B,Violent crime,Offender given a caution,
1d222b02ca4f0c94e695a3cd32f4034751c699eb3f65f101377fcb198abaf010,2012-12,Wiltshire Police,Wiltshire Police,-1.781417,51.102389,On or near Lysander Road,E01032011,Wiltshire 057B,Other crime,Local resolution,
,2012-12,Wiltshire Police,Wiltshire Police,-1.773097,51.080693,On or near Elm Close,E01032012,Wiltshire 057C,Anti-social behaviour,,
,2012-12,Wiltshire Police,Wiltshire Police,-1.773097,51.080693,On or near Elm Close,E01032012,Wiltshire 057C,Anti-social behaviour,,
,2012-12,Wiltshire Police,Wiltshire Police,-1.773097,51.080693,On or near Elm Close,E01032012,Wiltshire 057C,Anti-social behaviour,,
361dd7e9b97c7e232cc56a5a42a49836ffd13e86fda940aeb066f6f887a47dd9,2012-12,Wiltshire Police,Wiltshire Police,-1.774437,51.078025,On or near Sports/Recreation Area,E01032012,Wiltshire 057C,Criminal damage and arson,Investigation complete; no suspect identified,
a0eb40eabfa10b3f2859bda0704f03ac79c3051397597c255c675c358eab69fd,2012-12,Wiltshire Police,Wiltshire Police,-1.767976,51.088380,On or near London Road,E01032012,Wiltshire 057C,Other theft,Investigation complete; no suspect identified,
8c4339b8c0e24b664cf406dabc35ece30fa8abee9e80147fb86f70c405a811ad,2012-12,Wiltshire Police,Wiltshire Police,-1.812410,51.059883,On or near Kent Road,E01032008,Wiltshire 058A,Criminal damage and arson,Investigation complete; no suspect identified,
3670f53b1cc4401a2903b80b7628f06c6ddafd599c7ab240618d45fa246604f0,2012-12,Wiltshire Police,Wiltshire Police,-1.811083,51.059836,On or near Wiltshire Road,E01032008,Wiltshire 058A,Drugs,Offender given a drugs possession warning,
2f980287c8656b7bf426d47d5b1c29310fee3a073f80beb0ed5dd2ca59a526aa,2012-12,Wiltshire Police,Wiltshire Police,-1.818261,51.063354,On or near St George'S Road,E01032008,Wiltshire 058A,Other theft,Investigation complete; no suspect identified,
07318c20764427144c2b1de5e6a3f298a965b19776d2e98abb946899f80bef28,2012-12,Wiltshire Police,Wiltshire Police,-1.813372,51.061872,On or near Netherhampton Road,E01032008,Wiltshire 058A,Shoplifting,Local resolution,
0bbdb207a7561832146b63c138be496ab7415e0eb33c605fb0dc2ee414a1f870,2012-12,Wiltshire Police,Wiltshire Police,-1.815762,51.060167,On or near Essex Square,E01032008,Wiltshire 058A,Vehicle crime,Investigation complete; no suspect identified,
704581c1d55749e15ca56fbf3cc7a50bfd22a948b3f90aa6fd88e428c53e503d,2012-12,Wiltshire Police,Wiltshire Police,-1.815762,51.060167,On or near Essex Square,E01032008,Wiltshire 058A,Vehicle crime,Under investigation,
e3ebbd555e0b3c696850e9336e35a6caa8371ebff4768b61e06f0bdc26612c77,2012-12,Wiltshire Police,Wiltshire Police,-1.808348,51.062115,On or near Lower Street,E01032008,Wiltshire 058A,Vehicle crime,Investigation complete; no suspect identified,
,2012-12,Wiltshire Police,Wiltshire Police,-1.803111,51.058923,On or near Folkestone Road,E01032009,Wiltshire 058B,Anti-social behaviour,,
,2012-12,Wiltshire Police,Wiltshire Police,-1.806687,51.060044,On or near Saxon Road,E01032009,Wiltshire 058B,Anti-social behaviour,,
7650ada92a2b7d7a07b99fe57c3401d6aa5052b72a6100fdb2e7cf71d36a2efa,2012-12,Wiltshire Police,Wiltshire Police,-1.797844,51.059112,On or near Old Street,E01032009,Wiltshire 058B,Burglary,Investigation complete; no suspect identified,
000d5442ac1908a9a822f38303be927b6266d9a21e417232de500cc5370e246b,2012-12,Wiltshire Police,Wiltshire Police,-1.806687,51.060044,On or near Saxon Road,E01032009,Wiltshire 058B,Criminal damage and arson,Court result unavailable,
6e70c08db89b0fedc53dfec34f5404e35e50514079bbd3b392fed0dc2ce37328,2012-12,Wiltshire Police,Wiltshire Police,-1.810506,51.054395,On or near Shaftesbury Drove,E01032009,Wiltshire 058B,Other theft,Investigation complete; no suspect identified,
fefbce792e8591932acda42093ff069113ba7bf9f73a6eaee1cabd5ae923022e,2012-12,Wiltshire Police,Wiltshire Police,-1.808613,51.063644,On or near Town Path,E01032009,Wiltshire 058B,Vehicle crime,Investigation complete; no suspect identified,
97daeacd922cab66397b821d64f0a184792985427cdd3cf666ec42c5fe11e1e4,2012-12,Wiltshire Police,Wiltshire Police,-1.810506,51.054395,On or near Shaftesbury Drove,E01032009,Wiltshire 058B,Vehicle crime,Investigation complete; no suspect identified,
c5a605a1fc89944e22209df250f420c414f3e288e06cc25df69c2b5c41c686a8,2012-12,Wiltshire Police,Wiltshire Police,-1.799910,51.059826,On or near Watersmeet Road,E01032009,Wiltshire 058B,Vehicle crime,Investigation complete; no suspect identified,
f28fa82668603d507e93d36732dfecfe1375055a9e798fce48920eaba2688d01,2012-12,Wiltshire Police,Wiltshire Police,-1.799910,51.059826,On or near Watersmeet Road,E01032009,Wiltshire 058B,Vehicle crime,Investigation complete; no suspect identified,
afef4f6ddcfda491a6b3b7ccf804347248af2483468cf82014080282c9a2b192,2012-12,Wiltshire Police,Wiltshire Police,-1.797628,51.059579,On or near Harnham Road,E01032009,Wiltshire 058B,Vehicle crime,Investigation complete; no suspect identified,
70d9b6ee721dad013890b14694641bbdb0851ab6688cdaf08b24e295aebfc46d,2012-12,Wiltshire Police,Wiltshire Police,-1.808613,51.063644,On or near Town Path,E01032009,Wiltshire 058B,Vehicle crime,Investigation complete; no suspect identified,
3c6d46fb1adf55a33341478d37cf7c145eb918476bc9c6913c147af538f3917d,2012-12,Wiltshire Police,Wiltshire Police,-1.810295,51.064142,On or near Constable Way,E01032009,Wiltshire 058B,Violent crime,Investigation complete; no suspect identified,
,2012-12,Wiltshire Police,Wiltshire Police,-1.794336,51.068305,On or near Shopping Area,E01032022,Wiltshire 058C,Anti-social behaviour,,
,2012-12,Wiltshire Police,Wiltshire Police,-1.793839,51.067819,On or near Catherine Street,E01032022,Wiltshire 058C,Anti-social behaviour,,
,2012-12,Wiltshire Police,Wiltshire Police,-1.793333,51.069265,On or near Shopping Area,E01032022,Wiltshire 058C,Anti-social behaviour,,
,2012-12,Wiltshire Police,Wiltshire Police,-1.794336,51.068305,On or near Shopping Area,E01032022,Wiltshire 058C,Anti-social behaviour,,
,2012-12,Wiltshire Police,Wiltshire Police,-1.803305,51.070173,On or near Sandown Place,E01032022,Wiltshire 058C,Anti-social behaviour,,
,2012-12,Wiltshire Police,Wiltshire Police,-1.801735,51.070224,On or near Fisherton Street,E01032022,Wiltshire 058C,Anti-social behaviour,,
,2012-12,Wiltshire Police,Wiltshire Police,-1.795525,51.067489,On or near Shopping Area,E01032022,Wiltshire 058C,Anti-social behaviour,,
,2012-12,Wiltshire Police,Wiltshire Police,-1.793839,51.067819,On or near Catherine Street,E01032022,Wiltshire 058C,Anti-social behaviour,,
,2012-12,Wiltshire Police,Wiltshire Police,-1.798374,51.068717,On or near Bridge Street,E01032022,Wiltshire 058C,Anti-social behaviour,,
,2012-12,Wiltshire Police,Wiltshire Police,-1.790486,51.067615,On or near Parking Area,E01032022,Wiltshire 058C,Anti-social behaviour,,
,2012-12,Wiltshire Police,Wiltshire Police,-1.793333,51.069265,On or near Shopping Area,E01032022,Wiltshire 058C,Anti-social behaviour,,
,2012-12,Wiltshire Police,Wiltshire Police,-1.796761,51.068597,On or near Silver Street,E01032022,Wiltshire 058C,Anti-social behaviour,,
,2012-12,Wiltshire Police,Wiltshire Police,-1.797609,51.067385,On or near High Street,E01032022,Wiltshire 058C,Anti-social behaviour,,
,2012-12,Wiltshire Police,Wiltshire Police,-1.796761,51.068597,On or near Silver Street,E01032022,Wiltshire 058C,Anti-social behaviour,,
,2012-12,Wiltshire Police,Wiltshire Police,-1.793839,51.067819,On or near Catherine Street,E01032022,Wiltshire 058C,Anti-social behaviour,,
,2012-12,Wiltshire Police,Wiltshire Police,-1.798374,51.068717,On or near Bridge Street,E01032022,Wiltshire 058C,Anti-social behaviour,,
,2012-12,Wiltshire Police,Wiltshire Police,-1.795612,51.067174,On or near New Street,E01032022,Wiltshire 058C,Anti-social behaviour,,
,2012-12,Wiltshire Police,Wiltshire Police,-1.793333,51.069265,On or near Shopping Area,E01032022,Wiltshire 058C,Anti-social behaviour,,
,2012-12,Wiltshire Police,Wiltshire Police,-1.797609,51.067385,On or near High Street,E01032022,Wiltshire 058C,Anti-social behaviour,,
,2012-12,Wiltshire Police,Wiltshire Police,-1.798374,51.068717,On or near Bridge Street,E01032022,Wiltshire 058C,Anti-social behaviour,,
,2012-12,Wiltshire Police,Wiltshire Police,-1.803491,51.070101,On or near Dew'S Road,E01032022,Wiltshire 058C,Anti-social behaviour,,
,2012-12,Wiltshire Police,Wiltshire Police,-1.795692,51.068388,On or near New Canal,E01032022,Wiltshire 058C,Anti-social behaviour,,
,2012-12,Wiltshire Police,Wiltshire Police,-1.803425,51.068905,On or near Rectory Road,E01032022,Wiltshire 058C,Anti-social behaviour,,
,2012-12,Wiltshire Police,Wiltshire Police,-1.794336,51.068305,On or near Shopping Area,E01032022,Wiltshire 058C,Anti-social behaviour,,
,2012-12,Wiltshire Police,Wiltshire Police,-1.793603,51.066442,On or near St John'S Street,E01032022,Wiltshire 058C,Anti-social behaviour,,
,2012-12,Wiltshire Police,Wiltshire Police,-1.801735,51.070224,On or near Fisherton Street,E01032022,Wiltshire 058C,Anti-social behaviour,,
,2012-12,Wiltshire Police,Wiltshire Police,-1.795446,51.069053,On or near Parking Area,E01032022,Wiltshire 058C,Anti-social behaviour,,
,2012-12,Wiltshire Police,Wiltshire Police,-1.794336,51.068305,On or near Shopping Area,E01032022,Wiltshire 058C,Anti-social behaviour,,
,2012-12,Wiltshire Police,Wiltshire Police,-1.794336,51.068305,On or near Shopping Area,E01032022,Wiltshire 058C,Anti-social behaviour,,
,2012-12,Wiltshire Police,Wiltshire Police,-1.795446,51.069053,On or near Parking Area,E01032022,Wiltshire 058C,Anti-social behaviour,,
,2012-12,Wiltshire Police,Wiltshire Police,-1.793333,51.069265,On or near Shopping Area,E01032022,Wiltshire 058C,Anti-social behaviour,,
,2012-12,Wiltshire Police,Wiltshire Police,-1.795266,51.067884,On or near Shopping Area,E01032022,Wiltshire 058C,Anti-social behaviour,,
,2012-12,Wiltshire Police,Wiltshire Police,-1.793333,51.069265,On or near Shopping Area,E01032022,Wiltshire 058C,Anti-social behaviour,,
4e2db91353d0db7f1d41c279075f40f5d79b43cb7b9a8a2bb3211432b26dd15b,2012-12,Wiltshire Police,Wiltshire Police,-1.793603,51.066442,On or near St John'S Street,E01032022,Wiltshire 058C,Criminal damage and arson,Investigation complete; no suspect identified,
23d34ee0ac298e9e98ee79ead9dd08ce9b2afcc0a4fb1a93460df24dcb19845f,2012-12,Wiltshire Police,Wiltshire Police,-1.793839,51.067819,On or near Catherine Street,E01032022,Wiltshire 058C,Criminal damage and arson,Investigation complete; no suspect identified,
ffff9da04dbddd1af69547fcb4fb1a1e66063fe62ea871336f00d2453a758d11,2012-12,Wiltshire Police,Wiltshire Police,-1.789669,51.068360,On or near Milford Street,E01032022,Wiltshire 058C,Criminal damage and arson,Investigation complete; no suspect identified,
5fc66413c3832a82c331f77cea83b77782ae314c7e8388077138de89a1b865f3,2012-12,Wiltshire Police,Wiltshire Police,-1.795612,51.067174,On or near New Street,E01032022,Wiltshire 058C,Criminal damage and arson,Offender given conditional discharge,
537ef0088646f36d51272e3e58c2049399a757126c8bb852c84a88bc04b62e31,2012-12,Wiltshire Police,Wiltshire Police,-1.793839,51.067819,On or near Catherine Street,E01032022,Wiltshire 058C,Drugs,Offender given a drugs possession warning,
2cdbcc847c4b65988f37e7e114a056005580ff323f67bb977191ebf0a31c7768,2012-12,Wiltshire Police,Wiltshire Police,-1.793839,51.067819,On or near Catherine Street,E01032022,Wiltshire 058C,Drugs,Offender given a caution,
722fee0c429f9466827c758875993612a8a39737d428e179a6a6bbe39d5768a3,2012-12,Wiltshire Police,Wiltshire Police,-1.790509,51.068910,On or near Guilder Lane,E01032022,Wiltshire 058C,Other theft,Investigation complete; no suspect identified,
1b7a69c1ed4e5d8dd8e3f1c22509df0c427be8f27631dfd591b232788908980d,2012-12,Wiltshire Police,Wiltshire Police,-1.793839,51.067819,On or near Catherine Street,E01032022,Wiltshire 058C,Other theft,Investigation complete; no suspect identified,
044f8f890ca039a2869f58f0e2102b2cd1cdc35d3754048546d2994bc7ae3c22,2012-12,Wiltshire Police,Wiltshire Police,-1.798374,51.068717,On or near Bridge Street,E01032022,Wiltshire 058C,Other theft,Local resolution,
ec254806f7adfaf31a1e23bb7ad30778f8bd434246505715fb014d224cfde1ec,2012-12,Wiltshire Police,Wiltshire Police,-1.793333,51.069265,On or near Shopping Area,E01032022,Wiltshire 058C,Other theft,Investigation complete; no suspect identified,
1fa22a56246f1b261fb937791083fd90c41f600356853a52c1ecc1ed64b3474a,2012-12,Wiltshire Police,Wiltshire Police,-1.803491,51.070101,On or near Dew'S Road,E01032022,Wiltshire 058C,Public disorder and weapons,Investigation complete; no suspect identified,
a182c882914b04262d4453b9586c9006db7eb3637a8e3a5f464fe04beef3fead,2012-12,Wiltshire Police,Wiltshire Police,-1.793839,51.067819,On or near Catherine Street,E01032022,Wiltshire 058C,Public disorder and weapons,Offender given a caution,
1890ad51681b7d45fb91ae23c83a982d2176e62b5ea307076b060cd9c197b1ca,2012-12,Wiltshire Police,Wiltshire Police,-1.794336,51.068305,On or near Shopping Area,E01032022,Wiltshire 058C,Public disorder and weapons,Offender given a caution,
b81f2dd6bb2c63b605ea33cda6059026dbad65228592fe6acc77b9e0368f654e,2012-12,Wiltshire Police,Wiltshire Police,-1.796302,51.069127,On or near Minster Street,E01032022,Wiltshire 058C,Public disorder and weapons,Offender given penalty notice,
06d3e1ae108e50be0f65e6b681ae93160181d0efe16be66674382b9e9b1b206d,2012-12,Wiltshire Police,Wiltshire Police,-1.795692,51.068388,On or near New Canal,E01032022,Wiltshire 058C,Shoplifting,Investigation complete; no suspect identified,
0030cb66232bcee169f92792cb4cfa818c6d63167b1ae82595b741a6d3a6947a,2012-12,Wiltshire Police,Wiltshire Police,-1.793839,51.067819,On or near Catherine Street,E01032022,Wiltshire 058C,Shoplifting,Investigation complete; no suspect identified,
47e059ed3a0c5e33840435a327ddace8249d2d722ada7db8b83f3b057d2a9a32,2012-12,Wiltshire Police,Wiltshire Police,-1.797609,51.067385,On or near High Street,E01032022,Wiltshire 058C,Shoplifting,Under investigation,
3a0f34fe1a529012d35339a470a409ad13d1e52e35637808d8f46b2edd69da11,2012-12,Wiltshire Police,Wiltshire Police,-1.793333,51.069265,On or near Shopping Area,E01032022,Wiltshire 058C,Shoplifting,Offender given a caution,
8f3b6e06dbd49220c7d17fb9d5e32c32199544273da93e24c1c6e70ca29ebca7,2012-12,Wiltshire Police,Wiltshire Police,-1.793333,51.069265,On or near Shopping Area,E01032022,Wiltshire 058C,Shoplifting,Local resolution,
aacee5b4d4c4604c5a9c5a83b1a29f53f9a56e200fccfe0fc162fe2013aa70c6,2012-12,Wiltshire Police,Wiltshire Police,-1.796761,51.068597,On or near Silver Street,E01032022,Wiltshire 058C,Shoplifting,Local resolution,
e8686cddc55d025598600035e27f63c485eaaf3f4ea2910962e5e7b7f473a040,2012-12,Wiltshire Police,Wiltshire Police,-1.796761,51.068597,On or near Silver Street,E01032022,Wiltshire 058C,Shoplifting,Investigation complete; no suspect identified,
7cf199bcfa7e0c9e96330ffa77818de87f7a43801d7d738136cded562796bb15,2012-12,Wiltshire Police,Wiltshire Police,-1.796761,51.068597,On or near Silver Street,E01032022,Wiltshire 058C,Shoplifting,Offender given penalty notice,
ac49eb10f207fa06b814f8ee996c509cf68f0a46fae81fe856fb7b9bd17d05be,2012-12,Wiltshire Police,Wiltshire Police,-1.798374,51.068717,On or near Bridge Street,E01032022,Wiltshire 058C,Violent crime,Investigation complete; no suspect identified,
8cf7dc5834f0327c66ae8a8b11b5ff9392477a88c5dea3cc477b26706d7d9e13,2012-12,Wiltshire Police,Wiltshire Police,-1.798374,51.068717,On or near Bridge Street,E01032022,Wiltshire 058C,Violent crime,Investigation complete; no suspect identified,
4cbeda0e552d65257cf22d7e91fed78a592f76258fcc717520511fe8abb69b24,2012-12,Wiltshire Police,Wiltshire Police,-1.795446,51.069053,On or near Parking Area,E01032022,Wiltshire 058C,Violent crime,Offender given a caution,
54378b53f93266a2bdc8c1d560f6d18364a9090f38509572025b2b055031e625,2012-12,Wiltshire Police,Wiltshire Police,-1.795692,51.068388,On or near New Canal,E01032022,Wiltshire 058C,Violent crime,Investigation complete; no suspect identified,
8a09aa876ef662ebef1f4d893eb35c87700dd2e0c9771f70f323cd4c5b5292b7,2012-12,Wiltshire Police,Wiltshire Police,-1.796761,51.068597,On or near Silver Street,E01032022,Wiltshire 058C,Violent crime,Local resolution,
5dfc562e581155ca5442da1c71023a3d1156cd78aebdaac4d94efcab8a9f758c,2012-12,Wiltshire Police,Wiltshire Police,-1.793333,51.069265,On or near Shopping Area,E01032022,Wiltshire 058C,Violent crime,Investigation complete; no suspect identified,
9e46997cc8f65d76d4cd20121de38a354a4513926c733ecc2437575d6f3d4ac0,2012-12,Wiltshire Police,Wiltshire Police,-1.787840,51.056334,On or near Milton Road,E01032005,Wiltshire 059A,Burglary,Offender sent to prison,
e2e312db1e0ca6b8d026a73ac5b7e7f59d354b7f711e222471e8c87d713c2f7e,2012-12,Wiltshire Police,Wiltshire Police,-1.791444,51.057815,On or near Burford Avenue,E01032005,Wiltshire 059A,Criminal damage and arson,Investigation complete; no suspect identified,
a8e1cff6a97b7905fb5aab10c231ed9fdcf7871d07c6610796ed655bee5daab1,2012-12,Wiltshire Police,Wiltshire Police,-1.787840,51.056334,On or near Milton Road,E01032005,Wiltshire 059A,Criminal damage and arson,Investigation complete; no suspect identified,
c994182c9d15b8c1c9aa8f0411233095f5596931a8f7d9f7667b996cdb192024,2012-12,Wiltshire Police,Wiltshire Police,-1.792618,51.056729,On or near Petrol Station,E01032005,Wiltshire 059A,Shoplifting,Offender sent to prison,
dfef214b1ce3bb26f7ec546331c03f8840cc84cfe142a27e9298ef8307644e1f,2012-12,Wiltshire Police,Wiltshire Police,-1.795291,51.058946,On or near Britford Lane West,E01032006,Wiltshire 059B,Burglary,Investigation complete; no suspect identified,
9634432cd77029c7ccd90cfd3d34b78f55ce5b5367389045d45c4dc71f356419,2012-12,Wiltshire Police,Wiltshire Police,-1.799412,51.056390,On or near Bouverie Avenue,E01032006,Wiltshire 059B,Vehicle crime,Investigation complete; no suspect identified,
,2012-12,Wiltshire Police,Wiltshire Police,-1.796066,51.054757,On or near Swiftdown,E01032007,Wiltshire 059C,Anti-social behaviour,,
,2012-12,Wiltshire Police,Wiltshire Police,-1.789963,51.053838,On or near The Crescent,E01032007,Wiltshire 059C,Anti-social behaviour,,
,2012-12,Wiltshire Police,Wiltshire Police,-1.787445,51.055443,On or near Dryden Close,E01032007,Wiltshire 059C,Anti-social behaviour,,
c833f0785e3334f1f5757b70e9b461dfdc3b3556be0c48eaa91626329c9951cf,2012-12,Wiltshire Police,Wiltshire Police,-1.796721,51.055055,On or near Hawksridge,E01032007,Wiltshire 059C,Burglary,Investigation complete; no suspect identified,
c524d8cdf2aaff2714151fb4619dcd96663e8218e9144d0f8361ebd6ec454bd4,2012-12,Wiltshire Police,Wiltshire Police,-1.789083,51.056147,On or near Butler Close,E01032007,Wiltshire 059C,Criminal damage and arson,Investigation complete; no suspect identified,
711eb4e989469b519d6ba853bd1c59b04e64745f7d28c7c0221504ed85033c55,2012-12,Wiltshire Police,Wiltshire Police,-1.789083,51.056147,On or near Butler Close,E01032007,Wiltshire 059C,Criminal damage and arson,Under investigation,
eff596e317d48e937068f9d755517a81c497bd8da9d925359f3b36aa9c52e4f5,2012-12,Wiltshire Police,Wiltshire Police,-1.789083,51.056147,On or near Butler Close,E01032007,Wiltshire 059C,Criminal damage and arson,Under investigation,
5180aaa0c4de42736114c8802cf6090598ee89c623426ce36758ac77e2291775,2012-12,Wiltshire Police,Wiltshire Police,-1.789083,51.056147,On or near Butler Close,E01032007,Wiltshire 059C,Vehicle crime,Investigation complete; no suspect identified,
f780d829a38abdc3c71183dda71d2eef5f718b764acfc3d117813911d44440b2,2012-12,Wiltshire Police,Wiltshire Police,-1.789963,51.053838,On or near The Crescent,E01032007,Wiltshire 059C,Vehicle crime,Investigation complete; no suspect identified,
,2012-12,Wiltshire Police,Wiltshire Police,-1.791923,51.068607,On or near Milford Street,E01032023,Wiltshire 059D,Anti-social behaviour,,
,2012-12,Wiltshire Police,Wiltshire Police,-1.791923,51.068607,On or near Milford Street,E01032023,Wiltshire 059D,Anti-social behaviour,,
,2012-12,Wiltshire Police,Wiltshire Police,-1.791923,51.068607,On or near Milford Street,E01032023,Wiltshire 059D,Anti-social behaviour,,
,2012-12,Wiltshire Police,Wiltshire Police,-1.791923,51.068607,On or near Milford Street,E01032023,Wiltshire 059D,Anti-social behaviour,,
,2012-12,Wiltshire Police,Wiltshire Police,-1.792706,51.062781,On or near Carmelite Way,E01032023,Wiltshire 059D,Anti-social behaviour,,
,2012-12,Wiltshire Police,Wiltshire Police,-1.792038,51.068499,On or near Nightclub,E01032023,Wiltshire 059D,Anti-social behaviour,,
,2012-12,Wiltshire Police,Wiltshire Police,-1.791923,51.068607,On or near Milford Street,E01032023,Wiltshire 059D,Anti-social behaviour,,
,2012-12,Wiltshire Police,Wiltshire Police,-1.790090,51.066787,On or near Dolphin Street,E01032023,Wiltshire 059D,Anti-social behaviour,,
,2012-12,Wiltshire Police,Wiltshire Police,-1.791923,51.068607,On or near Milford Street,E01032023,Wiltshire 059D,Anti-social behaviour,,
,2012-12,Wiltshire Police,Wiltshire Police,-1.791923,51.068607,On or near Milford Street,E01032023,Wiltshire 059D,Anti-social behaviour,,
,2012-12,Wiltshire Police,Wiltshire Police,-1.791923,51.068607,On or near Milford Street,E01032023,Wiltshire 059D,Anti-social behaviour,,
,2012-12,Wiltshire Police,Wiltshire Police,-1.792706,51.062781,On or near Carmelite Way,E01032023,Wiltshire 059D,Anti-social behaviour,,
,2012-12,Wiltshire Police,Wiltshire Police,-1.791923,51.068607,On or near Milford Street,E01032023,Wiltshire 059D,Anti-social behaviour,,
,2012-12,Wiltshire Police,Wiltshire Police,-1.791923,51.068607,On or near Milford Street,E01032023,Wiltshire 059D,Anti-social behaviour,,
,2012-12,Wiltshire Police,Wiltshire Police,-1.790590,51.066743,On or near Barnard Street,E01032023,Wiltshire 059D,Anti-social behaviour,,
,2012-12,Wiltshire Police,Wiltshire Police,-1.792706,51.062781,On or near Carmelite Way,E01032023,Wiltshire 059D,Anti-social behaviour,,
,2012-12,Wiltshire Police,Wiltshire Police,-1.788110,51.066109,On or near St Martin'S Church Street,E01032023,Wiltshire 059D,Anti-social behaviour,,
,2012-12,Wiltshire Police,Wiltshire Police,-1.792706,51.062781,On or near Carmelite Way,E01032023,Wiltshire 059D,Anti-social behaviour,,
,2012-12,Wiltshire Police,Wiltshire Police,-1.791923,51.068607,On or near Milford Street,E01032023,Wiltshire 059D,Anti-social behaviour,,
,2012-12,Wiltshire Police,Wiltshire Police,-1.791923,51.068607,On or near Milford Street,E01032023,Wiltshire 059D,Anti-social behaviour,,
,2012-12,Wiltshire Police,Wiltshire Police,-1.791384,51.064640,On or near Blackfriars Way,E01032023,Wiltshire 059D,Anti-social behaviour,,
,2012-12,Wiltshire Police,Wiltshire Police,-1.791794,51.065630,On or near Green'S Court,E01032023,Wiltshire 059D,Anti-social behaviour,,
,2012-12,Wiltshire Police,Wiltshire Police,-1.792038,51.068499,On or near Nightclub,E01032023,Wiltshire 059D,Anti-social behaviour,,
,2012-12,Wiltshire Police,Wiltshire Police,-1.793087,51.066927,On or near Ivy Street,E01032023,Wiltshire 059D,Anti-social behaviour,,
,2012-12,Wiltshire Police,Wiltshire Police,-1.791923,51.068607,On or near Milford Street,E01032023,Wiltshire 059D,Anti-social behaviour,,
,2012-12,Wiltshire Police,Wiltshire Police,-1.791923,51.068607,On or near Milford Street,E01032023,Wiltshire 059D,Anti-social behaviour,,
,2012-12,Wiltshire Police,Wiltshire Police,-1.791958,51.064048,On or near Greyfriars Close,E01032023,Wiltshire 059D,Anti-social behaviour,,
,2012-12,Wiltshire Police,Wiltshire Police,-1.790590,51.066743,On or near Barnard Street,E01032023,Wiltshire 059D,Anti-social behaviour,,
,2012-12,Wiltshire Police,Wiltshire Police,-1.791923,51.068607,On or near Milford Street,E01032023,Wiltshire 059D,Anti-social behaviour,,
,2012-12,Wiltshire Police,Wiltshire Police,-1.790590,51.066743,On or near Barnard Street,E01032023,Wiltshire 059D,Anti-social behaviour,,
3109cdeb9139cc6498507d2473801327e381a89c75b9a4e608e22e09e0c338c1,2012-12,Wiltshire Police,Wiltshire Police,-1.792706,51.062781,On or near Carmelite Way,E01032023,Wiltshire 059D,Burglary,Defendant found not guilty,
4aa38fa6c7424d98d0b53576d7b3c89f5db63798d881c7fe58284d7560d885ee,2012-12,Wiltshire Police,Wiltshire Police,-1.790590,51.066743,On or near Barnard Street,E01032023,Wiltshire 059D,Burglary,Investigation complete; no suspect identified,
3bc7e509f206709f724e503d4ab1ee82eced261ccf22803fdce21511b569e070,2012-12,Wiltshire Police,Wiltshire Police,-1.791600,51.064335,On or near Whitefriars Road,E01032023,Wiltshire 059D,Criminal damage and arson,Investigation complete; no suspect identified,
3345239921ef03225b3266e68b8a1fdfb6c6d1ee709b2b04e43de70ebeb22d22,2012-12,Wiltshire Police,Wiltshire Police,-1.791958,51.064048,On or near Greyfriars Close,E01032023,Wiltshire 059D,Criminal damage and arson,Investigation complete; no suspect identified,
7f526663bb6a1bca6434a21ae91a28ef7480a2245b057c21a022f79e5b8edc7e,2012-12,Wiltshire Police,Wiltshire Police,-1.792706,51.062781,On or near Carmelite Way,E01032023,Wiltshire 059D,Criminal damage and arson,Investigation complete; no suspect identified,
6bb82f7409a981f398e096c2f539bd5c946becfb19e63fb565e345908706dd68,2012-12,Wiltshire Police,Wiltshire Police,-1.791600,51.064335,On or near Whitefriars Road,E01032023,Wiltshire 059D,Criminal damage and arson,Investigation complete; no suspect identified,
e7deefced68c41dee785c1c5ec34e1c7c45594b44703ba81e215c0e65553d81c,2012-12,Wiltshire Police,Wiltshire Police,-1.792123,51.065370,On or near The Friary,E01032023,Wiltshire 059D,Criminal damage and arson,Investigation complete; no suspect identified,
d4b60d48d58b470ec58f68e9df4427553cb6657b79d5c0efdb248466e1ca516c,2012-12,Wiltshire Police,Wiltshire Police,-1.791923,51.068607,On or near Milford Street,E01032023,Wiltshire 059D,Criminal damage and arson,Local resolution,
4676e0e11003a4922ec6f6da33fb5b70063d4461db5af7c2e86608210f62be6f,2012-12,Wiltshire Police,Wiltshire Police,-1.790590,51.066743,On or near Barnard Street,E01032023,Wiltshire 059D,Criminal damage and arson,Under investigation,
8d9e93cc232a73c831b82c9faedc29d3e9f6d643d68765a43cf421e610cc0684,2012-12,Wiltshire Police,Wiltshire Police,-1.791384,51.064640,On or near Blackfriars Way,E01032023,Wiltshire 059D,Criminal damage and arson,Investigation complete; no suspect identified,
65081a01238074a35dbe8d84d727ff399851f82d8dc4e1b3d914191e024df162,2012-12,Wiltshire Police,Wiltshire Police,-1.791923,51.068607,On or near Milford Street,E01032023,Wiltshire 059D,Criminal damage and arson,Investigation complete; no suspect identified,
2fa7b312710fdb0583e375ca649de69a2d7d017ce986217fb554cc199bb6741a,2012-12,Wiltshire Police,Wiltshire Police,-1.791600,51.064335,On or near Whitefriars Road,E01032023,Wiltshire 059D,Criminal damage and arson,Investigation complete; no suspect identified,
1979116865e7ce1ed4594b699309aab0e7af8af241e0256699464a077801cbaa,2012-12,Wiltshire Police,Wiltshire Police,-1.791384,51.064640,On or near Blackfriars Way,E01032023,Wiltshire 059D,Drugs,Offender deprived of property,
9c505a6a5f162e3a0a017731100a2e58362ee3cae33f72363b0cb3c7e14d62bc,2012-12,Wiltshire Police,Wiltshire Police,-1.787546,51.064561,On or near Further/Higher Educational Building,E01032023,Wiltshire 059D,Drugs,Offender given a drugs possession warning,
efe22721407c2476ef41576afb76c8e032fb119b8c5db599f09d31b4a0c11253,2012-12,Wiltshire Police,Wiltshire Police,-1.791193,51.062796,On or near Churchill Way South,E01032023,Wiltshire 059D,Drugs,Offender given a drugs possession warning,
34c57f478defdc934b34088612eecf2f860b4ae708cf023fe378ef36ffda0b5d,2012-12,Wiltshire Police,Wiltshire Police,-1.791923,51.068607,On or near Milford Street,E01032023,Wiltshire 059D,Other theft,Investigation complete; no suspect identified,
1282a8688f96f19f12bd606447179eae84a9e8a163f872eb823b62a398a7b250,2012-12,Wiltshire Police,Wiltshire Police,-1.791923,51.068607,On or near Milford Street,E01032023,Wiltshire 059D,Other theft,Investigation complete; no suspect identified,
b44be91bdac807bc365a1480f62f38c85623201726e4ff6f326a3d1deb18b0c2,2012-12,Wiltshire Police,Wiltshire Police,-1.791923,51.068607,On or near Milford Street,E01032023,Wiltshire 059D,Public disorder and weapons,Offender given a caution,
3823a0a83bd53cc679afc07b0f00fa710aab31d9a097abb3619c0c70bc761eac,2012-12,Wiltshire Police,Wiltshire Police,-1.793087,51.066927,On or near Ivy Street,E01032023,Wiltshire 059D,Public disorder and weapons,Investigation complete; no suspect identified,
5976144d5b64b5fc52b867437d1c865a5388c6483c6fc561de0ce7a566f97b8f,2012-12,Wiltshire Police,Wiltshire Police,-1.789941,51.065033,On or near Eyres Way,E01032023,Wiltshire 059D,Vehicle crime,Investigation complete; no suspect identified,
c24bcf653f39aa63680fd30542e2125edf9c126b690e035fb15163891254c830,2012-12,Wiltshire Police,Wiltshire Police,-1.792741,51.064508,On or near Friary Lane,E01032023,Wiltshire 059D,Vehicle crime,Investigation complete; no suspect identified,
3531fb950b1bf580572d1eec69ac054a7b49a9b41f8c875cfaa51e161975890b,2012-12,Wiltshire Police,Wiltshire Police,-1.790090,51.066787,On or near Dolphin Street,E01032023,Wiltshire 059D,Vehicle crime,Investigation complete; no suspect identified,
b33569562fce5dad60e14ad1969f27b261ab1ccc95b32b4f12d389a7f9d07a54,2012-12,Wiltshire Police,Wiltshire Police,-1.791600,51.064335,On or near Whitefriars Road,E01032023,Wiltshire 059D,Violent crime,Offender given community sentence,
b4ee3573c0640d7669049f98c7661edce88b2c098e4c7289212caf0f3e940e78,2012-12,Wiltshire Police,Wiltshire Police,-1.791923,51.068607,On or near Milford Street,E01032023,Wiltshire 059D,Violent crime,Investigation complete; no suspect identified,
f80fef56e9b6b920e21e019aa405c00af956342be69d47e2a90fd7744cddb6c6,2012-12,Wiltshire Police,Wiltshire Police,-1.792038,51.068499,On or near Nightclub,E01032023,Wiltshire 059D,Violent crime,Local resolution,
8326c841305482a227f4459452ee95b50609834662da8da13583aaf34037c932,2012-12,Wiltshire Police,Wiltshire Police,-1.791923,51.068607,On or near Milford Street,E01032023,Wiltshire 059D,Violent crime,Investigation complete; no suspect identified,
445ae064b353ac8cdc20dd05b9b76e255b9ef19847cf55be126f39ebf93e684e,2012-12,Wiltshire Police,Wiltshire Police,-1.792706,51.062781,On or near Carmelite Way,E01032023,Wiltshire 059D,Violent crime,Investigation complete; no suspect identified,
dce593c3b4affaf7a3238ac800f8b89494c1f1c8792e44c1993b1aa6ae5df571,2012-12,Wiltshire Police,Wiltshire Police,-1.797003,51.062267,On or near De Vaux Place,E01032023,Wiltshire 059D,Violent crime,Offender given a caution,
c398b26f50e980a62e54db71a39575462bc452e0035c0417922872c21327ff8e,2012-12,Wiltshire Police,Wiltshire Police,-1.792038,51.068499,On or near Nightclub,E01032023,Wiltshire 059D,Violent crime,Offender given a caution,
d065e4e0cc199fb91b2f13fa1ed7071b8ee8cd11722c18c82ca577e25dc0f099,2012-12,Wiltshire Police,Wiltshire Police,-1.791923,51.068607,On or near Milford Street,E01032023,Wiltshire 059D,Violent crime,Offender given a caution,
91a625a2c36bc1688a8d3c1b8b55add81b98c06e8369f3bdae1a2d44e54b65f1,2012-12,Wiltshire Police,Wiltshire Police,-1.791923,51.068607,On or near Milford Street,E01032023,Wiltshire 059D,Violent crime,Offender given a caution,
477b3158ffe67fdf119ee63ea41d91d3846c6cb2a91e2bf1da25af2f4079c967,2012-12,Wiltshire Police,Wiltshire Police,-1.792038,51.068499,On or near Nightclub,E01032023,Wiltshire 059D,Violent crime,Local resolution,
9863e2e1253c88384f602a903ddef40749c904880a90ca8e9d4a68f7db755729,2012-12,Wiltshire Police,Wiltshire Police,-1.789748,51.066696,On or near Payne'S Hill,E01032023,Wiltshire 059D,Other crime,Investigation complete; no suspect identified,
,2012-12,Wiltshire Police,Wiltshire Police,-1.721251,51.037401,On or near Matrons Cottages,E01031970,Wiltshire 060A,Anti-social behaviour,,
,2012-12,Wiltshire Police,Wiltshire Police,-1.723538,51.038818,On or near Eyres Drive,E01031970,Wiltshire 060A,Anti-social behaviour,,
,2012-12,Wiltshire Police,Wiltshire Police,-1.729032,51.040773,On or near Southampton Road,E01031970,Wiltshire 060A,Anti-social behaviour,,
4ca1577efe897066dd72abc2aa41fac26779309cbbbc93ecedca57b9170055e4,2012-12,Wiltshire Police,Wiltshire Police,-1.728672,51.043937,On or near Junction Road,E01031970,Wiltshire 060A,Burglary,Investigation complete; no suspect identified,
7743c4e46cae043b41d9b691126a1a5e8136c4ee4de9425ac3d4e23ff8e9f7e7,2012-12,Wiltshire Police,Wiltshire Police,-1.729032,51.040773,On or near Southampton Road,E01031970,Wiltshire 060A,Criminal damage and arson,Offender given a caution,
a76c49baf5b6da6d5e121a59f908ab9b7ac75c3b6e00e14587d70ac8679dfcf4,2012-12,Wiltshire Police,Wiltshire Police,-1.728994,51.040027,On or near Sports/Recreation Area,E01031970,Wiltshire 060A,Criminal damage and arson,Investigation complete; no suspect identified,
84a067c3b35df46a52ac998d77fe5be50c319d5a62ea2499ec1b1562452e130a,2012-12,Wiltshire Police,Wiltshire Police,-1.723485,51.035832,On or near Castle Lane,E01031970,Wiltshire 060A,Criminal damage and arson,Offender given a caution,
df223287813210eb2245fa1dab4dec168433c7f705f51a4417c178e04d740372,2012-12,Wiltshire Police,Wiltshire Police,-1.728672,51.043937,On or near Junction Road,E01031970,Wiltshire 060A,Other theft,Investigation complete; no suspect identified,
a05ae6abcc3e14dcca1112a11c8e53a55d98cc018bb50c8c90712e2f80ec591f,2012-12,Wiltshire Police,Wiltshire Police,-1.732207,51.041769,On or near Oak Drive,E01031970,Wiltshire 060A,Other theft,Investigation complete; no suspect identified,
eeea12ac9da2619ba07c11ed8026fb2ecf641464bcf5739ce29f36681c68af5f,2012-12,Wiltshire Police,Wiltshire Police,-1.733321,51.044128,On or near Bracken Close,E01031970,Wiltshire 060A,Vehicle crime,Investigation complete; no suspect identified,
0f202360883f6b692e2ea3c3a7e3843d0ce44da0616c310446f03abcae07a832,2012-12,Wiltshire Police,Wiltshire Police,-1.726361,51.039004,On or near Canal Lane,E01031970,Wiltshire 060A,Violent crime,Local resolution,
,2012-12,Wiltshire Police,Wiltshire Police,-1.719956,51.039277,On or near Park/Open Space,E01031971,Wiltshire 060B,Anti-social behaviour,,
,2012-12,Wiltshire Police,Wiltshire Police,-1.707330,51.028464,On or near Windwhistle Lane,E01031971,Wiltshire 060B,Anti-social behaviour,,
46b2cada688d1f5a3ca771c112c88b439a7a613c06b1a6757392dc43b68754cf,2012-12,Wiltshire Police,Wiltshire Police,-1.649956,51.012426,On or near Dean Lane,E01031972,Wiltshire 060C,Burglary,Investigation complete; no suspect identified,
80ad9edbece7756bc5d5827f78f9c57b2e2bb173f2730f3c509c59be39d5ce27,2012-12,Wiltshire Police,Wiltshire Police,-1.647425,51.013516,On or near Green Close,E01031972,Wiltshire 060C,Burglary,Under investigation,
9a38cf7ccb04d4035a2afc5792773834d6c544ba71956555e9e28579c61331bf,2012-12,Wiltshire Police,Wiltshire Police,-1.648932,51.006452,On or near The Bramleys,E01031972,Wiltshire 060C,Vehicle crime,Investigation complete; no suspect identified,
3772c614efb8416872bad0576ced16125977fb35e662d4886b019a74b16b9c34,2012-12,Wiltshire Police,Wiltshire Police,-1.647425,51.013516,On or near Green Close,E01031972,Wiltshire 060C,Violent crime,Investigation complete; no suspect identified,
f302b4fa26cb8f0e926817ee9101a1ce9d124eec3c96cb415597ac367c2c4ed5,2012-12,Wiltshire Police,Wiltshire Police,-1.611515,51.006811,On or near Salisbury Road,E01031972,Wiltshire 060C,Violent crime,Local resolution,
,2012-12,Wiltshire Police,Wiltshire Police,-1.660504,51.114078,On or near A30,E01032041,Wiltshire 060D,Anti-social behaviour,,
0a20fd9825a41d990f75bef9cdb0e513ab58fc4fd4df348e8ba0a88ac5505518,2012-12,Wiltshire Police,Wiltshire Police,-1.673270,51.090546,On or near The Street,E01032041,Wiltshire 060D,Burglary,Investigation complete; no suspect identified,
,2012-12,Wiltshire Police,Wiltshire Police,-1.660798,51.064038,On or near Livery Road,E01032042,Wiltshire 060E,Anti-social behaviour,,
,2012-12,Wiltshire Police,Wiltshire Police,-1.661801,51.094821,On or near Middleton,E01032042,Wiltshire 060E,Anti-social behaviour,,
666e189a0587aca6934421fb47e3fa562785e8a2da815c12ab07c214a5aa370b,2012-12,Wiltshire Police,Wiltshire Police,-1.662760,51.096559,On or near The Flood,E01032042,Wiltshire 060E,Burglary,Investigation complete; no suspect identified,
69c4ba7f849b839642ec35d2f0f9d692433370349845e6e4a7e61d8d974698ae,2012-12,Wiltshire Police,Wiltshire Police,-1.661801,51.094821,On or near Middleton,E01032042,Wiltshire 060E,Criminal damage and arson,Investigation complete; no suspect identified,
4bcff8a07b537ed6cea6014facd07c1d9080471f1580b1e36f3030568e80fb82,2012-12,Wiltshire Police,Wiltshire Police,-1.637927,51.041462,On or near Moody'S Hill,E01032042,Wiltshire 060E,Other theft,Investigation complete; no suspect identified,
bf6da95ba5e4215818573086fb44c573f7ef6b8d3e0201973b98bd1071657d39,2012-12,Wiltshire Police,Wiltshire Police,-1.661801,51.094821,On or near Middleton,E01032042,Wiltshire 060E,Vehicle crime,Investigation complete; no suspect identified,
1040fb878cc8f1eb4a00eebc31710cd1f504c73a689196e05de1951862369096,2012-12,Wiltshire Police,Wiltshire Police,-2.081855,50.995854,On or near Blind Lane,E01031991,Wiltshire 061A,Burglary,Investigation complete; no suspect identified,
3fc7d1b43020d1895f64351c8fede8f724894b66d3d576e5584482962520dbff,2012-12,Wiltshire Police,Wiltshire Police,-2.032093,51.011462,On or near The Street,E01031991,Wiltshire 061A,Criminal damage and arson,Investigation complete; no suspect identified,
,2012-12,Wiltshire Police,Wiltshire Police,-2.081617,51.062954,On or near Beckett Street,E01032029,Wiltshire 061B,Anti-social behaviour,,
,2012-12,Wiltshire Police,Wiltshire Police,-2.066752,51.045869,On or near Yule Hill,E01032029,Wiltshire 061B,Anti-social behaviour,,
,2012-12,Wiltshire Police,Wiltshire Police,-2.081349,51.064905,On or near Petrol Station,E01032029,Wiltshire 061B,Anti-social behaviour,,
1fe44f977b6c8e21e9cae48824acc8bcaea31a15884bc8e16233f4e1cee654f6,2012-12,Wiltshire Police,Wiltshire Police,-2.102321,51.061984,On or near Hatch Lane,E01032029,Wiltshire 061B,Burglary,Investigation complete; no suspect identified,
da7fcdd51e4117e070bd524a6e452512e6f94b8eb3b45d2bac1d8e53f64d7afd,2012-12,Wiltshire Police,Wiltshire Police,-2.088378,51.061267,On or near Mountpleasant,E01032029,Wiltshire 061B,Other theft,Investigation complete; no suspect identified,
,2012-12,Wiltshire Police,Wiltshire Police,-2.083047,51.064634,On or near Churchill Close,E01032030,Wiltshire 061C,Anti-social behaviour,,
,2012-12,Wiltshire Police,Wiltshire Police,-2.079127,51.066903,On or near Hill Close,E01032030,Wiltshire 061C,Anti-social behaviour,,
fbd2d4086d77554a4971df9a5afed43b3dfdfe01ce31518eb5c949247bbb06a7,2012-12,Wiltshire Police,Wiltshire Police,-2.079127,51.066903,On or near Hill Close,E01032030,Wiltshire 061C,Criminal damage and arson,Under investigation,
2a26a24494b3547706fcb21484aa97fca5394100e3e0aa3adef6070621bbb0b4,2012-12,Wiltshire Police,Wiltshire Police,-2.077227,51.066176,On or near Cuffs Lane,E01032030,Wiltshire 061C,Criminal damage and arson,Local resolution,
b874ed778df61c1bd8110d6321ef1d3d660eeec5e7def44f870032fbcd99a6c2,2012-12,Wiltshire Police,Wiltshire Police,-2.083874,51.064121,On or near Taramah Gardens,E01032030,Wiltshire 061C,Violent crime,Investigation complete; no suspect identified,
,2012-12,Wiltshire Police,Wiltshire Police,-2.004245,51.065428,On or near Park/Open Space,E01032031,Wiltshire 061D,Anti-social behaviour,,
,2012-12,Wiltshire Police,Wiltshire Police,-1.993914,51.057560,On or near High Street,E01032031,Wiltshire 061D,Anti-social behaviour,,
077cf992ce67e967b733b70e6e5a930fd72088851f6c9d6840db45e18e0f1f52,2012-12,Wiltshire Police,Wiltshire Police,-2.063541,51.045331,On or near Yule Hill,E01032031,Wiltshire 061D,Burglary,Investigation complete; no suspect identified,
5c50ce570cd93007696671373852b4bfa68951e8cf08e57a5ca7ca6a92a3838b,2012-12,Wiltshire Police,Wiltshire Police,-2.048189,51.042263,On or near Gigant Street,E01032031,Wiltshire 061D,Burglary,Investigation complete; no suspect identified,
e7a684c2e5c0f21824650e1b838f6e4fcc0dae420c2b5d5dfcadd471d2bf3d7c,2012-12,Wiltshire Police,Wiltshire Police,-2.042368,51.040134,On or near Parking Area,E01032031,Wiltshire 061D,Burglary,Investigation complete; no suspect identified,
d0c20498c3871cc4eba67387c6737301615fa394175ec835fa89d9bb45202bcf,2012-12,Wiltshire Police,Wiltshire Police,-2.048189,51.042263,On or near Gigant Street,E01032031,Wiltshire 061D,Other theft,Investigation complete; no suspect identified,
49f6f174c156ff8f992745526f22c7de0ae3acce0e84164b2453e48a465adab9,2012-12,Wiltshire Police,Wiltshire Police,-2.004616,51.061651,On or near The Elms,E01032031,Wiltshire 061D,Violent crime,Investigation complete; no suspect identified,
,2012-12,Wiltshire Police,Wiltshire Police,-1.634515,50.960197,On or near Whitehorn Drive,E01031973,Wiltshire 062A,Anti-social behaviour,,
ed34b71252dbb84bff516dc70e249d20c0eab95dbbc91252e86efbdbcd82e408,2012-12,Wiltshire Police,Wiltshire Police,-1.611209,50.973511,On or near Partridge Hill,E01031973,Wiltshire 062A,Criminal damage and arson,Investigation complete; no suspect identified,
57847c65286dd8fb32196e7c52d81dfe7f134fc4ebac5e9770760e6302803695,2012-12,Wiltshire Police,Wiltshire Police,-1.641824,50.955948,On or near North Lane,E01031973,Wiltshire 062A,Other theft,Investigation complete; no suspect identified,
cb196629d3c95b9af1372617f7dd7d57bac21fff9b5835b670f74a97c6c0dcf7,2012-12,Wiltshire Police,Wiltshire Police,-1.609789,50.973048,On or near Petrol Station,E01031973,Wiltshire 062A,Other theft,Investigation complete; no suspect identified,
5b9d5d6ab748ceff6f55853a5fd616cc68997d0302abd0586847f5045b8b96a1,2012-12,Wiltshire Police,Wiltshire Police,-1.638288,50.958356,On or near York Drove,E01031973,Wiltshire 062A,Vehicle crime,Investigation complete; no suspect identified,
50272e488b6746115dc55b8b4882f9d48e20582e74ca68fe6cfb5a82777923e2,2012-12,Wiltshire Police,Wiltshire Police,-1.671322,50.976357,On or near Sports/Recreation Area,E01031992,Wiltshire 062B,Criminal damage and arson,Investigation complete; no suspect identified,
775f5bb1bb5c1d961675d456e614fce7fd0d38382237d099c8cd30438e92316a,2012-12,Wiltshire Police,Wiltshire Police,-1.656291,50.978805,On or near Parking Area,E01031992,Wiltshire 062B,Violent crime,Investigation complete; no suspect identified,
,2012-12,Wiltshire Police,Wiltshire Police,-1.743653,50.988903,On or near Moot Close,E01031993,Wiltshire 062C,Anti-social behaviour,,
,2012-12,Wiltshire Police,Wiltshire Police,-1.746340,50.987254,On or near Moot Lane,E01031993,Wiltshire 062C,Anti-social behaviour,,
d122ae80b9d15c7c4aa117bf0450bff0e85e953f2ffeb678686f10158faa595d,2012-12,Wiltshire Police,Wiltshire Police,-1.758604,50.990553,On or near Breamore Road,E01031993,Wiltshire 062C,Criminal damage and arson,Investigation complete; no suspect identified,
44df9310bf56e14de1f5453ec5b83bd8f78a858bd34795099f7f90923c486ec2,2012-12,Wiltshire Police,Wiltshire Police,-1.743390,50.992706,On or near High Street,E01031993,Wiltshire 062C,Vehicle crime,Offender given community sentence,
9490d769f35214d7feb6b3df1b37080e1992ba63c2b159f8c689e44aa9699646,2012-12,Wiltshire Police,Wiltshire Police,-1.746340,50.987254,On or near Moot Lane,E01031993,Wiltshire 062C,Vehicle crime,Investigation complete; no suspect identified,
,2012-12,Wiltshire Police,Wiltshire Police,-1.720615,50.988949,On or near The Close,E01031994,Wiltshire 062D,Anti-social behaviour,,
b74e0b7be66a0f9c48fd285e03d3ab03859c24875117c3fac49a8e980108cc0d,2012-12,Wiltshire Police,Wiltshire Police,-1.720559,50.983904,On or near Vale Road,E01031994,Wiltshire 062D,Shoplifting,Investigation complete; no suspect identified,
428cb9d38c6c040df3057772e9f7e3d39cc1f3e1453b09924151816281e32edc,2012-12,Wiltshire Police,Wiltshire Police,-1.719157,50.989737,On or near Foundry Road,E01031994,Wiltshire 062D,Violent crime,Investigation complete; no suspect identified,
,2012-12,Wiltshire Police,Wiltshire Police,-1.757960,50.996685,On or near Scott'S Close,E01031995,Wiltshire 062E,Anti-social behaviour,,
,2012-12,Wiltshire Police,Wiltshire Police,-1.758262,50.993385,On or near Salisbury Road,E01031995,Wiltshire 062E,Anti-social behaviour,,
8865836f083888dd1220669b20ef438c16c715e95a3fa0c4a16cb97ace443969,2012-12,Wiltshire Police,Wiltshire Police,-1.742939,50.996850,On or near Sports/Recreation Area,E01031995,Wiltshire 062E,Burglary,Investigation complete; no suspect identified,
c2c789da1559eb5552d0643513662830b69e44379c7bc8a05385364b74304a8f,2012-12,Wiltshire Police,Wiltshire Police,-1.759025,50.994654,On or near Petrol Station,E01031995,Wiltshire 062E,Burglary,Investigation complete; no suspect identified,
1618327bab236c64b5a1300088c965a0e60ab19ac45066b37f6b0fc439a7a917,2012-12,Wiltshire Police,Wiltshire Police,-1.756865,50.993382,On or near Long Close West,E01031995,Wiltshire 062E,Criminal damage and arson,Investigation complete; no suspect identified,
2b1d109370ad5274229052b704409b157b8a421a743ede27f2b5ce8b9edd5048,2012-12,Wiltshire Police,Wiltshire Police,-1.759025,50.994654,On or near Petrol Station,E01031995,Wiltshire 062E,Other theft,Investigation complete; no suspect identified,
b5a6704a605b9a8d0f12fbd9d2eaaa92e0de4febefab6c7947561a82c95f951c,2012-12,Wiltshire Police,Wiltshire Police,-1.751553,50.992849,On or near The Borough,E01031995,Wiltshire 062E,Shoplifting,Investigation complete; no suspect identified,
f59fcf9bc9efd837919e91d46adba04bc874db94b3d961cc1e443b5e0786a0dc,2012-12,Wiltshire Police,Wiltshire Police,-1.742939,50.996850,On or near Sports/Recreation Area,E01031995,Wiltshire 062E,Vehicle crime,Investigation complete; no suspect identified,
e2590d4749010572f7a7d6014681bf9430b3c2d38507b2cb9ac16e4105efd97a,2012-12,Wiltshire Police,Wiltshire Police,-1.730053,50.992658,On or near B3080,E01031995,Wiltshire 062E,Violent crime,Investigation complete; no suspect identified,
