Crime ID,Month,Reported by,Falls within,Longitude,Latitude,Location,LSOA code,LSOA name,Outcome type
c5530dfa1003d559813243c876d9e4b8d3a2545792fabeae3c1c14e520c0f01e,2013-05,Bedfordshire Police,Bedfordshire Police,-0.470832,52.135436,On or near Parking Area,E01017466,Bedford 012A,Investigation complete; no suspect identified
16bbdc4ac3d4a1d7ce5cbea03f3cc1942631af0842df7476eb760e8ac3c7a1c8,2013-05,Bedfordshire Police,Bedfordshire Police,-0.499618,52.139744,On or near DARLOW DRIVE,E01017460,Bedford 008B,Investigation complete; no suspect identified
b8b21781eb3a9b82b446e6c7f1deb8f8e555e2cdca7a72b078af208af5ea461c,2013-05,Bedfordshire Police,Bedfordshire Police,-0.449571,51.881689,On or near RUNLEY ROAD,E01015728,Luton 019B,Investigation complete; no suspect identified
70c97fa1482a4b1f79b2f8726954f441b25dc5aa0cecb580793638dfa395bc43,2013-05,Bedfordshire Police,Bedfordshire Police,-0.339196,52.017890,On or near CRACKLE HILL ROAD,E01017393,Central Bedfordshire 013C,Investigation complete; no suspect identified
02a691b84106c59f40265e803f38964dbb111465b89823f6407c654c9b8346e6,2013-05,Bedfordshire Police,Bedfordshire Police,-0.283955,52.126148,On or near ONGLEY COURT,E01017431,Central Bedfordshire 002B,Investigation complete; no suspect identified
9fd1c5ff00abb667b4f145ab80bb9667cca42937ac1d26a1460b721cca7a2b17,2013-05,Bedfordshire Police,Bedfordshire Police,-0.299178,52.035149,On or near THE JOINT,E01017391,Central Bedfordshire 013A,Investigation complete; no suspect identified
c8f463576b3c80451e6e58046751abdbf3e8bba714a63138af0f7aca214dc15c,2013-05,Bedfordshire Police,Bedfordshire Police,-0.493944,52.163283,On or near HIGHBURY GROVE,E01017481,Bedford 003D,Investigation complete; no suspect identified
eabfefe1a6cd4f6242c0293db44137d584a5e8f6fc66e053bdcbb9515623c4bc,2013-05,Bedfordshire Police,Bedfordshire Police,-0.443430,52.119684,On or near HARROWDEN ROAD,E01017521,Bedford 014D,Investigation complete; no suspect identified
1cabc32593b1e2fa68794f5d5cea199354f835cc26040b3ee959e1549c25d163,2013-05,Bedfordshire Police,Bedfordshire Police,-0.434707,52.138945,On or near HARPENDEN CLOSE,E01017525,Bedford 011B,Investigation complete; no suspect identified
db2349ae5667bbf008e7221546b9da24baec0e3956e81a9439936acdda75f37f,2013-05,Bedfordshire Police,Bedfordshire Police,-0.521732,51.880945,On or near PENRITH AVENUE,E01017565,Central Bedfordshire 029A,Investigation complete; no suspect identified
a70a8076e804966d57ee82e3cf3cc1eb2dfc3470b19fce420df1d82ae23c4596,2013-05,Bedfordshire Police,Bedfordshire Police,-0.514803,51.906034,On or near EAST END,E01017581,Central Bedfordshire 026D,Investigation complete; no suspect identified
5e704a64f8389cdc6574ef0e3a3acd2b0ef5e1c23798a4882ae5947f828816ee,2013-05,Bedfordshire Police,Bedfordshire Police,-0.562153,51.914571,On or near Parking Area,E01017615,Central Bedfordshire 019B,Investigation complete; no suspect identified
1ac555191a2481482f335ac39674ded12c0375865f8551040a1e1335e39abf51,2013-05,Bedfordshire Police,Bedfordshire Police,-0.441861,51.942029,On or near BURY LANE,E01017616,Central Bedfordshire 018D,Investigation complete; no suspect identified
a9748b086447820ceace767f4937b15d3881af47e1f34e15ee096a784d708bd6,2013-05,Bedfordshire Police,Bedfordshire Police,-0.514586,51.874705,On or near ABBEY MEWS,E01017626,Central Bedfordshire 031D,Investigation complete; no suspect identified
20cfff28cc1468e94a134ef4d6f602e155ca80590c747d6d6e84b916c17a7666,2013-05,Bedfordshire Police,Bedfordshire Police,-0.436572,51.902072,On or near TINTAGEL CLOSE,E01015782,Luton 010D,Investigation complete; no suspect identified
bacae1bd41c9ecd16d62887fbcc4fb13ebea355cd2e26db0e100243461247f63,2013-05,Bedfordshire Police,Bedfordshire Police,-0.624992,52.252248,On or near Sports/Recreation Area,E01017503,Bedford 002C,Investigation complete; no suspect identified
81a060f112317cc7f08d6913f66639f4e5cbabea46b24fae087c9ef7338e36ef,2013-05,Bedfordshire Police,Bedfordshire Police,-0.265012,52.004089,On or near NIGHTINGALE TERRACE,E01017376,Central Bedfordshire 010A,Investigation complete; no suspect identified
796ccd86164d3bb69741c885b203e34baa8083e7935e2ef528088435036bec1d,2013-05,Bedfordshire Police,Bedfordshire Police,-0.413327,51.879443,On or near Supermarket,E01015794,Luton 018F,Suspect charged
de5976b50085935f13b14febd096a1ef420045319cadb430766ab1380e82821f,2013-05,Bedfordshire Police,Bedfordshire Police,-0.253258,52.088895,On or near GROSVENOR GARDENS,E01017390,Central Bedfordshire 006D,Investigation complete; no suspect identified
6ba61c9e99a88e6946049707be5b75f8a25cb57b68565d2bd83fc9eb1ac6a9ad,2013-05,Bedfordshire Police,Bedfordshire Police,-0.446839,52.132956,On or near LONGHOLME WAY,E01017468,Bedford 012C,Investigation complete; no suspect identified
2f1594c3284a961e5bb41fdd601728a219ee79129bb90fe006cd38360a7ba1ae,2013-05,Bedfordshire Police,Bedfordshire Police,-0.303327,52.187273,On or near Parking Area,E01017542,Bedford 004D,Investigation complete; no suspect identified
cd696b81e7747b90d1ef5c8d810dd4f31c0e327c9f90bda22585f2f95e624928,2013-05,Bedfordshire Police,Bedfordshire Police,-0.533232,51.878922,On or near QUARRY WALK,E01017567,Central Bedfordshire 029B,Investigation complete; no suspect identified
507ea96893e87691a62832084a8478aba17ec1364650a11a39bcf04166eb755c,2013-05,Bedfordshire Police,Bedfordshire Police,-0.498787,51.875826,On or near SOUTHWOOD ROAD,E01017594,Central Bedfordshire 030C,Investigation complete; no suspect identified
661686bea0380351340e81492660aeb867ec63796c22f81454d20e2190932258,2013-05,Bedfordshire Police,Bedfordshire Police,-0.539322,51.897215,On or near CHEYNE CLOSE,E01017598,Central Bedfordshire 028E,Investigation complete; no suspect identified
ffbeebae9a7542f422d7dc9260782eb63296cd0d4fa59fc5380b00f43edfe1a6,2013-05,Bedfordshire Police,Bedfordshire Police,-0.518827,51.879155,On or near FURNESS AVENUE,E01017623,Central Bedfordshire 031A,Investigation complete; no suspect identified
51eb4eda3314d7a818c7f90f7c1e8bf0cae429db2b9a3b1130587b1ae2a42f61,2013-05,Bedfordshire Police,Bedfordshire Police,-0.481288,51.903673,On or near HEACHAM CLOSE,E01015758,Luton 009C,Investigation complete; no suspect identified
11b390386f3dcc68f9c8aa2a72219029bb32d1717cddf8eafc6b4b45828a804e,2013-05,Bedfordshire Police,Bedfordshire Police,-0.387980,51.895967,On or near LONG CLOSE,E01015807,Luton 016G,Investigation complete; no suspect identified
ab9272fd7c26584a9b54a8a1ce9d9ff74873cc392fca4f5fcb5b8efa493ed30e,2013-05,Bedfordshire Police,Bedfordshire Police,-0.444051,52.138763,On or near ROSAMOND ROAD,E01017524,Bedford 011A,Investigation complete; no suspect identified
8b3fd5ef85ca835cfec5ba72241586a45ed6d2fc5b7643cf15e5654efc367dd3,2013-05,Bedfordshire Police,Bedfordshire Police,-0.444326,51.910312,On or near DUNSBY ROAD,E01015764,Luton 006A,Investigation complete; no suspect identified
4efcb35bd2cd759b27f197e398d22b235f5652fa20d142c96cfce670e922cf79,2013-05,Bedfordshire Police,Bedfordshire Police,-0.399422,51.902399,On or near TANCRED ROAD,E01015796,Luton 012F,Investigation complete; no suspect identified
8d2c342b1bc58fa65f8df80698702983ddaa2e77adc410f2e65919904696bd24,2013-05,Bedfordshire Police,Bedfordshire Police,-0.260352,52.014540,On or near LYMANS ROAD,E01017378,Central Bedfordshire 010C,Investigation complete; no suspect identified
0e4328b4d5e67f2500550c53c8837f7987b3a6401ae668e46b5788b58ff48f24,2013-05,Bedfordshire Police,Bedfordshire Police,-0.291241,52.072395,On or near BIRCH CLOSE,E01017412,Central Bedfordshire 004A,Investigation complete; no suspect identified
2bdabaa54dd53decbb1df90b06e2815d41aed9761371155b9ff8283c08fe6690,2013-05,Bedfordshire Police,Bedfordshire Police,-0.469317,52.135317,On or near HORNE LANE,E01017466,Bedford 012A,Investigation complete; no suspect identified
65cd3712ce1117d7a8cfa05aaa0c29dfd1fb432c0607f7ca389c536357eb2d7b,2013-05,Bedfordshire Police,Bedfordshire Police,-0.661650,51.916886,On or near Supermarket,E01017555,Central Bedfordshire 021A,Investigation complete; no suspect identified
6e870d52563c18395cbd42293c75f561cedff13388632e13ec40efaca529fa59,2013-05,Bedfordshire Police,Bedfordshire Police,-0.522594,51.887888,On or near QUEENSWAY,E01017568,Central Bedfordshire 029C,Investigation complete; no suspect identified
2083850f33996e1387a1098dbfac850f2d86048fc50cf47705e3fefebfc7b199,2013-05,Bedfordshire Police,Bedfordshire Police,-0.526511,51.896974,On or near DOUGLAS CRESCENT,E01017578,Central Bedfordshire 026A,Investigation complete; no suspect identified
82c6135994a265d9180f413e0242fa1b61b5f90fb10ec184744f97ab8e9115a8,2013-05,Bedfordshire Police,Bedfordshire Police,-0.530905,51.895033,On or near HOUGHTON ROAD,E01017599,Central Bedfordshire 028F,Investigation complete; no suspect identified
3a5651ea23ffddca77de784feab973e21a859cfd811bf898b9136437305ac6bf,2013-05,Bedfordshire Police,Bedfordshire Police,-0.510218,51.914572,On or near EDDIWICK AVENUE,E01017619,Central Bedfordshire 025E,Investigation complete; no suspect identified
de9db415da8189e621815622aec0c8c884e4ee5a26604f5c201980685d86c537,2013-05,Bedfordshire Police,Bedfordshire Police,-0.408140,51.885631,On or near CHARLES STREET,E01015743,Luton 018D,Investigation complete; no suspect identified
cb35a494cb8c35961df70e1e555ccad17efeee189df64c1e0f7bd7f45683a77f,2013-05,Bedfordshire Police,Bedfordshire Police,-0.530311,52.227416,On or near TEMPLARS WAY,E01017545,Bedford 001D,Investigation complete; no suspect identified
f54928888368d958ee5f5333963425b8abd47c7d5409237698ff1cd7f53e518e,2013-05,Bedfordshire Police,Bedfordshire Police,-0.410567,51.875315,On or near QUEENS CLOSE,E01015791,Luton 021C,Offender given a caution
c36af851131dc685cdea0b80ae907f765fd7324a64f8c7f4c7a3bbd44bb966a3,2013-05,Bedfordshire Police,Bedfordshire Police,-0.451631,51.916442,On or near BURNT CLOSE,E01015769,Luton 003A,Investigation complete; no suspect identified
6b98f7a88d92d96df54224f9f14e36d29ab2d7d8baf6c336cb0d504eb55c4d05,2013-05,Bedfordshire Police,Bedfordshire Police,-0.462762,51.915383,On or near EIGHTH AVENUE,E01015802,Luton 003F,Investigation complete; no suspect identified
48aba0bae2fdf803f94c8097d32f0ebab46674ddd6359949c81fba1d7979838c,2013-05,Bedfordshire Police,Bedfordshire Police,-0.333807,52.039367,On or near BYRNES MEWS,E01017437,Central Bedfordshire 011A,Investigation complete; no suspect identified
a0fa7859120392f706f5cbba9fd49dce6050d9ee57b80faf80a268c2469e7009,2013-05,Bedfordshire Police,Bedfordshire Police,-0.458198,52.117945,On or near MOOR LANE,E01017477,Bedford 015F,Investigation complete; no suspect identified
438ef210b33f9bc31da25f727997dbf8725b3325b96a5561d6f6c778ba27f8cd,2013-05,Bedfordshire Police,Bedfordshire Police,-0.372210,52.134080,On or near BEDFORD ROAD,E01017496,Bedford 004C,Investigation complete; no suspect identified
b68275bc2bf746fe18038794285d051ca6871033b1c8a7a0ca4d73f3462e2798,2013-05,Bedfordshire Police,Bedfordshire Police,-0.502861,51.877379,On or near NEW WOODFIELD GREEN,E01017594,Central Bedfordshire 030C,Investigation complete; no suspect identified
fce149cb3d8a450eb1ea383ea40d2f7209fb2e517a02944036ac2479df5df11c,2013-05,Bedfordshire Police,Bedfordshire Police,-0.510453,51.907903,On or near Pedestrian Subway,E01017602,Central Bedfordshire 025C,Investigation complete; no suspect identified
ee3ab0b52e0ea6c75db8cfbd3b3d989025a517a8e5a728cce983b319d7d21d6b,2013-05,Bedfordshire Police,Bedfordshire Police,-0.651301,51.924060,On or near MILETREE COURT,E01017609,Central Bedfordshire 021E,Investigation complete; no suspect identified
20a80b3bc28a70f065b8909c93db0ada7a706636bb01ce023692fa98ae0dd1e8,2013-05,Bedfordshire Police,Bedfordshire Police,-0.434454,51.927445,On or near GREAT BRAMINGHAM LANE,E01017616,Central Bedfordshire 018D,Investigation complete; no suspect identified
9cb4e81263b99911f0866ee360611ad758b6eb1b2b48a1b2296b382f0b665ceb,2013-05,Bedfordshire Police,Bedfordshire Police,-0.513700,51.879999,On or near WILLOUGHBY CLOSE,E01017623,Central Bedfordshire 031A,Investigation complete; no suspect identified
b2c0a27726f6ab59a6db88cb07bd3d51243f9fe2db2714f37ec980766215611a,2013-05,Bedfordshire Police,Bedfordshire Police,-0.475187,51.907856,On or near BOXTED CLOSE,E01015752,Luton 005C,Investigation complete; no suspect identified
4c2aab14a10bbb4fc1e0e082529646a8b33ceea3ba2728be93cd6fbcb7a56073,2013-05,Bedfordshire Police,Bedfordshire Police,-0.497070,51.901628,On or near SHEPHERD ROAD,E01015757,Luton 009B,Investigation complete; no suspect identified
ebca5fe95edb0211c2ea4bf845044bfa990987097b1f9308cf8765cb7abeaee5,2013-05,Bedfordshire Police,Bedfordshire Police,-0.408256,51.874519,On or near BAILEY STREET,E01015789,Luton 018E,Suspect charged
83f03ca5e6d8bb2be25cefc61ad1426166024b9cded0e82a888c59eabdbc5376,2013-05,Bedfordshire Police,Bedfordshire Police,-0.386858,51.907803,On or near CURLEW ROAD,E01015797,Luton 008A,Investigation complete; no suspect identified
d61910b3d6b52ce83b3de35f85f49ddc3a417f07a292ee216240f3e22220b030,2013-05,Bedfordshire Police,Bedfordshire Police,-0.461401,51.908387,On or near Park/Open Space,E01015801,Luton 002A,Investigation complete; no suspect identified
0ad4664c3d45e790c7a44f509207794a494e84e8bd82462254097c8367fe7ced,2013-05,Bedfordshire Police,Bedfordshire Police,-0.337090,52.016512,On or near BROOKSIDE,E01017393,Central Bedfordshire 013C,Investigation complete; no suspect identified
1d79a8a36f6d232925ce8d07a522842c8ef7fba790cd0640306cc378303f5db9,2013-05,Bedfordshire Police,Bedfordshire Police,-0.471161,52.135647,On or near RIVER STREET,E01017466,Bedford 012A,Investigation complete; no suspect identified
03b1bd48c6008ef47b4206d0fcf5965538c9d12cf6ca69599402ee0786c1f25a,2013-05,Bedfordshire Police,Bedfordshire Police,-0.464832,52.136985,On or near MILL STREET,E01017469,Bedford 012D,Investigation complete; no suspect identified
34fc1a158fb09e3d81de29315ed8b273fbcfa6651c418158ec36e22ec6895ed4,2013-05,Bedfordshire Police,Bedfordshire Police,-0.521693,51.890107,On or near Theatre/Concert Hall,E01017570,Central Bedfordshire 029E,Offender given a caution
81e17bc1e6315a85d8ced0f85ebbb234f4c3059f3e30d4f4115286e8c045ae5a,2013-05,Bedfordshire Police,Bedfordshire Police,-0.412997,51.887163,On or near HAVELOCK ROAD,E01015741,Luton 018B,Investigation complete; no suspect identified
b9d974ccf378e1685f0a05000ac9a3ba3ea5ef944647fbd9af3a0418fbe34154,2013-05,Bedfordshire Police,Bedfordshire Police,-0.421027,51.881939,On or near COLLINGDON STREET,E01015794,Luton 018F,Suspect charged
913f64af75c93c2fb34a929b37d306c1560374de85db76da4a9c036e85d1f069,2013-05,Bedfordshire Police,Bedfordshire Police,-0.421460,51.877862,On or near BUXTON ROAD,E01015795,Luton 021F,Suspect charged
718d36aea626cfeccd23290b1e0e030fdd522e968243aac8150539f421cf8d37,2013-05,Bedfordshire Police,Bedfordshire Police,-0.512886,52.067334,On or near Sports/Recreation Area,E01017552,Bedford 020B,Investigation complete; no suspect identified
8c9d2676ebc4ace6f9d22fefd11cb439936cc284f57a30b35665312d94d44388,2013-05,Bedfordshire Police,Bedfordshire Police,-0.452193,51.910676,On or near BRAMINGHAM ROAD,E01015764,Luton 006A,Investigation complete; no suspect identified
b278d7095864de7114dff3497a891bb2040bc75ae3ad1db9efbe552dde7a73b7,2013-05,Bedfordshire Police,Bedfordshire Police,-0.421460,51.877862,On or near BUXTON ROAD,E01015795,Luton 021F,Offender given a caution
2762dc7925497f36de9c4f1800f1426d8af3fea5f3a7b47433b7265df560c004,2013-05,Bedfordshire Police,Bedfordshire Police,-0.385447,51.900132,On or near PEARTREE ROAD,E01015800,Luton 008D,Investigation complete; no suspect identified
1746384b7c17e9b0fa3c33a9a8f084d1164524cb064c56595417cc3d97b4c623,2013-05,Bedfordshire Police,Bedfordshire Police,-0.255812,52.079554,On or near COOPERS CLOSE,E01017381,Central Bedfordshire 006A,Investigation complete; no suspect identified
3ba5460a2b5e1609a8ffbfc1623138cce444a970f44020ca6dfa88a5babcf824,2013-05,Bedfordshire Police,Bedfordshire Police,-0.246129,52.078979,On or near COLTSFOOT,E01017389,Central Bedfordshire 006C,Suspect charged as part of another case
71faae665a2bff0b00555bab3c0e2688b37ef2da48ceb65f7f71c43a1a085688,2013-05,Bedfordshire Police,Bedfordshire Police,-0.327224,52.043077,On or near B658,E01017437,Central Bedfordshire 011A,Investigation complete; no suspect identified
d0293f04b7b390cd5eb0fadc3388f8f5ce71ebc9a4a1234f191ab47b29c66936,2013-05,Bedfordshire Police,Bedfordshire Police,-0.469276,52.135668,On or near Shopping Area,E01017466,Bedford 012A,Investigation complete; no suspect identified
98e2d98007ca58735474f44092d08f5df49fe788bab992071ba4c99598a0b2e8,2013-05,Bedfordshire Police,Bedfordshire Police,-0.501252,51.889947,On or near RIDGEWAY DRIVE,E01017584,Central Bedfordshire 027C,Investigation complete; no suspect identified
5e4c2b8b828527dab0afd49d59c1b55dbf16d286a98ac1df3f87ce21d3ed9576,2013-05,Bedfordshire Police,Bedfordshire Police,-0.434350,51.908723,On or near Supermarket,E01015744,Luton 004A,Investigation complete; no suspect identified
ec4697debc5b45f342b6f611d0aa6a1b984b5317aae84109ebaf40d2f8420775,2013-05,Bedfordshire Police,Bedfordshire Police,-0.432820,51.896285,On or near MONTROSE AVENUE,E01015782,Luton 010D,Investigation complete; no suspect identified
9d22818d03b5faf3e3a2a608ffdb06b40dd7a4333a5daa8f6cc769df81e3a4c8,2013-05,Bedfordshire Police,Bedfordshire Police,-0.486636,52.108450,On or near Shopping Area,E01017516,Bedford 018D,Investigation complete; no suspect identified
876a04f497776432ec35cddc1bbb76eddb00287703e9116d773f6b468c476843,2013-05,Bedfordshire Police,Bedfordshire Police,-0.449279,52.079067,On or near POLLARDS CLOSE,E01017549,Bedford 019D,Investigation complete; no suspect identified
476a72cb08ac3bfe56528edcd253fc7ecbe7eb880cf36ceaed4a3b49454bbe0e,2013-05,Bedfordshire Police,Bedfordshire Police,-0.454908,51.919677,On or near MORRIS CLOSE,E01015771,Luton 003B,Investigation complete; no suspect identified
9f15fdd8296555416790b9020bed65e2bc3f3c99eb7f9b4f739a365eae18e723,2013-05,Bedfordshire Police,Bedfordshire Police,-0.427713,51.878530,On or near DOWNS ROAD,E01015795,Luton 021F,Investigation complete; no suspect identified
76adeed185e30c08c89d87681fddffc4cb08023932f05224be3db8bc2571e6c4,2013-05,Bedfordshire Police,Bedfordshire Police,-0.252554,52.083364,On or near SWANBOURNE CLOSE,E01017382,Central Bedfordshire 006B,Investigation complete; no suspect identified
18efff2887469d34651f6d2526b287972a78a895f32ded5d94bffcae3905072f,2013-05,Bedfordshire Police,Bedfordshire Police,-0.325617,52.065398,On or near SCHOOL LANE,E01017412,Central Bedfordshire 004A,Investigation complete; no suspect identified
0f698237ea2293e910abb92fde2a8cd394f8e90256b34b138f8492c082f1a8f5,2013-05,Bedfordshire Police,Bedfordshire Police,-0.446839,52.132956,On or near LONGHOLME WAY,E01017468,Bedford 012C,Investigation complete; no suspect identified
2da9cf909236fccf5d5386bd2849493f0ae1796e3cdffaadce344c11cc89b6e8,2013-05,Bedfordshire Police,Bedfordshire Police,-0.504089,52.163762,On or near HUNTER'S CLOSE,E01017479,Bedford 003B,Local resolution
2c64dfdcd10000e09131239e6e5fb3655cb4c91af13dca68c77d3c6385f00260,2013-05,Bedfordshire Police,Bedfordshire Police,-0.470685,52.141009,On or near BOSWELL PLACE,E01017502,Bedford 010F,Investigation complete; no suspect identified
edbc34cfbfc352e0896b768e7f63e50c10dd6ebc9d0d273643a76b8c9105ed26,2013-05,Bedfordshire Police,Bedfordshire Police,-0.652067,51.919357,On or near REGENT STREET,E01017556,Central Bedfordshire 021B,Investigation complete; no suspect identified
504c51b60172eb1ab7894e868da4645b8428e86aebe0623bc566a8eb520710ef,2013-05,Bedfordshire Police,Bedfordshire Police,-0.534564,51.885322,On or near HAMBLING PLACE,E01017596,Central Bedfordshire 028C,Investigation complete; no suspect identified
5c5a2faea9632687d065a8b347c496533ef00e3013fa81772d725835e9023fe1,2013-05,Bedfordshire Police,Bedfordshire Police,-0.509227,51.909794,On or near CHELSEA GARDENS,E01017602,Central Bedfordshire 025C,Investigation complete; no suspect identified
ffab4b66ebfb3e5758ea8099c1af7fc109b71b4625032807850744bb58c56230,2013-05,Bedfordshire Police,Bedfordshire Police,-0.443421,51.877606,On or near BROCKTON CLOSE,E01015733,Luton 020B,Investigation complete; no suspect identified
b8ab1bad8badd445e8b810e696ef2efccab0d7e601a79ee83116dc5056b73804,2013-05,Bedfordshire Police,Bedfordshire Police,-0.471730,52.128848,On or near Hospital,E01017473,Bedford 015B,Investigation complete; no suspect identified
3565284dd27e2d8395b1c3974026ef5c742245c28e5ef9a080ddb4158889bfe1,2013-05,Bedfordshire Police,Bedfordshire Police,-0.413942,51.878903,On or near Shopping Area,E01015794,Luton 018F,Offender given a caution
6a639fc002a8cef175623cd767fcdb90cc63127ba3b9d5a4ebd8ac20e317d178,2013-05,Bedfordshire Police,Bedfordshire Police,-0.419089,51.878379,On or near Nightclub,E01015794,Luton 018F,Suspect charged
bb523631e5a6cc844043bd811a0e189214cd8ede2384577cd633aa91c1c08457,2013-05,Bedfordshire Police,Bedfordshire Police,-0.230639,52.080618,On or near DUNTON LANE,E01017389,Central Bedfordshire 006C,Investigation complete; no suspect identified
455906196c5f38a19206efd316d3d16c2fde6a01289dcc8d6fd6fbdd75b0c429,2013-05,Bedfordshire Police,Bedfordshire Police,-0.272377,52.029985,On or near Park/Open Space,E01017413,Central Bedfordshire 010D,Investigation complete; no suspect identified
1cd4b1abf1bf65f201fc366737c022c8dfaa323601dc8e40f40df26df33c880d,2013-05,Bedfordshire Police,Bedfordshire Police,-0.469508,52.135707,On or near Parking Area,E01017466,Bedford 012A,Local resolution
23cabfa8b78de590cf0d12d3bd095584d9c62adb8d37e6f76d1848bf86f55eeb,2013-05,Bedfordshire Police,Bedfordshire Police,-0.454053,52.126307,On or near MARK RUTHERFORD ROAD,E01017523,Bedford 014F,Offender given a caution
26317db89e35c94f58c67612464123570b6a5078c9be746d2920d93886ddfb3f,2013-05,Bedfordshire Police,Bedfordshire Police,-0.521693,51.890107,On or near Theatre/Concert Hall,E01017570,Central Bedfordshire 029E,Suspect charged
835534f5339ba5754953d0c7d8ccc7695de584df63059e6e3bd60f0d1491840c,2013-05,Bedfordshire Police,Bedfordshire Police,-0.510814,51.894349,On or near EYNCOURT ROAD,E01017584,Central Bedfordshire 027C,Investigation complete; no suspect identified
742399e342b9a7aed9ec3ab2f47b0eddee3f7f32f4d9ce0137e4511bb2386df1,2013-05,Bedfordshire Police,Bedfordshire Police,-0.662173,51.928661,On or near FIRS PATH,E01017607,Central Bedfordshire 020E,Investigation complete; no suspect identified
7be506bbc67f4b4db0f9571baf9aefd616658749362192c19ae481740c27091f,2013-05,Bedfordshire Police,Bedfordshire Police,-0.486872,51.893666,On or near BROWNING ROAD,E01015763,Luton 013E,Investigation complete; no suspect identified
a9a032b6b0d5f3433234f97e0294b8fae2da9d38e19acd5f36c835efe7059ddd,2013-05,Bedfordshire Police,Bedfordshire Police,-0.385147,51.873638,On or near AIRPORT WAY,E01015811,Luton 014G,Offender given penalty notice
9ea84a0bb92b389de8597d8e77ec6e7ca70d914f3585ffc1c83e6fd1d9a345ef,2013-05,Bedfordshire Police,Bedfordshire Police,-0.262992,52.087438,On or near WELLS COURT,E01017385,Central Bedfordshire 005C,Local resolution
2ba6ab53e0c49620d8d3289e8dd0c363ebef012d123ae107c057adbbe7079cac,2013-05,Bedfordshire Police,Bedfordshire Police,-0.410109,51.893256,On or near HATHERLEY CHASE,E01015778,Luton 012E,Investigation complete; no suspect identified
454aa181d3546c2bb2322b4f063c3186dc90acd503de8c0441e2f72a56bf8091,2013-05,Bedfordshire Police,Bedfordshire Police,-0.419526,51.876281,On or near HASTINGS STREET,E01015795,Luton 021F,Investigation complete; no suspect identified
358772d242ae989753cdec5f3b93c01da98300ea0b823dfb202c59caf1fc80a1,2013-05,Bedfordshire Police,Bedfordshire Police,-0.364865,52.038525,On or near Sports/Recreation Area,E01017441,Central Bedfordshire 011E,Investigation complete; no suspect identified
488845336afcc7e9ba99c913116bd610a31dd80f2d6f5063098fafda4986517e,2013-05,Bedfordshire Police,Bedfordshire Police,-0.468922,52.137039,On or near Shopping Area,E01017466,Bedford 012A,Investigation complete; no suspect identified
21755a514ff4124016fad485c94b0d96702df5b5d05ee34b7011b7916573f94f,2013-05,Bedfordshire Police,Bedfordshire Police,-0.619514,52.199812,On or near NEW ROAD,E01017504,Bedford 002D,Investigation complete; no suspect identified
a9f1d85451da99e2734cce82f580bac7117328767b5b1ea664ac923b95e6e8bd,2013-05,Bedfordshire Police,Bedfordshire Police,-0.451203,52.129713,On or near Supermarket,E01017519,Bedford 014B,Investigation complete; no suspect identified
0e07997b77823c450a154f4e38173d50e30ee89cab2d3d7bd1e757639837fcb7,2013-05,Bedfordshire Police,Bedfordshire Police,-0.521693,51.890107,On or near Theatre/Concert Hall,E01017570,Central Bedfordshire 029E,Investigation complete; no suspect identified
ad990d1018092335bcdad2963299bbcb38298531b37bbda029a280173f6adfa7,2013-05,Bedfordshire Police,Bedfordshire Police,-0.562694,51.882594,On or near LANCOTBURY CLOSE,E01017588,Central Bedfordshire 032E,Investigation complete; no suspect identified
85aa870819aacb20f6ee78ebe91d70bed779e997cc03e5faddd76b21b8069e30,2013-05,Bedfordshire Police,Bedfordshire Police,-0.395850,51.894519,On or near TURNERS ROAD NORTH,E01015776,Luton 012C,Investigation complete; no suspect identified
32c4edfcc6db9e155a2eaa7afe3be86c99ee65c093113a21230b024d43700f73,2013-05,Bedfordshire Police,Bedfordshire Police,-0.267812,52.005892,On or near STRAW PLAIT WAY,E01017376,Central Bedfordshire 010A,Investigation complete; no suspect identified
a14ed835e3c19494fc66559aa9b952de1c2c6c0aec417407c3eb83fedb8e6c51,2013-05,Bedfordshire Police,Bedfordshire Police,-0.446839,52.132956,On or near LONGHOLME WAY,E01017468,Bedford 012C,Investigation complete; no suspect identified
21212d02618310b60dbfeb5553c5dcd35266ba218fc9da9ca68916761ac510ad,2013-05,Bedfordshire Police,Bedfordshire Police,-0.454583,52.140970,On or near APPLEDORE ROAD,E01017485,Bedford 009D,Investigation complete; no suspect identified
9b866a28cc3deec0a25e4ffa456ca5948048494ca106b75f75937e77d47b18b8,2013-05,Bedfordshire Police,Bedfordshire Police,-0.413327,51.879443,On or near Supermarket,E01015794,Luton 018F,Offender given a caution
de7293fbd9645407c8798d79d74f6813b37bc49c188129813f2e3940591cc74b,2013-05,Bedfordshire Police,Bedfordshire Police,-0.399238,51.889997,On or near STANFORD ROAD,E01015780,Luton 016E,Investigation complete; no suspect identified
16548e70eb448337ef127b00a6e2722798e829ca6a48ac7445ccf829bcceb55e,2013-05,Bedfordshire Police,Bedfordshire Police,-0.427596,51.899389,On or near CULVERHOUSE ROAD,E01015784,Luton 010E,Investigation complete; no suspect identified
b34010e064193870e0f4b7a101d1d67f1002a1dd09da3bc511433399b5dfccd8,2013-05,Bedfordshire Police,Bedfordshire Police,-0.460572,51.915651,On or near SPINNEY ROAD,E01015802,Luton 003F,Investigation complete; no suspect identified
9f51c98dbadd17808fd97b54e8cf3000496b51b3e3f2fa0aa639ef4e9fc42f7f,2013-05,Bedfordshire Police,Bedfordshire Police,-0.473421,52.135784,On or near MIDLAND ROAD,E01017466,Bedford 012A,Offender given a caution
4132b7e0461ba159fb8fd93e7d6e85303bea15876d38304a883378966964df1a,2013-05,Bedfordshire Police,Bedfordshire Police,-0.473655,52.134924,On or near WESTERN STREET,E01017466,Bedford 012A,Suspect charged
0d5056c1cbc6cef15ccd2edf18268ec91ead9edcada5926560ae246e967913f0,2013-05,Bedfordshire Police,Bedfordshire Police,-0.471595,52.129817,On or near CROWN PLACE,E01017473,Bedford 015B,Investigation complete; no suspect identified
0c0c144539b2ccc346098d1dce94f36db3c96326b5141149d9288f0b57160f64,2013-05,Bedfordshire Police,Bedfordshire Police,-0.532473,51.895996,On or near NORTHFIELDS,E01017599,Central Bedfordshire 028F,Investigation complete; no suspect identified
8b8d9ff25d4f6d116661d8135eb808b6d8651956f81d81a34f35cbc23ddd137f,2013-05,Bedfordshire Police,Bedfordshire Police,-0.506319,51.911996,On or near ENFIELD CLOSE,E01017601,Central Bedfordshire 025B,Investigation complete; no suspect identified
fbe589d039154008bd79da375c7f776d134c09e7487beafe87856c26c8aac2ea,2013-05,Bedfordshire Police,Bedfordshire Police,-0.651301,51.924060,On or near MILETREE COURT,E01017609,Central Bedfordshire 021E,Investigation complete; no suspect identified
22ee853a5ee7a797bfe7f703eb4958a5ec8ccd461aef0b5fd86f5bbed0af8fed,2013-05,Bedfordshire Police,Bedfordshire Police,-0.487320,51.899354,On or near FRIESIAN CLOSE,E01015760,Luton 009E,Investigation complete; no suspect identified
9f88ee83bb470220c97905810db682216420aa6d4bebc9175603fa49dd9427bf,2013-05,Bedfordshire Police,Bedfordshire Police,-0.664074,51.917057,On or near Supermarket,E01017555,Central Bedfordshire 021A,Local resolution
4a0ed93b58d8eb5e7dd9409fae200a542cdee47b9013e3a4f222891fc2e22f77,2013-05,Bedfordshire Police,Bedfordshire Police,-0.456346,51.917169,On or near SYLAM CLOSE,E01015771,Luton 003B,Investigation complete; no suspect identified
da59b4ccd9d32a1ec4c7f773b2abc1c9cbc1d6b0679a437dbb761694aa504310,2013-05,Bedfordshire Police,Bedfordshire Police,-0.412607,51.880081,On or near JOHN STREET,E01015794,Luton 018F,Investigation complete; no suspect identified
fa54e69be5db0b775a40565b76d7174f6e0ad2158680f57bcc16771afb560952,2013-05,Bedfordshire Police,Bedfordshire Police,-0.460572,51.915651,On or near SPINNEY ROAD,E01015802,Luton 003F,Investigation complete; no suspect identified
1573c1561e24c2711eb54997b92ba2c97dee43f2dc1e5cf1fd7b1c5806f21278,2013-05,Bedfordshire Police,Bedfordshire Police,-0.488043,51.966989,On or near GOSWELL END ROAD,E01017409,Central Bedfordshire 017C,Investigation complete; no suspect identified
be80e1e96c6662493fa358ce0ebfbbd2556818a6cef37b13175cebb944819add,2013-05,Bedfordshire Police,Bedfordshire Police,-0.268202,52.047862,On or near FLEXMORE WAY,E01017413,Central Bedfordshire 010D,Investigation complete; no suspect identified
a7ea9a62fb17f3491255d4b47d884d8e4cbc8095deae71cf9fe5bcafed380644,2013-05,Bedfordshire Police,Bedfordshire Police,-0.591190,52.024554,On or near STATION ROAD,E01017451,Central Bedfordshire 009D,Investigation complete; no suspect identified
e9b1d459b95020780c4940b9864b4884ac13666bbee98d86745b874fa3f787d9,2013-05,Bedfordshire Police,Bedfordshire Police,-0.418409,52.094077,On or near TROW CLOSE,E01017486,Bedford 019A,Investigation complete; no suspect identified
f441d190d540034d021ac2769ae25c3da752c5d4d9e96f65f4b4836c476c03e2,2013-05,Bedfordshire Police,Bedfordshire Police,-0.505004,52.107210,On or near Sports/Recreation Area,E01017514,Bedford 018B,Investigation complete; no suspect identified
97b3ca76fc6f6683a7a3bf0fbd3d2306f5ecd696515a13e93ad69322ee925d73,2013-05,Bedfordshire Police,Bedfordshire Police,-0.434922,52.158648,On or near Pedestrian Subway,E01017533,Bedford 006E,Investigation complete; no suspect identified
e83570524d9a3a479fe495de1e937413191cce9bad10005bfe9608b5b88ac8d3,2013-05,Bedfordshire Police,Bedfordshire Police,-0.585337,51.875442,On or near OLD SCHOOL COURT,E01017572,Central Bedfordshire 032B,Investigation complete; no suspect identified
6de4e6a72c662e873705511ee5054fce0046573505b29e04a4f464d49cd1657f,2013-05,Bedfordshire Police,Bedfordshire Police,-0.635374,51.918409,On or near MEADOW WAY,E01017605,Central Bedfordshire 020C,Investigation complete; no suspect identified
f9bf839ea3140a72c5da3e443f4aa8522cab93382b5937c4c2ef5041b854b84b,2013-05,Bedfordshire Police,Bedfordshire Police,-0.456914,51.914596,On or near THRICKNELLS CLOSE,E01015771,Luton 003B,Investigation complete; no suspect identified
d805cf37a3438fb242961033d3ab9bcbf2e17d0576983b41f5d97a598cf246ab,2013-05,Bedfordshire Police,Bedfordshire Police,-0.402816,51.895639,On or near ENGLEFIELD,E01015775,Luton 012B,Investigation complete; no suspect identified
eff4241c66a4132ccb8b1d9724599ef967721bd5e003923f8f229c67ef4e014c,2013-05,Bedfordshire Police,Bedfordshire Police,-0.402816,51.895639,On or near ENGLEFIELD,E01015775,Luton 012B,Investigation complete; no suspect identified
0ddacf83adc69f46d069cdea65a9008ea905108415f2b5895f5baa0b812eebbb,2013-05,Bedfordshire Police,Bedfordshire Police,-0.391793,51.899067,On or near DAHLIA CLOSE,E01015776,Luton 012C,Investigation complete; no suspect identified
190cac3deabd3d3abc4729e49f6cc851b3fcd5dbcc9bddf9b17baff478d1d2e5,2013-05,Bedfordshire Police,Bedfordshire Police,-0.385447,51.900132,On or near PEARTREE ROAD,E01015800,Luton 008D,Investigation complete; no suspect identified
f9611e6cedc02e677bb07dfbcf5a50f1db3cf327fddb711d14db4c6b251abe1d,2013-05,Bedfordshire Police,Bedfordshire Police,-0.379692,51.875037,On or near Parking Area,E01015811,Luton 014G,Investigation complete; no suspect identified
1ff8d2236de3f71728b55d2d98ae834dafbf380e86e7b4149e1a28b2af9abf2d,2013-05,Bedfordshire Police,Bedfordshire Police,-0.473036,52.135087,On or near BATTISON STREET,E01017466,Bedford 012A,Investigation complete; no suspect identified
60013b9694fc81568cd3e952382570c2736eabc21678c4fe25613f8c93b7516d,2013-05,Bedfordshire Police,Bedfordshire Police,-0.454711,52.144882,On or near AMBERLEY GARDENS,E01017482,Bedford 009A,Investigation complete; no suspect identified
bf321d9747280309123b2e2a4205347e24fdc49fe65e1c1f2cdcbbf1e5a723cf,2013-05,Bedfordshire Police,Bedfordshire Police,-0.491918,52.111611,On or near EATON ROAD,E01017516,Bedford 018D,Investigation complete; no suspect identified
b4cb5f2864929cff06ae60f81cf46b4d2901917813e93a1a0e5f45904b765537,2013-05,Bedfordshire Police,Bedfordshire Police,-0.664498,51.918923,On or near BASSETT ROAD,E01017555,Central Bedfordshire 021A,Investigation complete; no suspect identified
cf26b6a57f1eeb5ffd2e94fe7027b04a6cc7cd93e783667cb45b9189b6d01b05,2013-05,Bedfordshire Police,Bedfordshire Police,-0.499853,51.910142,On or near NEWBURY ROAD,E01017600,Central Bedfordshire 025A,Investigation complete; no suspect identified
9d936bf19b97f6890bd75dc7e3b9c7978051d6746a85f637ae69fc4b6043ccc0,2013-05,Bedfordshire Police,Bedfordshire Police,-0.414225,51.895209,On or near GREENSIDE PARK,E01015740,Luton 012A,Investigation complete; no suspect identified
fcb991b4f80dee3f7be03b24cf85c57e70cc89c9f9e9a183ad6ba48863414747,2013-05,Bedfordshire Police,Bedfordshire Police,-0.406542,51.881923,On or near MOULTON RISE,E01015743,Luton 018D,Investigation complete; no suspect identified
bda9de447899522f200f8df667a81534b3774915592bb78c6c0bcd621e5510b1,2013-05,Bedfordshire Police,Bedfordshire Police,-0.414197,51.879077,On or near Parking Area,E01015794,Luton 018F,Local resolution
fef024c0b76b24660842ad88b22ebc4a1f3f74238177359d46b3c84d98adb51d,2013-05,Bedfordshire Police,Bedfordshire Police,-0.384613,51.897036,On or near LULLINGTON CLOSE,E01015813,Luton 008F,Investigation complete; no suspect identified
372ba123d5800a786441aea511722c698d9badb060209f373a5e7c3087c51fd0,2013-05,Bedfordshire Police,Bedfordshire Police,-0.496714,52.001492,On or near Sports/Recreation Area,E01017405,Central Bedfordshire 016C,Investigation complete; no suspect identified
87e9c45b79171bd6a66200e5684abef8ade5056e39c42fa40639580e0ea5c9d8,2013-05,Bedfordshire Police,Bedfordshire Police,-0.324109,52.035902,On or near PEARTREE CLOSE,E01017438,Central Bedfordshire 011B,Investigation complete; no suspect identified
37e136519b5fb0fa67fa84c87a9add80e5f9bf26eac62f3fcc5839deb8086a79,2013-05,Bedfordshire Police,Bedfordshire Police,-0.466128,52.136706,On or near Supermarket,E01017469,Bedford 012D,Investigation complete; no suspect identified
f1c107cf5179909e36fd6ca9dd0c371ecbeba1ac8a686924a6a6010b1a821090,2013-05,Bedfordshire Police,Bedfordshire Police,-0.467557,52.139754,On or near THE BROADWAY,E01017502,Bedford 010F,Investigation complete; no suspect identified
e0a846b512dcf4f74ff166a7a267410860415291d7b236560fbcedcf8f0c5405,2013-05,Bedfordshire Police,Bedfordshire Police,-0.523271,51.900035,On or near WESTBURY CLOSE,E01017578,Central Bedfordshire 026A,Investigation complete; no suspect identified
906834bd4ce4419943d91e83c5a8569c7af44aa1976874bf8e925d39a6c4a478,2013-05,Bedfordshire Police,Bedfordshire Police,-0.658915,51.935988,On or near SANDY LANE,E01017606,Central Bedfordshire 020D,Suspect charged
0ae363834eebdcca10a0a421c530d652077db3c5808be262f072a60685c2a471,2013-05,Bedfordshire Police,Bedfordshire Police,-0.443786,51.909513,On or near CARSDALE CLOSE,E01015764,Luton 006A,Investigation complete; no suspect identified
84b6fa0a6f1f3aa7d987e012efa74352e754b785e100bf01c06c8065e49285c9,2013-05,Bedfordshire Police,Bedfordshire Police,-0.413327,51.879443,On or near Supermarket,E01015794,Luton 018F,Suspect charged
7cad9f3297264d7ac423d395b70a048a9ea1945761c851c7622ab0a436907eed,2013-05,Bedfordshire Police,Bedfordshire Police,-0.427400,52.152632,On or near Supermarket,E01017492,Bedford 007E,Suspect charged
dd24512fd777877cbafa15eaad2b3423d3d4957a5e9c2fdc8411c22abfe3e587,2013-05,Bedfordshire Police,Bedfordshire Police,-0.423448,52.250799,On or near WYBRIDGE CLOSE,E01017540,Bedford 001A,Investigation complete; no suspect identified
00918057a04a1beb20f9444d926760296680d23c79bac04d7f19205c49c68a18,2013-05,Bedfordshire Police,Bedfordshire Police,-0.510150,51.913097,On or near Supermarket,E01017619,Central Bedfordshire 025E,Investigation complete; no suspect identified
0f39e7ec02cf5871e760209cafdb5d6f72e4bc0d79dcd5981057a95c4376915e,2013-05,Bedfordshire Police,Bedfordshire Police,-0.262992,52.087438,On or near WELLS COURT,E01017385,Central Bedfordshire 005C,Investigation complete; no suspect identified
57cab9fb5d325192be7d7898c72c0c8f398f6fd8fda2e4ea3a592068f03ad6cb,2013-05,Bedfordshire Police,Bedfordshire Police,-0.546797,52.060879,On or near ST MARYS CLOSE,E01017418,Central Bedfordshire 009C,Investigation complete; no suspect identified
9fee848b769a1420de2eb7d8a50770f9924f0a5ed483c2f2d2fac67e6ca54249,2013-05,Bedfordshire Police,Bedfordshire Police,-0.478111,52.142660,On or near WARWICK AVENUE,E01017501,Bedford 010E,Investigation complete; no suspect identified
9612b19289009c2bdd3a1922355cb15368bbfbec6b0bd2d1de6b71baa5677e4c,2013-05,Bedfordshire Police,Bedfordshire Police,-0.493977,52.118102,On or near TEMPSFORD STREET,E01017505,Bedford 017A,Investigation complete; no suspect identified
386e96a1acfae6212d451a99bc940d9e5d771e9e8630cd850600c9123b9bd01c,2013-05,Bedfordshire Police,Bedfordshire Police,-0.498240,52.119460,On or near NEWBURY CLOSE,E01017510,Bedford 016B,Investigation complete; no suspect identified
3fa7ea546f09080df3f974e73d1ce589a6c0e17a7137c6bf37ef99f164babd6c,2013-05,Bedfordshire Police,Bedfordshire Police,-0.662906,51.919157,On or near DOGGETT STREET,E01017555,Central Bedfordshire 021A,Investigation complete; no suspect identified
ed2787a20219d1d21303305d5509d056db0adfc869440059c5ae3d2bbb28ad2f,2013-05,Bedfordshire Police,Bedfordshire Police,-0.522882,51.904382,On or near ROMAN GARDENS,E01017579,Central Bedfordshire 026B,Investigation complete; no suspect identified
d5eae274d1b7bea46673feef503872bfd9fbced664248fe7dec34b4d99ca8e7d,2013-05,Bedfordshire Police,Bedfordshire Police,-0.519451,51.910561,On or near ASH TREE ROAD,E01017618,Central Bedfordshire 025D,Investigation complete; no suspect identified
6654f7f47df168f9e7cd03236ee0ca0b8a67f53c965afb659f7a3779cdc9c9db,2013-05,Bedfordshire Police,Bedfordshire Police,-0.514922,51.911242,On or near RECREATION ROAD,E01017619,Central Bedfordshire 025E,Investigation complete; no suspect identified
f2ec53b97cdd2476519ef36f0538ca6a65a7fccda644d88108243ad35c305621,2013-05,Bedfordshire Police,Bedfordshire Police,-0.520683,51.878837,On or near PATTERDALE CLOSE,E01017623,Central Bedfordshire 031A,Investigation complete; no suspect identified
17e27c72968473a9cdc9bccebd302652890668ac87639c0f81b7e6be19fed6e7,2013-05,Bedfordshire Police,Bedfordshire Police,-0.416447,51.872112,On or near ASHTON ROAD,E01015791,Luton 021C,Investigation complete; no suspect identified
11027bdaa7a8c5cc00b3311a488c8b1660439c5e0e1e109ffe2365b8440c6f34,2013-05,Bedfordshire Police,Bedfordshire Police,-0.461504,51.915168,On or near PLANTATION ROAD,E01015802,Luton 003F,Investigation complete; no suspect identified
5b9cd1f41d66f29b150a3cd1e0271491c5b06586b0b2232f1c96e25a79f5d290,2013-05,Bedfordshire Police,Bedfordshire Police,-0.458233,51.911754,On or near FIVE SPRINGS,E01015801,Luton 002A,Investigation complete; no suspect identified
47418c9638f172ace71129d279db66f33012a63580d3fdba67817035179d95f1,2013-05,Bedfordshire Police,Bedfordshire Police,-0.389725,51.898778,On or near WIGMORE LANE,E01015813,Luton 008F,Investigation complete; no suspect identified
78324e21c0c6e508ef5e200e212a90b86c18300e013611bac106ef04a6f4c982,2013-05,Bedfordshire Police,Bedfordshire Police,-0.635407,52.020372,On or near MEADOW VIEW,E01017379,Central Bedfordshire 007A,Investigation complete; no suspect identified
29eb273df9483d8cb259d45073c71d656f90967a8c673d27baad671beb634309,2013-05,Bedfordshire Police,Bedfordshire Police,-0.343646,52.014599,On or near HIGH STREET,E01017393,Central Bedfordshire 013C,Investigation complete; no suspect identified
58d6e08445a4523bff094684a782386e24399060e1ec0f2d67ad21c7c360f2b7,2013-05,Bedfordshire Police,Bedfordshire Police,-0.488043,51.966989,On or near GOSWELL END ROAD,E01017409,Central Bedfordshire 017C,Investigation complete; no suspect identified
d4704fe56c1eeefb34860e4a518e7170c0bff534fe19a55ab317072f4f9cf27c,2013-05,Bedfordshire Police,Bedfordshire Police,-0.469508,52.135707,On or near Parking Area,E01017466,Bedford 012A,Local resolution
c9be6a97358c7738838b861286965fab31a284639b0c0307fd1dc346923100dd,2013-05,Bedfordshire Police,Bedfordshire Police,-0.426805,52.147948,On or near ELLIOT CRESCENT,E01017490,Bedford 007C,Investigation complete; no suspect identified
35805cb155f6fec84298c36e25a54f60ec4d5d0f6dd5d4b59713612354c55356,2013-05,Bedfordshire Police,Bedfordshire Police,-0.486884,52.131750,On or near SHORT STREET,E01017535,Bedford 013A,Investigation complete; no suspect identified
27574a90cbdb26a673f5e000ddcf25a4f0f09228f957f43afcac8715127ae848,2013-05,Bedfordshire Police,Bedfordshire Police,-0.669472,51.918404,On or near Supermarket,E01017557,Central Bedfordshire 021C,Investigation complete; no suspect identified
23a0e43ba4bef030ba5eaca3710c3ee08eb601482860312bded6e6b68b00971d,2013-05,Bedfordshire Police,Bedfordshire Police,-0.453591,51.903402,On or near ARCHWAY ROAD,E01015765,Luton 006B,Investigation complete; no suspect identified
15506bd0635b21b497474e7ee25cd3b40a8c3e594086ab88f1b86afcb7dd2763,2013-05,Bedfordshire Police,Bedfordshire Police,-0.502395,51.849437,On or near RUSSELL CLOSE,E01017586,Central Bedfordshire 032C,Investigation complete; no suspect identified
66e908a84aa33ccf7525e28ced443c6a9021187a0b2f14f82926c0873983b5cb,2013-05,Bedfordshire Police,Bedfordshire Police,-0.411526,51.880660,On or near CHURCH STREET,E01015794,Luton 018F,Suspect charged
036691312b29cd3831065436124ddbf4b45c53411470b00a1ca83d10c9960ea8,2013-05,Bedfordshire Police,Bedfordshire Police,-0.364865,52.038525,On or near Sports/Recreation Area,E01017441,Central Bedfordshire 011E,Investigation complete; no suspect identified
a923b1b9b11cb963e0bbe256490ca37d5dd90246d33751863a98b0603a2771a5,2013-05,Bedfordshire Police,Bedfordshire Police,-0.500824,52.131703,On or near SAUTON CLOSE,E01017461,Bedford 008C,Investigation complete; no suspect identified
cec4fe76c9373ca270faf4600df6e15d3cfd961fd872f7b0c63d5ecb597441b8,2013-05,Bedfordshire Police,Bedfordshire Police,-0.425035,52.152564,On or near CRANBORNE CLOSE,E01017492,Bedford 007E,Investigation complete; no suspect identified
c819e5114e6b0bcc572dc782b9a73a4a348ae2842dd9fa2e5570c50e669d5b6b,2013-05,Bedfordshire Police,Bedfordshire Police,-0.487942,52.114743,On or near THE LARCHES,E01017513,Bedford 018A,Investigation complete; no suspect identified
d7ebd67189e37f51845fb5e00e16edc08969577723ac2a3e85344385ecf8052c,2013-05,Bedfordshire Police,Bedfordshire Police,-0.433535,52.156094,On or near DOVER CRESCENT,E01017531,Bedford 006C,Investigation complete; no suspect identified
fb960cffc70281b4564cd9f36a733b9349248812d2492056a3ce9a69d7c51ecd,2013-05,Bedfordshire Police,Bedfordshire Police,-0.529287,51.884061,On or near WEST STREET,E01017567,Central Bedfordshire 029B,Investigation complete; no suspect identified
315026762d5714b4a67a930960e8c6a620c12f2284b2aa65773ad7aee7478d50,2013-05,Bedfordshire Police,Bedfordshire Police,-0.529126,51.892124,On or near Petrol Station,E01017568,Central Bedfordshire 029C,Investigation complete; no suspect identified
305631741c49d00655885e1e6b6634a11443cd605c02d4bdebf5bccd8f1b9417,2013-05,Bedfordshire Police,Bedfordshire Police,-0.521693,51.890107,On or near Theatre/Concert Hall,E01017570,Central Bedfordshire 029E,Local resolution
0b9512de0ec19358d4b10347de8c8f208bcbb41544e751ec9aff8437f0d13062,2013-05,Bedfordshire Police,Bedfordshire Police,-0.494217,51.888706,On or near THE RETREAT,E01017583,Central Bedfordshire 027B,Investigation complete; no suspect identified
c3bc60019c7aa37bdc1a286679c9b3ddfb7e073f4f41e914b8615eedc5785f6b,2013-05,Bedfordshire Police,Bedfordshire Police,-0.537501,51.882122,On or near B489,E01017597,Central Bedfordshire 028D,Investigation complete; no suspect identified
9efa929ffd3455cf2e62cc00f533759b0d593eda635ccf5abc4de8de2b24fa36,2013-05,Bedfordshire Police,Bedfordshire Police,-0.434534,51.910955,On or near EAST HILL,E01015748,Luton 004D,Investigation complete; no suspect identified
a0474937e0d975fc0b483a912da5c84386a0a6d737a87c61207f65602619e829,2013-05,Bedfordshire Police,Bedfordshire Police,-0.551156,52.065006,On or near JOHNSON CLOSE,E01017418,Central Bedfordshire 009C,Investigation complete; no suspect identified
c6e259d7a69fde689cde405b9c6318f92f6abc6d3d0e59e1cf436463491a1bcf,2013-05,Bedfordshire Police,Bedfordshire Police,-0.423192,51.918474,On or near LINKS WAY,E01015746,Luton 004B,Investigation complete; no suspect identified
3ff1a2d7a1d8c8060b94d650523f81c1bdafb143964bd3a20ac645c69b7bdbdf,2013-05,Bedfordshire Police,Bedfordshire Police,-0.478144,51.911123,On or near SUDBURY ROAD,E01015753,Luton 005D,Investigation complete; no suspect identified
1d76112fe3d9a3addfdd185c6db9c3553567a4f9cc11b3663181e3fc825cfed5,2013-05,Bedfordshire Police,Bedfordshire Police,-0.408184,51.876155,On or near PARK TERRACE,E01015789,Luton 018E,Local resolution
ff66481bfd0b00c319eb81d9411897eb19616e3d9ba94c5e5d94dfd7ca930560,2013-05,Bedfordshire Police,Bedfordshire Police,-0.416246,51.869987,On or near SOMERSBY CLOSE,E01015793,Luton 021E,Investigation complete; no suspect identified
839ecac6da2305afbfd33b5666f53f8780f63d9613654d251e0424b7f154c6d8,2013-05,Bedfordshire Police,Bedfordshire Police,-0.463074,52.000716,On or near OAK DRIVE,E01017398,Central Bedfordshire 017A,Investigation complete; no suspect identified
f6b7ab128d28191cb14ac489509ee454ba711e4479b43a5b471bf7436eae5d49,2013-05,Bedfordshire Police,Bedfordshire Police,-0.292835,52.133470,On or near LONGFIELD ROAD,E01017434,Central Bedfordshire 001B,Investigation complete; no suspect identified
aa775d921a886303dc32397c1ccc2ac2c9668b602ef067bcbb13d5fa7e5cc1ed,2013-05,Bedfordshire Police,Bedfordshire Police,-0.466673,52.136155,On or near Nightclub,E01017469,Bedford 012D,Offender given a caution
b2f8d520067508ccbafa165a9fc4d0b4e7e4816cd812ac10bc84683370e1c841,2013-05,Bedfordshire Police,Bedfordshire Police,-0.438486,52.119026,On or near HERBRAND ROAD,E01017520,Bedford 014C,Investigation complete; no suspect identified
d0db5e6c7139e4ee64dc01909c00445179069a4cc2a3248ae5acb09523a4e4ec,2013-05,Bedfordshire Police,Bedfordshire Police,-0.516923,51.832806,On or near SOUTHERN WAY,E01017587,Central Bedfordshire 032D,Investigation complete; no suspect identified
b4662f2d372da9cf9fa20a781d997219ad10a8575c6b24a97ce4efddef2d4778,2013-05,Bedfordshire Police,Bedfordshire Police,-0.502422,51.909825,On or near DOLPHIN DRIVE,E01017601,Central Bedfordshire 025B,Investigation complete; no suspect identified
d691a8e436794f987483b9b931c3177cab56c395774f8bdd992fa762b5d2759d,2013-05,Bedfordshire Police,Bedfordshire Police,-0.470992,51.890970,On or near ELDON ROAD,E01015713,Luton 013A,Investigation complete; no suspect identified
c091a88f449fc8b8ecdde71d56d4ef6076566ceac307c58ff33de1f4e46ab358,2013-05,Bedfordshire Police,Bedfordshire Police,-0.427369,51.925031,On or near TURNPIKE DRIVE,E01015707,Luton 001B,Investigation complete; no suspect identified
5e21339208a757dba2592c2a8e94276d0b42381fbd5953031b55ce08911af66c,2013-05,Bedfordshire Police,Bedfordshire Police,-0.384414,51.908668,On or near NIGHTINGALE CLOSE,E01015797,Luton 008A,Investigation complete; no suspect identified
d30e61b6159ea0b5fa15676dbc29ddbb4d7f0ed7987213f62aa4ba3ba9023a50,2013-05,Bedfordshire Police,Bedfordshire Police,-0.385147,51.873638,On or near AIRPORT WAY,E01015811,Luton 014G,Offender given a caution
8bfae4355fd4a202c55aff7f5ae418dd1a1ac201e15e4d9e9b2225a567353395,2013-05,Bedfordshire Police,Bedfordshire Police,-0.295765,52.038643,On or near STOCKBRIDGE ROAD,E01017391,Central Bedfordshire 013A,Investigation complete; no suspect identified
b0ffec64de05e80b5381637a145d21d771c8c4beae7b98fb181d5bbe1da39c0c,2013-05,Bedfordshire Police,Bedfordshire Police,-0.446839,52.132956,On or near LONGHOLME WAY,E01017468,Bedford 012C,Investigation complete; no suspect identified
6a5f3dd96ca3024eae55726bb1f4b9292d70951abe8e88d246fe145a8acb89e3,2013-05,Bedfordshire Police,Bedfordshire Police,-0.455504,51.912069,On or near ARROW CLOSE,E01015772,Luton 003C,Investigation complete; no suspect identified
05c84c66bab170272112233f9d5e775c0edef141a5980e070b523f76f8b1d754,2013-05,Bedfordshire Police,Bedfordshire Police,-0.471139,52.139720,On or near ADELAIDE SQUARE,E01017502,Bedford 010F,Investigation complete; no suspect identified
91077d61763fc5efdedc6c619b65b23ae989c0e1274691151f50639fb838e2de,2013-05,Bedfordshire Police,Bedfordshire Police,-0.484683,51.890472,On or near SKIMPOT ROAD,E01017583,Central Bedfordshire 027B,Offender given a caution
f7d55f40021d5906cfd943e6c6441dbaeea908664560041261245a82860c0b81,2013-05,Bedfordshire Police,Bedfordshire Police,-0.656995,51.926705,On or near BROOMHILLS ROAD,E01017609,Central Bedfordshire 021E,Investigation complete; no suspect identified
a4456d443d65c5465bc4e9c202bbd00ddbae9d74ede0c7ff3db270fb98fe37d4,2013-05,Bedfordshire Police,Bedfordshire Police,-0.409929,51.882688,On or near CHURCH STREET,E01015743,Luton 018D,Investigation complete; no suspect identified
5a89db4bc780772b785defa6c1573a0d2fe4254630c17edba509c4868a236e8c,2013-05,Bedfordshire Police,Bedfordshire Police,-0.411422,51.877862,On or near Further/Higher Educational Building,E01015789,Luton 018E,Suspect charged
c995de3a67e449ac528eafef4b8be7098f0e7181157ee61efd9ed0ab6ac278dd,2013-05,Bedfordshire Police,Bedfordshire Police,-0.413942,51.878903,On or near Shopping Area,E01015794,Luton 018F,Suspect charged
1879c8be2fddf38a554364d08c439350db70b8510dd3325e37abf559a23c0ce4,2013-05,Bedfordshire Police,Bedfordshire Police,-0.471896,52.143209,On or near ROFF AVENUE,E01017497,Bedford 010A,Investigation complete; no suspect identified
3b4f14bedf1f0d6334ec12e54100da72069e9bd35f6edef0d3d81fea8b7923e1,2013-05,Bedfordshire Police,Bedfordshire Police,-0.401382,52.176702,On or near RENHOLD ROAD,E01017542,Bedford 004D,Investigation complete; no suspect identified
6650f1dbe00491da4534eece51e0c167636c1136d9239576ff347be5a3bcc5be,2013-05,Bedfordshire Police,Bedfordshire Police,-0.664040,51.914755,On or near PULFORD ROAD,E01017555,Central Bedfordshire 021A,Investigation complete; no suspect identified
1ec7dac72d2c4d342acf24bf65e77c274186bc99146bc94f206ce8ab4a0cb15a,2013-05,Bedfordshire Police,Bedfordshire Police,-0.377514,51.885501,On or near EATON PLACE,E01015721,Luton 014A,Investigation complete; no suspect identified
074b97fe969a15ce66d91cd9f96f713477c33fcdde3d10581ae685e18ceae91a,2013-05,Bedfordshire Police,Bedfordshire Police,-0.378934,51.890475,On or near OVING CLOSE,E01015811,Luton 014G,Investigation complete; no suspect identified
879ce6d6bee7f58aebbfb6492df076a05b2b0ef02d9c21407a78f48389a95106,2013-05,Bedfordshire Police,Bedfordshire Police,-0.500824,52.131703,On or near SAUTON CLOSE,E01017461,Bedford 008C,Investigation complete; no suspect identified
5a6652f5272ddb54875a3017af83a242c43f86be6e5fdc4a898822833076ad7d,2013-05,Bedfordshire Police,Bedfordshire Police,-0.459002,52.122595,On or near MONMOUTH CLOSE,E01017472,Bedford 015A,Investigation complete; no suspect identified
570cdb727fd3d4a8ba04f274d68ef00955c5069d096b9ec13e0d2b17d7a11b83,2013-05,Bedfordshire Police,Bedfordshire Police,-0.368404,51.893917,On or near BECKBURY CLOSE,E01015806,Luton 014C,Investigation complete; no suspect identified
f4481a6695526c4bb7fe3bace49efd68b26fc2f4cdfc0501aa5cebd3816a36ef,2013-05,Bedfordshire Police,Bedfordshire Police,-0.441392,52.152961,On or near PUTNOE HEIGHTS,E01017532,Bedford 006D,Investigation complete; no suspect identified
87671bad8a3ec002be577b3c72051205555b9f42f868528ad162418ea66bce31,2013-05,Bedfordshire Police,Bedfordshire Police,-0.468254,52.139476,On or near BALSALL STREET EAST,E01017502,Bedford 010F,Local resolution
417c6484250cd879c0691241a9b582beb20e68ff38a67b334ce89d89e23b2c82,2013-05,Bedfordshire Police,Bedfordshire Police,-0.422675,52.149844,On or near CLIPSTONE CLOSE,E01017490,Bedford 007C,Investigation complete; no suspect identified
4dfdc428801cdf65d64b94661c739085ccd14a78966b38f108a96c2d1399e3a9,2013-05,Bedfordshire Police,Bedfordshire Police,-0.408256,51.874519,On or near BAILEY STREET,E01015789,Luton 018E,Investigation complete; no suspect identified
f4276f304ae668d193b7841aa64810dd4a85e0ea5523a89e92ae9c84c5efddfe,2013-05,Bedfordshire Police,Bedfordshire Police,-0.582167,51.869074,On or near MILL END CLOSE,E01017572,Central Bedfordshire 032B,Investigation complete; no suspect identified
b07b4b449a5515873818305f7408394c904f03fddca40aa7fe406ab152a2b2a8,2013-05,Bedfordshire Police,Bedfordshire Police,-0.384414,51.908668,On or near NIGHTINGALE CLOSE,E01015797,Luton 008A,Investigation complete; no suspect identified
56d229c0cb7a4187cd35fcdb3e7fe0fcd15f77e37a11751df3483fcf9c914539,2013-05,Bedfordshire Police,Bedfordshire Police,-0.439265,51.908662,On or near CAVALIER CLOSE,E01015768,Luton 006E,Investigation complete; no suspect identified
4599618dcd1380c25639f2e5bd49e389095ac6e2c999c198ab41cc36e0b335ab,2013-05,Bedfordshire Police,Bedfordshire Police,-0.417561,51.871830,On or near TAVISTOCK CRESCENT,E01015791,Luton 021C,Investigation complete; no suspect identified
e9e4f95d0bf6c8b422f494630b9ed118d18cd2cac56fa7f2f6706bb131c390c7,2013-05,Bedfordshire Police,Bedfordshire Police,-0.383232,51.896639,On or near KEYMER CLOSE,E01015812,Luton 008E,Investigation complete; no suspect identified
2e3212b15c0930a9417221a6866e7b7cf35088af44cddd7f78ca985079191d6e,2013-05,Bedfordshire Police,Bedfordshire Police,-0.254825,52.094754,On or near Sports/Recreation Area,E01017388,Central Bedfordshire 005F,Investigation complete; no suspect identified
1e8211110d953264f37beea7beede644a163b02a8f70b8bdafb5338328bcf8f6,2013-05,Bedfordshire Police,Bedfordshire Police,-0.295937,52.129145,On or near LABURNUM ROAD,E01017431,Central Bedfordshire 002B,Investigation complete; no suspect identified
1130257bc5d6d1e507682c5be273f8e24cb016b1a3d6c0b9cad6db4c6c6aaa27,2013-05,Bedfordshire Police,Bedfordshire Police,-0.284458,52.132467,On or near FRIARS WALK,E01017435,Central Bedfordshire 002D,Investigation complete; no suspect identified
6db8e2821bea60f90bfd189d2a99bf190416792f8bb944a553240b9ec321f2da,2013-05,Bedfordshire Police,Bedfordshire Police,-0.432701,52.152370,On or near CORFE ROAD,E01017529,Bedford 006A,Investigation complete; no suspect identified
f072e87ff89af9748a84ae249a8c8f8b6697b32238a416de0f72624a060fbd99,2013-05,Bedfordshire Police,Bedfordshire Police,-0.408670,51.847990,On or near BEECH TREE DRIVE,E01017564,Central Bedfordshire 033D,Investigation complete; no suspect identified
4fdd32f1ea133bdb76aa7312c3bf63d99c664d9c78ddfbb60c9bdaef93a358a0,2013-05,Bedfordshire Police,Bedfordshire Police,-0.503590,51.910999,On or near TRIDENT DRIVE,E01017601,Central Bedfordshire 025B,Investigation complete; no suspect identified
7739482656d259444e6df362d908ec2ea7490fdcdf0166f78c3af333caa39c5a,2013-05,Bedfordshire Police,Bedfordshire Police,-0.437810,51.875599,On or near ROSS CLOSE,E01015736,Luton 020E,Investigation complete; no suspect identified
53ff90d7eec4957a4946314a250dc8370f347a9b5cb1b5f3b6f2c284cebf05c9,2013-05,Bedfordshire Police,Bedfordshire Police,-0.466128,52.136706,On or near Supermarket,E01017469,Bedford 012D,Suspect charged
e2d3758ff27d5415277c85b5ec7b2d9c688bcc864227e03473fd56f59d51a525,2013-05,Bedfordshire Police,Bedfordshire Police,-0.473009,51.908619,On or near CHALTON ROAD,E01015752,Luton 005C,Investigation complete; no suspect identified
5bc847e35c6ec171ad77a1482e96664ce0441a9039815079f9132759b99075ec,2013-05,Bedfordshire Police,Bedfordshire Police,-0.454939,51.923867,On or near OLYMPIC CLOSE,E01015773,Luton 003D,Investigation complete; no suspect identified
7506018ae86bf63c2681e55c5b7c0d47070fd5f73e1bfafc4ed661ed49cc79fb,2013-05,Bedfordshire Police,Bedfordshire Police,-0.459051,51.915478,On or near LITTLE BERRIES,E01015802,Luton 003F,Investigation complete; no suspect identified
ca884d525eeeceffcc572d865e2bc6f58272247b64eaf4ac0836149b2e4c179b,2013-05,Bedfordshire Police,Bedfordshire Police,-0.501344,52.002450,On or near ULLSWATER CLOSE,E01017405,Central Bedfordshire 016C,Investigation complete; no suspect identified
4fae346808a3b20a35073b3b2b772e21793fc1b8718377f9f2df8458315ce568,2013-05,Bedfordshire Police,Bedfordshire Police,-0.204226,52.124178,On or near SUTTON ROAD,E01017426,Central Bedfordshire 003B,Investigation complete; no suspect identified
425f0e397875d2282abe6a8e53011c6206fa2981b366df8faa62f0cdea67d6b5,2013-05,Bedfordshire Police,Bedfordshire Police,-0.469781,52.137140,On or near Shopping Area,E01017466,Bedford 012A,Suspect charged
973d82a0f72a8935457618bfaf770c83e4892787404c5ee29b76628abb9700aa,2013-05,Bedfordshire Police,Bedfordshire Police,-0.372210,52.134080,On or near BEDFORD ROAD,E01017496,Bedford 004C,Investigation complete; no suspect identified
8d9f5e409af5be49f95489f55772620340eb6a39b9eb9e6971dc1a8ca3a0030d,2013-05,Bedfordshire Police,Bedfordshire Police,-0.554622,52.222744,On or near WOOD END CLOSE,E01017545,Bedford 001D,Investigation complete; no suspect identified
bc5c7be31bf125204c05cb7a34bd344542bb2e00ef1186aa4a8cf385a6f0a14f,2013-05,Bedfordshire Police,Bedfordshire Police,-0.423231,51.970050,On or near HASTINGS ROAD,E01017560,Central Bedfordshire 018C,Investigation complete; no suspect identified
88bad77fe2e7d687d7493bffd5a833fbe256ecbedf60b5912372be6c80a2ad99,2013-05,Bedfordshire Police,Bedfordshire Police,-0.534576,51.939452,On or near SHELTON AVENUE,E01017622,Central Bedfordshire 019E,Investigation complete; no suspect identified
d35cc38b1f3a97659aa870277e212060aa7e8e1ed7416733132ed5055295315b,2013-05,Bedfordshire Police,Bedfordshire Police,-0.471270,51.900325,On or near Police Station,E01015751,Luton 005B,Local resolution
ac7b3c1f1dd2b074799fe71405df58a463e6ffce8c1fa18a904fb6bace803ce1,2013-05,Bedfordshire Police,Bedfordshire Police,-0.480894,51.909755,On or near GILDERDALE,E01015753,Luton 005D,Investigation complete; no suspect identified
3c8340407e2db97a678f83b932929c78c2618c4da50d986a6255c86e661ea946,2013-05,Bedfordshire Police,Bedfordshire Police,-0.679702,51.914158,On or near GRANGE CLOSE,E01017613,Central Bedfordshire 023C,Investigation complete; no suspect identified
8a0596668bd1b282c1f59b69cc11d2eb048734dc70dbd12c0deecf6e073eb04c,2013-05,Bedfordshire Police,Bedfordshire Police,-0.413327,51.879443,On or near Supermarket,E01015794,Luton 018F,Suspect charged
5173804eeac2d58a1a25d4cab6e02142d0b9713ff4e5d46b7b556ace8ebe2607,2013-05,Bedfordshire Police,Bedfordshire Police,-0.224657,52.125801,On or near SUTTON MILL ROAD,E01017429,Central Bedfordshire 003E,Investigation complete; no suspect identified
4cbb9bbaba4506ead0298eb40873bc7590f284245c8bc323fc8c2535860db6f7,2013-05,Bedfordshire Police,Bedfordshire Police,-0.226517,52.013757,On or near HIGH STREET,E01017447,Central Bedfordshire 014B,Investigation complete; no suspect identified
08202a3400fbd99a282106e7170f2a5ccfe923b85ff11a802876addbc6ec795f,2013-05,Bedfordshire Police,Bedfordshire Police,-0.446839,52.132956,On or near LONGHOLME WAY,E01017468,Bedford 012C,Investigation complete; no suspect identified
ec075b098a7a4cbec732a454eca89b61a18ea697a8ccf008c8f7a11a96391996,2013-05,Bedfordshire Police,Bedfordshire Police,-0.440555,52.109567,On or near CANBERRA ROAD,E01017487,Bedford 019B,Investigation complete; no suspect identified
3f55908836c7fb971c36c74b4cc854fda059afb4da854db958b84c4447ec4a32,2013-05,Bedfordshire Police,Bedfordshire Police,-0.466065,52.133864,On or near ST MARY'S STREET,E01017522,Bedford 014E,Investigation complete; no suspect identified
f5e8a056563e89221d9cc1351a03ca50fcb00ba13d72b80bc8c4b09434915386,2013-05,Bedfordshire Police,Bedfordshire Police,-0.559609,51.930014,On or near ST MARY'S CLOSE,E01017615,Central Bedfordshire 019B,Investigation complete; no suspect identified
203001d5f8a9ac015c71e31e48cf7194437a0c7c5e408d369b865b2acf7af8c0,2013-05,Bedfordshire Police,Bedfordshire Police,-0.420813,51.872279,On or near RUTHIN CLOSE,E01015738,Luton 021A,Investigation complete; no suspect identified
a4ae759f1f564f8d55aa781943f2810a20b7cc7687d3516a493ce0dd769889df,2013-05,Bedfordshire Police,Bedfordshire Police,-0.411422,51.877862,On or near Further/Higher Educational Building,E01015789,Luton 018E,Investigation complete; no suspect identified
3449408551a26848e3b2883114584049d0aca273dbc4e85e714bc60691e2120c,2013-05,Bedfordshire Police,Bedfordshire Police,-0.486051,52.004934,On or near IVEL WAY,E01017400,Central Bedfordshire 015B,Investigation complete; no suspect identified
5af7557d8eed16e8b1e395e90158a3daf8da162ae8d403c904855c2583fd48df,2013-05,Bedfordshire Police,Bedfordshire Police,-0.506134,52.170801,On or near MILTON ROAD,E01017480,Bedford 003C,Investigation complete; no suspect identified
fac23775fede5c54289f0bc184cdc29d5785c6b1c921767c4cc75288084fb270,2013-05,Bedfordshire Police,Bedfordshire Police,-0.510265,51.897758,On or near PORZ AVENUE,E01017581,Central Bedfordshire 026D,Investigation complete; no suspect identified
e590aea73fd45f243747c79cb12e91930b35a0b5a739a77e9e0a18804a173f2c,2013-05,Bedfordshire Police,Bedfordshire Police,-0.445356,51.904463,On or near VISCOUNT CLOSE,E01015767,Luton 006D,Investigation complete; no suspect identified
54f38811908d50f13a13de28b25a64056e65b7efc0291fdef6750c66e6b81489,2013-05,Bedfordshire Police,Bedfordshire Police,-0.415830,51.877688,On or near CHAPEL STREET,E01015791,Luton 021C,Investigation complete; no suspect identified
972fc0000a2c38c9bb2ba9d026dd3f951777642e8ba69d7b64712e9f183d7b07,2013-05,Bedfordshire Police,Bedfordshire Police,-0.372890,51.889213,On or near Supermarket,E01015808,Luton 014D,Suspect charged
c26e1b3b3d02d86d737391d4502143e67f42c57a0de569102ec1c2174403dd87,2013-05,Bedfordshire Police,Bedfordshire Police,-0.372992,51.878766,On or near Parking Area,E01015811,Luton 014G,Offender given a caution
fae6fb07c8400cbb1c74b6ddd740b112094d692a53e263dc4f5a3751d23fe229,2013-05,Bedfordshire Police,Bedfordshire Police,-0.284944,52.032228,On or near PARK LANE,E01017415,Central Bedfordshire 010F,Investigation complete; no suspect identified
5810aba69ad407a035cee604381260266a6af389e156d721373cf40429b32e6c,2013-05,Bedfordshire Police,Bedfordshire Police,-0.291384,52.131687,On or near MILLS WALK,E01017434,Central Bedfordshire 001B,Investigation complete; no suspect identified
6f6c4e2021bd9613ae9d5c00200f139876ffa738ee26743b2a080615635ecb58,2013-05,Bedfordshire Police,Bedfordshire Police,-0.480489,52.138924,On or near THE FINCHES,E01017471,Bedford 012F,Investigation complete; no suspect identified
c3c9ca7b420d967ba98bdb76394a897db195305d15e29408f84cc0be85393e48,2013-05,Bedfordshire Police,Bedfordshire Police,-0.584655,51.875892,On or near GURNEY COURT,E01017572,Central Bedfordshire 032B,Investigation complete; no suspect identified
bd525365497b879757d8ecb1d9a647e8601c8325a1b5c9792176f03b81e89a7e,2013-05,Bedfordshire Police,Bedfordshire Police,-0.519451,51.910561,On or near ASH TREE ROAD,E01017618,Central Bedfordshire 025D,Suspect charged
41ee010357ad5a32004ef54f2f3ab7beebb06fc35e12572ae0eaab92d800c9c5,2013-05,Bedfordshire Police,Bedfordshire Police,-0.429552,51.880380,On or near BELMONT ROAD,E01015729,Luton 019C,Investigation complete; no suspect identified
d76f851627a5cc3328e6fc664d6fe373b9e69b78e228f71413b9b875e56d4013,2013-05,Bedfordshire Police,Bedfordshire Police,-0.430951,51.911123,On or near DUNCOMBE CLOSE,E01015744,Luton 004A,Investigation complete; no suspect identified
38487c3c19e448ed7483da96a504d2ff1a36c5a611cc50bfc015a76919e1cea9,2013-05,Bedfordshire Police,Bedfordshire Police,-0.495913,52.123494,On or near VINEYARD WAY,E01017509,Bedford 016A,Suspect charged
02000a2ffe8582ee4f0d1b97bf52dbb1192a4cace1084bb0744a538f93c5f7ee,2013-05,Bedfordshire Police,Bedfordshire Police,-0.454849,51.917599,On or near THE MOAKES,E01015771,Luton 003B,Investigation complete; no suspect identified
8e16b436d9dfb015f8b3d36d99bdfa5bb07a64f1d16577a1ad7a1d3b2edbbd54,2013-05,Bedfordshire Police,Bedfordshire Police,-0.419078,51.875375,On or near ELIZABETH STREET,E01015791,Luton 021C,Investigation complete; no suspect identified
a3083fb42c9bb94c281f9ee01463df1e24c40e39e1dd792755e59f1107308466,2013-05,Bedfordshire Police,Bedfordshire Police,-0.413993,51.880351,On or near CHEAPSIDE,E01015794,Luton 018F,Investigation complete; no suspect identified
13921ed900dcd43457f2f9e018c555cd1273533bc687e4a450a7cee43320c7bd,2013-05,Bedfordshire Police,Bedfordshire Police,-0.421286,51.877860,On or near ADELAIDE STREET,E01015795,Luton 021F,Investigation complete; no suspect identified
f97bcb0be203156aac5d64c81b263b17257399926bdec04432c634ebc034fa90,2013-05,Bedfordshire Police,Bedfordshire Police,-0.459908,51.917197,On or near STRAWBERRY FIELD,E01015802,Luton 003F,Investigation complete; no suspect identified
94fc1fa845fdf931f8a4522ec29cbc0ef5fecca540d7e6cc4c78e9a9176eaf7a,2013-05,Bedfordshire Police,Bedfordshire Police,-0.262992,52.087438,On or near WELLS COURT,E01017385,Central Bedfordshire 005C,Suspect charged
062657dc3337e5b9e3882c7637f42631c26a93042cf7ac965fa10f74836b2b9e,2013-05,Bedfordshire Police,Bedfordshire Police,-0.535185,51.975218,On or near LONG LANE,E01017450,Central Bedfordshire 017E,Investigation complete; no suspect identified
d517cc01a1cf3668996fd1d29195200de59f6698cf2395d595f0f3734279f966,2013-05,Bedfordshire Police,Bedfordshire Police,-0.471730,52.128848,On or near Hospital,E01017473,Bedford 015B,Investigation complete; no suspect identified
7f482ed35e73382aa27130ccd6f48252641ad073e84f987de941ad953a615b02,2013-05,Bedfordshire Police,Bedfordshire Police,-0.523237,51.886440,On or near ELEANOR'S CROSS,E01017568,Central Bedfordshire 029C,Investigation complete; no suspect identified
bf3576b4c5fe9bc9bd28cd1fd5e5b463aad0f045cc70362b00c1e8c23251cf7a,2013-05,Bedfordshire Police,Bedfordshire Police,-0.579532,51.886323,On or near CHAPEL LANE,E01017588,Central Bedfordshire 032E,Investigation complete; no suspect identified
b9bc2506e75c0f260374c71a6b118fde2a038bc064d3c2756ec7791d96f17464,2013-05,Bedfordshire Police,Bedfordshire Police,-0.410262,51.886433,On or near COBDEN STREET,E01015741,Luton 018B,Investigation complete; no suspect identified
9bc5f275c95d0a741a89fb59f55351744c13657dd14ef64f9bbaa7498f955264,2013-05,Bedfordshire Police,Bedfordshire Police,-0.528643,52.098381,On or near FARRELL ROAD,E01017554,Bedford 020D,Investigation complete; no suspect identified
94860e29b04b2384de6f7d4573c4ed1b663475cc1955a201691b0056e99cd8b3,2013-05,Bedfordshire Police,Bedfordshire Police,-0.477464,51.907562,On or near LISTON CLOSE,E01015753,Luton 005D,Investigation complete; no suspect identified
b1e03615641cbf85cf2db380d932262e2369dbd2fbccf8b69e6a3372ac36ee43,2013-05,Bedfordshire Police,Bedfordshire Police,-0.416240,51.875094,On or near CASTLE STREET,E01015791,Luton 021C,Investigation complete; no suspect identified
d8319fc444e73aef3c005e6401cf3e745352a82928bdb776caf9e75ad31f2cc2,2013-05,Bedfordshire Police,Bedfordshire Police,-0.418426,51.879044,On or near PEEL STREET,E01015794,Luton 018F,Investigation complete; no suspect identified
0cc4406ce3f4fc0f69467f915509b8aea481205922e8175f379862137532c582,2013-05,Bedfordshire Police,Bedfordshire Police,-0.471542,51.914571,On or near Shopping Area,E01015804,Luton 002C,Suspect charged
c96ffa945083e1ff78aded624a526dbcef74d2001c39b693916abe5c6af9a1cf,2013-05,Bedfordshire Police,Bedfordshire Police,-0.361841,51.890166,On or near FELBRIGG CLOSE,E01015810,Luton 014F,Investigation complete; no suspect identified
0817e6b87799e79216df338493e2d26305738102d06c8044a691389d18243f72,2013-05,Bedfordshire Police,Bedfordshire Police,-0.256408,52.090461,On or near AUCKLAND ROAD,E01017384,Central Bedfordshire 005B,Investigation complete; no suspect identified
de431c41d929d59815042676f917c721722408d4022167412762a56a42717cf4,2013-05,Bedfordshire Police,Bedfordshire Police,-0.435308,52.110091,On or near CONCORDE CLOSE,E01017487,Bedford 019B,Investigation complete; no suspect identified
63ce7155186892568064cfdb6275dcd61bf45f23a4a9e4e536977b3369869e24,2013-05,Bedfordshire Police,Bedfordshire Police,-0.426215,52.154756,On or near MILBURN ROAD,E01017492,Bedford 007E,Investigation complete; no suspect identified
e991adab0e417b855ee052046a175f8c5aa2a29b2abd85c7ff72e18b6cf32cfc,2013-05,Bedfordshire Police,Bedfordshire Police,-0.582123,51.892172,On or near KNOLLS VIEW,E01017588,Central Bedfordshire 032E,Investigation complete; no suspect identified
02ba9a371d29ec0390a1ee0222754018b8eb1ac3af343c35f8c0eb2ac3e2c6f7,2013-05,Bedfordshire Police,Bedfordshire Police,-0.512069,51.908715,On or near HAMMERSMITH GARDENS,E01017602,Central Bedfordshire 025C,Investigation complete; no suspect identified
249a23e6fec606d19f48456e08657336d0b3a0b9474b158c6fd5f636f211ea38,2013-05,Bedfordshire Police,Bedfordshire Police,-0.455413,51.904973,On or near HEWLETT ROAD,E01015765,Luton 006B,Suspect charged
e13f9128451454762483322028676bfdb8012f800ed8642aa0be8864ac43b3d6,2013-05,Bedfordshire Police,Bedfordshire Police,-0.410028,51.876189,On or near PARK VIADUCT,E01015789,Luton 018E,Investigation complete; no suspect identified
0a6ed966938417859a82d999afba18cfc327b7f33c6363dc5c48dfaac3678523,2013-05,Bedfordshire Police,Bedfordshire Police,-0.399422,51.902399,On or near TANCRED ROAD,E01015796,Luton 012F,Investigation complete; no suspect identified
63eda7ff3572ae05b7cf0abb8af235c8c5cff419dd1e70c5f038971abf2aa2f4,2013-05,Bedfordshire Police,Bedfordshire Police,-0.413327,51.879443,On or near Supermarket,E01015794,Luton 018F,Investigation complete; no suspect identified
77eb8c35e8b1b48648fbdcb7497a33b13154d775e1e396c7dd826430379f48b8,2013-05,Bedfordshire Police,Bedfordshire Police,-0.399422,51.902399,On or near TANCRED ROAD,E01015796,Luton 012F,Investigation complete; no suspect identified
b48d93165c6ad3f6c866d94a308165cf86702feab9bbc67d9554391bdfbf45c1,2013-05,Bedfordshire Police,Bedfordshire Police,-0.385917,51.908114,On or near MOUNT GRACE ROAD,E01015797,Luton 008A,Investigation complete; no suspect identified
b102b50401af2a430779e703ee0472665c436457d763198f37f2dec6433041c8,2013-05,Bedfordshire Police,Bedfordshire Police,-0.376302,51.886896,On or near BARNSTON CLOSE,E01015811,Luton 014G,Investigation complete; no suspect identified
c622f966095d48a1a54b8ab569d0f8fff96c556edfebeeb4c92ed42b1e9d3609,2013-05,Bedfordshire Police,Bedfordshire Police,-0.494445,52.032205,On or near PARK STREET,E01017374,Central Bedfordshire 012D,Investigation complete; no suspect identified
cf2fa7ca419276f2ae131abefa373205c7b16fc67e03aed327cbe6b1851ef272,2013-05,Bedfordshire Police,Bedfordshire Police,-0.335859,52.035538,On or near MIDLAND CLOSE,E01017440,Central Bedfordshire 011D,Investigation complete; no suspect identified
711b0897e9e64c491d245d3e2b9221f10ae767360a3ad67ae6784ce82d2a74fc,2013-05,Bedfordshire Police,Bedfordshire Police,-0.653528,51.913304,On or near STANBRIDGE ROAD TERRACE,E01017575,Central Bedfordshire 024C,Investigation complete; no suspect identified
fe3814523e399becc0e5f32ad38d2be2008018ef9d1ec4ffa7058488cf9d81ca,2013-05,Bedfordshire Police,Bedfordshire Police,-0.507716,51.887404,On or near LUTON ROAD,E01017584,Central Bedfordshire 027C,Investigation complete; no suspect identified
442ffab7743726f5678b0368ffccb596892da2c64a7ac7759f540feb8dafd107,2013-05,Bedfordshire Police,Bedfordshire Police,-0.671346,51.915017,On or near THE WHARF,E01017589,Central Bedfordshire 022A,Investigation complete; no suspect identified
48e565d983ac296f60c8835986568a0d2732b6eadeb505a49276320c2f928498,2013-05,Bedfordshire Police,Bedfordshire Police,-0.509227,51.909794,On or near CHELSEA GARDENS,E01017602,Central Bedfordshire 025C,Investigation complete; no suspect identified
d56b603738cc3e2a6dd79fb36900deb6021daf813e2a1498ac3dbb89ec7e2845,2013-05,Bedfordshire Police,Bedfordshire Police,-0.438394,51.906556,On or near ALDHOUS CLOSE,E01015766,Luton 006C,Investigation complete; no suspect identified
23d4ea8bf1087b310628e6eef3a5f9c7e051c529d123bad63cc60e2d8bc59164,2013-05,Bedfordshire Police,Bedfordshire Police,-0.409847,51.871034,On or near STRATHMORE AVENUE,E01015790,Luton 021B,Investigation complete; no suspect identified
0a16066b15d3aad0c97f8ea42b64db3279a354cf0dd420e9bb5ae2fa74f6a2c4,2013-05,Bedfordshire Police,Bedfordshire Police,-0.416859,51.878178,On or near GEORGE STREET WEST,E01015791,Luton 021C,Suspect charged
003562cd4b865fb9f2438e92c621503d8dc592a7c2ba0145015a08ee8f8b2715,2013-05,Bedfordshire Police,Bedfordshire Police,-0.383812,51.905594,On or near CROWLAND ROAD,E01015799,Luton 008C,Investigation complete; no suspect identified
d879b6c0fca427318ce672e4317f15238334e39b1cde8c72cf30595cf54c86ab,2013-05,Bedfordshire Police,Bedfordshire Police,-0.263584,52.006729,On or near WEAVERS ORCHARD,E01017378,Central Bedfordshire 010C,Investigation complete; no suspect identified
46160cd5ea9c6150c28921ee3716eef46bf2d5ca006b5f14c76bc530c46b4918,2013-05,Bedfordshire Police,Bedfordshire Police,-0.469781,52.137140,On or near Shopping Area,E01017466,Bedford 012A,Investigation complete; no suspect identified
c58f1de194497e1cd06289d95fadc03e7affddcf0d61037876ee2c3c9848843c,2013-05,Bedfordshire Police,Bedfordshire Police,-0.446839,52.132956,On or near LONGHOLME WAY,E01017468,Bedford 012C,Investigation complete; no suspect identified
b73fe9b6e736c909bfff5dd6a5a760a54060af0cc40fcc86d54dc508dc5df46d,2013-05,Bedfordshire Police,Bedfordshire Police,-0.363710,51.843498,On or near HAMBRO CLOSE,E01017564,Central Bedfordshire 033D,Investigation complete; no suspect identified
fbbfb625c2ae135ce38ee09c36aa09dc535be9990b0e503c628eb9463d8fe032,2013-05,Bedfordshire Police,Bedfordshire Police,-0.638845,51.919025,On or near OATFIELD GARDENS,E01017605,Central Bedfordshire 020C,Investigation complete; no suspect identified
5ea3fdd32b56a9797e5cf43c7767db7dc190129aa1906c4b8330516e4623d295,2013-05,Bedfordshire Police,Bedfordshire Police,-0.509038,51.914179,On or near KENT ROAD,E01017619,Central Bedfordshire 025E,Investigation complete; no suspect identified
8550f886ac6ddb986d771cddadd22a5bfcc869d9f2be2ee276a29847c8962cf3,2013-05,Bedfordshire Police,Bedfordshire Police,-0.455413,51.904973,On or near HEWLETT ROAD,E01015765,Luton 006B,Investigation complete; no suspect identified
b3f39e18660dc3b52253839b534302fa62eda188990782d193594e62454a119a,2013-05,Bedfordshire Police,Bedfordshire Police,-0.447312,51.903383,On or near QUILTER CLOSE,E01015785,Luton 006G,Investigation complete; no suspect identified
441e2d114d7f8dbb5e2d50db2de92e89bc31ce9eb333b8f1ac4eece1513e40ff,2013-05,Bedfordshire Police,Bedfordshire Police,-0.466128,52.136706,On or near Supermarket,E01017469,Bedford 012D,Suspect charged
67da2ed8333608425ac17b1f7e11c8e92a75053d9c245a51771d3ba8d3b6d1c6,2013-05,Bedfordshire Police,Bedfordshire Police,-0.488744,52.084965,On or near AMPTHILL ROAD,E01017552,Bedford 020B,Investigation complete; no suspect identified
569ea7753e574e3af7d9d9b23d50016321f3456c7d917be80ee9a5de80340c5f,2013-05,Bedfordshire Police,Bedfordshire Police,-0.436182,51.907857,On or near BELVEDERE ROAD,E01015766,Luton 006C,Investigation complete; no suspect identified
6bacf9c22c5323b2db4b9d5cec104e7a62e7ff8d59c7250f47b22404ac17b209,2013-05,Bedfordshire Police,Bedfordshire Police,-0.392700,51.886680,On or near CRAWLEY GREEN ROAD,E01015780,Luton 016E,Investigation complete; no suspect identified
cfc4b143002d86b559ba04e09fe890041b98b2ef7b2788d7b0c736d0a74afb49,2013-05,Bedfordshire Police,Bedfordshire Police,-0.395491,51.871558,On or near Parking Area,E01015790,Luton 021B,Investigation complete; no suspect identified
1fb9d34e0bc1c04742d0d86e79b5839c81e61952d2e1987ae96276ebb153b01c,2013-05,Bedfordshire Police,Bedfordshire Police,-0.416100,51.874553,On or near KELVIN CLOSE,E01015791,Luton 021C,Investigation complete; no suspect identified
e62d36a49ceacf49ad608f6c53eaa6352414041fa38bb4ab688e388806989248,2013-05,Bedfordshire Police,Bedfordshire Police,-0.464174,51.914052,On or near FAIRFAX AVENUE,E01015801,Luton 002A,Investigation complete; no suspect identified
1b764ae8811a04f11265727fbacdf8c0d3fbcd5ea669918d9741aa0e50e747d3,2013-05,Bedfordshire Police,Bedfordshire Police,-0.494419,52.005185,On or near HIGHLANDS,E01017401,Central Bedfordshire 015C,Investigation complete; no suspect identified
41e9d38c89b7012642238aaef17bb5ea202d258986ac8b12cc599e4a1b54020f,2013-05,Bedfordshire Police,Bedfordshire Police,-0.229870,52.021846,On or near PRINCE'S STREET,E01017449,Central Bedfordshire 014D,Investigation complete; no suspect identified
4d68d2a7da90a3adca64c56ce623441f796c6535040e66cc7b0fe0ac3eef7772,2013-05,Bedfordshire Police,Bedfordshire Police,-0.651514,51.917444,On or near WOODMAN CLOSE,E01017556,Central Bedfordshire 021B,Investigation complete; no suspect identified
a5391207b4751459e79749df44891a3e2a87d1b75bce3aaf0e562c6f5f674f42,2013-05,Bedfordshire Police,Bedfordshire Police,-0.510122,51.886256,On or near STOKERS CLOSE,E01017592,Central Bedfordshire 030A,Investigation complete; no suspect identified
b02378c30150c6bdd190c4fcac52002ae380c61318d17ac57f8b7b1b10cf4cb4,2013-05,Bedfordshire Police,Bedfordshire Police,-0.520330,51.875406,On or near CARLISLE CLOSE,E01017625,Central Bedfordshire 031C,Investigation complete; no suspect identified
92357e7fe2ff1619235e7846760ce9cc6a8cbbeb95e90928be96f9da40b6e89e,2013-05,Bedfordshire Police,Bedfordshire Police,-0.478123,51.914296,On or near EAGLE CENTRE WAY,E01015753,Luton 005D,Investigation complete; no suspect identified
c8efd344be4abc40db0a9e22dd86acf55e1c3bcaddc630a281f7da1c48cd1b89,2013-05,Bedfordshire Police,Bedfordshire Police,-0.499328,51.901899,On or near PLOUGH CLOSE,E01015757,Luton 009B,Investigation complete; no suspect identified
7ecc30a91ffe922f9f2a96fc315c9e8af48f4fbaf993ac0112e79d5ca45f4310,2013-05,Bedfordshire Police,Bedfordshire Police,-0.418057,51.880874,On or near MANCHESTER STREET,E01015794,Luton 018F,Investigation complete; no suspect identified
ecb3d9d640453797ddb9cbaede139429a014b09e84b489ca946122316e0acaf8,2013-05,Bedfordshire Police,Bedfordshire Police,-0.471746,51.970222,On or near LOVETT GREEN,E01017450,Central Bedfordshire 017E,Investigation complete; no suspect identified
d3ed89581eac71793b78ca7ae1f2272808ff92e7b2a819232e56392450e2935f,2013-05,Bedfordshire Police,Bedfordshire Police,-0.457191,52.215577,On or near THE CLOSE,E01017478,Bedford 003A,Investigation complete; no suspect identified
77d642187f0e087087b52bb78e605fdad534b81dc7069d4f4a7d14c7d5e3e778,2013-05,Bedfordshire Police,Bedfordshire Police,-0.426805,52.147948,On or near ELLIOT CRESCENT,E01017490,Bedford 007C,Investigation complete; no suspect identified
68700b83537e30d6c0b723596191ab8ad364dc2da16beeab24f83b6881a85504,2013-05,Bedfordshire Police,Bedfordshire Police,-0.427400,52.152632,On or near Supermarket,E01017492,Bedford 007E,Investigation complete; no suspect identified
66f6514c505992def6982840dc6ebd8e9636312d81918de873809bb8842c3da2,2013-05,Bedfordshire Police,Bedfordshire Police,-0.344698,52.152579,On or near CHURCHGATE,E01017495,Bedford 004B,Investigation complete; no suspect identified
83d5e5ccf3f02d253ff57f445631f4599c04833a2767c0290fe51875d784bc2e,2013-05,Bedfordshire Police,Bedfordshire Police,-0.487523,52.113748,On or near THE HOLLIES,E01017513,Bedford 018A,Investigation complete; no suspect identified
4a37981391fbd6afca1e6b9a739cf9e4ea708ba34d2185fa8c92dfe977a987a8,2013-05,Bedfordshire Police,Bedfordshire Police,-0.439320,52.154966,On or near GREAT ALDENS,E01017533,Bedford 006E,Investigation complete; no suspect identified
c1980e4c3f68ad72c8f49225597d77edcc196fe6a815a8ca8aa7bf1f0ab5c1b8,2013-05,Bedfordshire Police,Bedfordshire Police,-0.660551,51.918177,On or near NORTH STREET,E01017555,Central Bedfordshire 021A,Investigation complete; no suspect identified
420063624bf33710aa66b8ab89ed59c050b2e4f47f7f39686bed55482389a2a5,2013-05,Bedfordshire Police,Bedfordshire Police,-0.497970,51.908194,On or near FENWICK ROAD,E01017600,Central Bedfordshire 025A,Investigation complete; no suspect identified
766cc267c178e0db7ba1bd9d11b7770ab0dcf23593cd0e493861f0d52922f459,2013-05,Bedfordshire Police,Bedfordshire Police,-0.401675,51.889275,On or near KENNETH ROAD,E01015780,Luton 016E,Investigation complete; no suspect identified
5887dd78573e8d25b6eee5f48e9cd05ab01ccc1cac40390937653330e7584219,2013-05,Bedfordshire Police,Bedfordshire Police,-0.411422,51.877862,On or near Further/Higher Educational Building,E01015789,Luton 018E,Investigation complete; no suspect identified
3291ff8317d52b445ad08c8b0de98c3d04eb57b2f546aa08c4d6c98df07384ea,2013-05,Bedfordshire Police,Bedfordshire Police,-0.409669,51.884708,On or near YORK STREET,E01015743,Luton 018D,Offender given a caution
3b66c2210879ce0cde0cefba8439e6c2da96c3d6909103db56ea8d0ffb38112e,2013-05,Bedfordshire Police,Bedfordshire Police,-0.443786,51.909513,On or near CARSDALE CLOSE,E01015764,Luton 006A,Suspect charged
33fe666f389c8d06cf94a36d8479019ca70ea99a282f3cf18613df26fd06f934,2013-05,Bedfordshire Police,Bedfordshire Police,-0.466598,51.914605,On or near NINTH AVENUE,E01015804,Luton 002C,Investigation complete; no suspect identified
7a354b9741bdb3da687d56b89aedaa6761d01db02d328f568bacc58575de2cf9,2013-05,Bedfordshire Police,Bedfordshire Police,-0.494016,51.962507,On or near STATION ROAD,E01017408,Central Bedfordshire 017B,Investigation complete; no suspect identified
9f244d0ed25caf55caf45e93357620386d55095c9ac63938d5284a9b9650083e,2013-05,Bedfordshire Police,Bedfordshire Police,-0.454185,52.155404,On or near KIMBOLTON ROAD,E01017456,Bedford 005D,Investigation complete; no suspect identified
0e3f73e396320012ac3e1b586872d8760ebab3f994edda4c733cc50790a84980,2013-05,Bedfordshire Police,Bedfordshire Police,-0.470214,52.141560,On or near ALBERT STREET,E01017502,Bedford 010F,Investigation complete; no suspect identified
d3ef76e64788981049da1a86cb5a9d376222adfbd9767e3983973002806a3738,2013-05,Bedfordshire Police,Bedfordshire Police,-0.437587,52.133463,On or near MAIA CLOSE,E01017524,Bedford 011A,Investigation complete; no suspect identified
90c2223c0e71359e43ad2c4223462786f61aebe744318e5126f0a262458142f3,2013-05,Bedfordshire Police,Bedfordshire Police,-0.529618,51.886376,On or near WEST PARADE,E01017569,Central Bedfordshire 029D,Investigation complete; no suspect identified
2af4c68de6cdd6a3c5f663cb24b0818b64c029b66b4cba1c07b7fe658cba2205,2013-05,Bedfordshire Police,Bedfordshire Police,-0.507716,51.887404,On or near LUTON ROAD,E01017584,Central Bedfordshire 027C,Investigation complete; no suspect identified
b8c2133b6b3605089e792e5668f73dbe9101db8f216da59b55b938092e476769,2013-05,Bedfordshire Police,Bedfordshire Police,-0.434025,51.867465,On or near LEYHILL DRIVE,E01015732,Luton 020A,Investigation complete; no suspect identified
9d170b5368740d5d6e6094471756a407e0a551ec344e3beb81644e7e6f411d00,2013-05,Bedfordshire Police,Bedfordshire Police,-0.412997,51.887163,On or near HAVELOCK ROAD,E01015741,Luton 018B,Offender given a caution
9f266bb196f0f100409967dece92ae859aa60623335d694f0318887743343c56,2013-05,Bedfordshire Police,Bedfordshire Police,-0.245632,52.074539,On or near Shopping Area,E01017381,Central Bedfordshire 006A,Investigation complete; no suspect identified
c638fc28811803acab60953ec4cb2d9676050e62d430cd917f521d2c75ca05b9,2013-05,Bedfordshire Police,Bedfordshire Police,-0.226585,52.021967,On or near REGENT COURT,E01017449,Central Bedfordshire 014D,Investigation complete; no suspect identified
a221a6c88addeaf30a72300d07db4bb7fe19e5310e87a4eea57f06c8823415a9,2013-05,Bedfordshire Police,Bedfordshire Police,-0.469610,52.137866,On or near DANE STREET,E01017466,Bedford 012A,Local resolution
aad1d095fdd691ad5b0c5cfdc2657594283d55e0f4312e157c589d0046e9db36,2013-05,Bedfordshire Police,Bedfordshire Police,-0.478841,52.137122,On or near ASHBURNHAM ROAD,E01017471,Bedford 012F,Investigation complete; no suspect identified
1c02a9495ed18d47d71d1162a067d0d10f6ef1b788baff27933e81ba438d3181,2013-05,Bedfordshire Police,Bedfordshire Police,-0.492289,52.160321,On or near PRESERVINE WALK,E01017479,Bedford 003B,Offender given a caution
a53fa5c58d55cec463c14987aa495ac3e7eba2b60d7006ed5c33e00c0609b790,2013-05,Bedfordshire Police,Bedfordshire Police,-0.432923,52.121056,On or near CAMBRIDGE ROAD,E01017486,Bedford 019A,Investigation complete; no suspect identified
1f8abe69d7fb465b0e32c818aaf868a97523047693e21cee7dab7d4c4bd8cb41,2013-05,Bedfordshire Police,Bedfordshire Police,-0.518842,52.293969,On or near FORGE GARDENS,E01017545,Bedford 001D,Investigation complete; no suspect identified
f33f77688e69ee4bd683ae537dc71a0eff628de1580504f2416a8b147e24bc1e,2013-05,Bedfordshire Police,Bedfordshire Police,-0.503452,51.878844,On or near OAKWOOD AVENUE,E01017594,Central Bedfordshire 030C,Suspect charged
2d87078e47358a300822ff760e298a6e8bace40f62bd27c705e769627ce73e9a,2013-05,Bedfordshire Police,Bedfordshire Police,-0.519451,51.910561,On or near ASH TREE ROAD,E01017618,Central Bedfordshire 025D,Offender given a caution
534f2cf5fe3a11648ee02de7e5de5a1cae000ab9ba53f21b90e768eb505a8c2b,2013-05,Bedfordshire Police,Bedfordshire Police,-0.497070,51.901628,On or near SHEPHERD ROAD,E01015757,Luton 009B,Investigation complete; no suspect identified
e90e4e37d240fd7f8da51a7e0e0aa43aa3eb0f076b6f2a90c18eefa2ebfb80b8,2013-05,Bedfordshire Police,Bedfordshire Police,-0.453943,51.913064,On or near AXE CLOSE,E01015772,Luton 003C,Investigation complete; no suspect identified
3afd3b67e94f62f16932c167a15b2302e51fde0ded83df4b336597a35d58cc85,2013-05,Bedfordshire Police,Bedfordshire Police,-0.459234,52.145086,On or near ST MICHAEL'S ROAD,E01017482,Bedford 009A,Investigation complete; no suspect identified
900ed0f35e1ae00ae61df0755f2b12220e7a361c1259eeffc50ff94f975a415a,2013-05,Bedfordshire Police,Bedfordshire Police,-0.447762,51.892437,On or near CALEB CLOSE,E01015787,Luton 015D,Suspect charged
98c68fedebc2a327a52e3f94daff43a96c21ffcb05d1852eeec575ed54e9227d,2013-05,Bedfordshire Police,Bedfordshire Police,-0.416084,51.880380,On or near Shopping Area,E01015794,Luton 018F,Suspect charged
3beb3bab2176de00376ea74e9cd29e3a4bc72fdbee780d07658f0c7804ebc1e1,2013-05,Bedfordshire Police,Bedfordshire Police,-0.263176,52.078180,On or near ELDON WAY,E01017386,Central Bedfordshire 005D,Investigation complete; no suspect identified
27ee57a02f3bf2ff213c416b29c45c8cb0eca5dd10910c7a102e49bc6b21a031,2013-05,Bedfordshire Police,Bedfordshire Police,-0.287378,52.132132,On or near DAPIFER DRIVE,E01017435,Central Bedfordshire 002D,Investigation complete; no suspect identified
faf3a8e9864eec7509bbe5a2818e59833ff97c7464eb31bc8c422d0f1ec0221d,2013-05,Bedfordshire Police,Bedfordshire Police,-0.482722,52.132128,On or near LAWRENCE STREET,E01017538,Bedford 013D,Investigation complete; no suspect identified
a3f8bc0a8e53b81274a9ced823403d66b88bd5fcf7efc19e289ba8b5d0ce2ef3,2013-05,Bedfordshire Police,Bedfordshire Police,-0.513142,51.890727,On or near Shopping Area,E01017584,Central Bedfordshire 027C,Investigation complete; no suspect identified
6a5bc6bac36154567c3f8f3a6700f545f6d74313348cc1c3c6b1dc00d9a2babe,2013-05,Bedfordshire Police,Bedfordshire Police,-0.514811,51.906673,On or near CROSSWAYS,E01017617,Central Bedfordshire 026E,Investigation complete; no suspect identified
10e0f3f25b6d1278ed566e26106ce978c8e5edec0d6635c71d7947f22f9de4ee,2013-05,Bedfordshire Police,Bedfordshire Police,-0.503215,51.946763,On or near Parking Area,E01017620,Central Bedfordshire 019C,Investigation complete; no suspect identified
1f2b2bd035bdd63508f333c38454ff5a37452ce112f448343ccf47a2def08f97,2013-05,Bedfordshire Police,Bedfordshire Police,-0.432930,51.882682,On or near GRANVILLE ROAD,E01015730,Luton 019D,Investigation complete; no suspect identified
3c06984a0d7b92151a4321fb9bf948ad8d4d2956bb8ee438d754e47c61b4160c,2013-05,Bedfordshire Police,Bedfordshire Police,-0.460442,51.923256,On or near SOUTHAMPTON GARDENS,E01015774,Luton 003E,Investigation complete; no suspect identified
29f091bad5d0fd093059ae564ce59f264d95d1f575998e0e3961c56ee4eeabf3,2013-05,Bedfordshire Police,Bedfordshire Police,-0.262856,52.090556,On or near BRUNSWICK CLOSE,E01017384,Central Bedfordshire 005B,Investigation complete; no suspect identified
350da109de66947b8cbd5a2efc0be06e2102b1bf57dcfadc48f774666c50a38b,2013-05,Bedfordshire Police,Bedfordshire Police,-0.660194,51.914028,On or near GROVE PLACE,E01017555,Central Bedfordshire 021A,Investigation complete; no suspect identified
d8b390cecb16af3e8c16a4a1c3d5daa236fa899675b3631c8937bfc4dac16509,2013-05,Bedfordshire Police,Bedfordshire Police,-0.456346,51.917169,On or near SYLAM CLOSE,E01015771,Luton 003B,Investigation complete; no suspect identified
534b3e5283af3ca9b580fe01ad62ba04daf9ff5be2f6951850619c471b496c0c,2013-05,Bedfordshire Police,Bedfordshire Police,-0.408027,51.878140,On or near Pedestrian Subway,E01015789,Luton 018E,Investigation complete; no suspect identified
4074385d8c9ca902d8d9a4643f8db9ea0d838f62988f73ef5f0086601762dcf2,2013-05,Bedfordshire Police,Bedfordshire Police,-0.416240,51.875094,On or near CASTLE STREET,E01015791,Luton 021C,Offender given penalty notice
d875b08ac1ee21a7b060f6b30e06605431166ce083799d812f961fde21b9bf51,2013-05,Bedfordshire Police,Bedfordshire Police,-0.450836,51.996546,On or near FLITTON ROAD,E01017398,Central Bedfordshire 017A,Investigation complete; no suspect identified
439f76a2a077a3d732acaafcbc40ac65db6d02261c7df061ce5d5d5b1b8804fd,2013-05,Bedfordshire Police,Bedfordshire Police,-0.287781,52.129261,On or near MARKET SQUARE,E01017435,Central Bedfordshire 002D,Investigation complete; no suspect identified
2ed3c5b1315a57ff7d2137ab94486759718081df336c049fb9c9ceb58e985e81,2013-05,Bedfordshire Police,Bedfordshire Police,-0.603263,52.203847,On or near MEADWAY,E01017504,Bedford 002D,Offender given a caution
e4965b1835325d1d2616a68ea32b964cb41e5894ba98b24d09e226ddccb2b30e,2013-05,Bedfordshire Police,Bedfordshire Police,-0.514486,51.888757,On or near Shopping Area,E01017570,Central Bedfordshire 029E,Investigation complete; no suspect identified
798e3a940d395c77a83b2307daa84f102f05519b9acd42c25041b9f785b7eef6,2013-05,Bedfordshire Police,Bedfordshire Police,-0.504351,51.872759,On or near STIPERS CLOSE,E01017624,Central Bedfordshire 031B,Offender given a caution
e2e5bfde5943a0e4c31f0092048ba0af9852ded6923e7eaab5c93a2b23176382,2013-05,Bedfordshire Police,Bedfordshire Police,-0.434444,51.885094,On or near WARWICK ROAD EAST,E01015725,Luton 017E,Investigation complete; no suspect identified
11d6c88b701f0d45595ce4703aca8e48cfbda204c8ba3fa7f16be8bee1785a9e,2013-05,Bedfordshire Police,Bedfordshire Police,-0.420813,51.872279,On or near RUTHIN CLOSE,E01015738,Luton 021A,Investigation complete; no suspect identified
f2e7d3f17e39dfb494acf4a2b967c6d06257c970327370df1ebeea388168ea4a,2013-05,Bedfordshire Police,Bedfordshire Police,-0.476773,52.147606,On or near KNELLER CLOSE,E01017498,Bedford 010B,Investigation complete; no suspect identified
131cee2710b3ce4d861ccb8896d929f2a2a9671e7beb7aa9d9cc1cf91a1cda1b,2013-05,Bedfordshire Police,Bedfordshire Police,-0.519804,51.907796,On or near BEECH TREE WAY,E01017617,Central Bedfordshire 026E,Investigation complete; no suspect identified
5d027ee765818966c84b2c6feb6c681d54e57753dddf5b3732f5c8907a1ccf3f,2013-05,Bedfordshire Police,Bedfordshire Police,-0.419544,51.870382,On or near OLD ORCHARD,E01015738,Luton 021A,Investigation complete; no suspect identified
9d177f1326c4b03f8278bd33f107087d4ce7526e82b04a3215c5330ae7d5705e,2013-05,Bedfordshire Police,Bedfordshire Police,-0.431977,51.910049,On or near MUSWELL CLOSE,E01015744,Luton 004A,Investigation complete; no suspect identified
58667f525dff42a77e5184764f7d59476c0c761382e816234d98fdbb198d8ed8,2013-05,Bedfordshire Police,Bedfordshire Police,-0.400686,51.889720,On or near ELMORE ROAD,E01015780,Luton 016E,Investigation complete; no suspect identified
b8d7b62b671e3e2e1080cd2122c1de5897f7ab4b5ac7c0f3c83687609eee2058,2013-05,Bedfordshire Police,Bedfordshire Police,-0.433548,51.902499,On or near MEADOW ROAD,E01015782,Luton 010D,Offender given a caution
8df9b34f3749582705884807ddebd9bbd531bd0acba317204cb7b86660449014,2013-05,Bedfordshire Police,Bedfordshire Police,-0.413327,51.879443,On or near Supermarket,E01015794,Luton 018F,Investigation complete; no suspect identified
d7a425d2589f815b8c1837e1917cb0df171004b533a578d8c119223a679aedae,2013-05,Bedfordshire Police,Bedfordshire Police,-0.333807,52.039367,On or near BYRNES MEWS,E01017437,Central Bedfordshire 011A,Investigation complete; no suspect identified
225f944f161b321ec97009676fc67f46af2f459ed5eb6bf79eee21a584e94c52,2013-05,Bedfordshire Police,Bedfordshire Police,-0.446839,52.132956,On or near LONGHOLME WAY,E01017468,Bedford 012C,Investigation complete; no suspect identified
8fc78c544a064c574e9679c3502a53045d953df6081fed3835a64f9a87cf16ca,2013-05,Bedfordshire Police,Bedfordshire Police,-0.472508,52.144116,On or near GARFIELD STREET,E01017497,Bedford 010A,Suspect charged
e419594ae58f1798d0293e5aefd404213e6cbda16e23f9b78d2781a90f682800,2013-05,Bedfordshire Police,Bedfordshire Police,-0.471139,52.139720,On or near ADELAIDE SQUARE,E01017502,Bedford 010F,Offender given a caution
10bfd221f1b8008e8085c7437d7472c54f1021d7de53ee0cbb45573bbefdd5f4,2013-05,Bedfordshire Police,Bedfordshire Police,-0.432746,51.920957,On or near Further/Higher Educational Building,E01015710,Luton 001E,Investigation complete; no suspect identified
5834867de836990988a135c964c13e89e00f7f1773127e5c8ab631bf38cb734d,2013-05,Bedfordshire Police,Bedfordshire Police,-0.480489,52.138924,On or near THE FINCHES,E01017471,Bedford 012F,Investigation complete; no suspect identified
c9a4487c8c772005238622d7e44ba615f82ab26e6267c351583a8e5d3721a39b,2013-05,Bedfordshire Police,Bedfordshire Police,-0.462040,51.892247,On or near BELPER ROAD,E01015712,Luton 011B,Investigation complete; no suspect identified
60ec6389077ba027dc5b01c75945c7dca81dc197555aab6a17db57bee3c0b0ee,2013-05,Bedfordshire Police,Bedfordshire Police,-0.446839,52.132956,On or near LONGHOLME WAY,E01017468,Bedford 012C,Investigation complete; no suspect identified
a41e6f00d72956b71792b297b22a3fe31bf67c8e90563bed8644ade8039cdd5b,2013-05,Bedfordshire Police,Bedfordshire Police,-0.476532,52.138414,On or near CONDUIT ROAD,E01017471,Bedford 012F,Investigation complete; no suspect identified
7eed80e9daa448c93c0ced631c2886a5ef49c8200d488848ef31e2a47c4fcac7,2013-05,Bedfordshire Police,Bedfordshire Police,-0.471671,52.125449,On or near AMPTHILL ROAD,E01017474,Bedford 015C,Investigation complete; no suspect identified
0e5f9e8c2e52e862ae925521f4b205ec7cfb2504db2eb296585ee331dc9b0d1b,2013-05,Bedfordshire Police,Bedfordshire Police,-0.491755,52.113821,On or near THE ELMS,E01017513,Bedford 018A,Investigation complete; no suspect identified
6d830c81bb2a674d809e1a3fd9e2d889f671126f412a8fd98a480bb836a21430,2013-05,Bedfordshire Police,Bedfordshire Police,-0.427232,51.968449,On or near Supermarket,E01017558,Central Bedfordshire 018A,Investigation complete; no suspect identified
7a04cf85a4e725077ebdff215335b6c6579bd8ba272901211bbaf609f1b7924f,2013-05,Bedfordshire Police,Bedfordshire Police,-0.521693,51.890107,On or near Theatre/Concert Hall,E01017570,Central Bedfordshire 029E,Suspect charged
63b8cd950d39bb38e6d5dc312b6bb5f05f70c924b1fe48ff4fd7e2f206090afd,2013-05,Bedfordshire Police,Bedfordshire Police,-0.526511,51.896974,On or near DOUGLAS CRESCENT,E01017578,Central Bedfordshire 026A,Investigation complete; no suspect identified
52ed633bbeccff7df03b7428cc63322c13f2d3852cb8323add1cbf186b09d562,2013-05,Bedfordshire Police,Bedfordshire Police,-0.506854,51.874373,On or near SEAMONS CLOSE,E01017624,Central Bedfordshire 031B,Investigation complete; no suspect identified
b0f4e4532085c220cbba8e30a8601fd238ecb2e29c4b2eeb0d971e638ddacaa6,2013-05,Bedfordshire Police,Bedfordshire Police,-0.462537,51.919399,On or near ROSSFOLD ROAD,E01015805,Luton 002D,Investigation complete; no suspect identified
2d58f5553949fac024069e2e5a99ca5d338d965289ab5d0a4a29c221ade1f94d,2013-05,Bedfordshire Police,Bedfordshire Police,-0.446839,52.132956,On or near LONGHOLME WAY,E01017468,Bedford 012C,Investigation complete; no suspect identified
682b1b13a44848f1d47d2f5c0a25c01c655a4cb55a027277331011674bd4f11a,2013-05,Bedfordshire Police,Bedfordshire Police,-0.468277,52.136671,On or near Shopping Area,E01017469,Bedford 012D,Offender given a caution
e67fc5d59b318db2c4d5e837ef944d7ed7125aa1c1e49306b60ecb3cec40839f,2013-05,Bedfordshire Police,Bedfordshire Police,-0.470832,52.135436,On or near Parking Area,E01017466,Bedford 012A,Local resolution
9350565ba774da247d7310552646e0f69da02548d01945dc410d3604842f8363,2013-05,Bedfordshire Police,Bedfordshire Police,-0.454721,51.903516,On or near Parking Area,E01015765,Luton 006B,Investigation complete; no suspect identified
cf731829f3f7d56da8c188c815c7324647bee476ef73b554566e7bbd471a5634,2013-05,Bedfordshire Police,Bedfordshire Police,-0.451671,51.903018,On or near MARSH ROAD,E01015785,Luton 006G,Investigation complete; no suspect identified
8d3b8109d7ecb830c0bcd913d5a21766e36332032da84f3e796e7f6d6fc93f48,2013-05,Bedfordshire Police,Bedfordshire Police,-0.274937,52.047556,On or near RIVERSIDE GARDENS,E01017413,Central Bedfordshire 010D,Investigation complete; no suspect identified
43605f35cb738b2687854d71b433b2028072e5caf580837a104084a4cffe980f,2013-05,Bedfordshire Police,Bedfordshire Police,-0.330736,52.036473,On or near OAKWOOD ROAD,E01017438,Central Bedfordshire 011B,Investigation complete; no suspect identified
8dcef5d031da80e9743309190d905776c1e707b0cb46a700121f1d20196a1974,2013-05,Bedfordshire Police,Bedfordshire Police,-0.500824,52.131703,On or near SAUTON CLOSE,E01017461,Bedford 008C,Suspect charged
48076352c100fe3fe7d3e796af7a0e40a3b114bfdade3616058b4ce0136c412d,2013-05,Bedfordshire Police,Bedfordshire Police,-0.478583,52.135662,On or near Parking Area,E01017471,Bedford 012F,Investigation complete; no suspect identified
6d10653ff0a539a2c68f9a328d1e3af62af5aa487aba4e05ad0d781856496e68,2013-05,Bedfordshire Police,Bedfordshire Police,-0.471730,52.128848,On or near Hospital,E01017473,Bedford 015B,Investigation complete; no suspect identified
dffc5bc0587306c0a30431b7098acbde848bfa54d94bcbffbfec6bf55290e431,2013-05,Bedfordshire Police,Bedfordshire Police,-0.429016,51.969885,On or near SMITHCOMBE CLOSE,E01017558,Central Bedfordshire 018A,Investigation complete; no suspect identified
e3534e4ec5ef19c271c29b3aa9eb7279a9d613db97f8ceab2c81311ab3f14ebf,2013-05,Bedfordshire Police,Bedfordshire Police,-0.436408,51.885435,On or near MAPLE ROAD WEST,E01015726,Luton 015B,Investigation complete; no suspect identified
0146a642979e7e0f2eb8d526647f7fce533cab949071268fa531c3f888589f30,2013-05,Bedfordshire Police,Bedfordshire Police,-0.460708,51.899755,On or near HUTTON CLOSE,E01015750,Luton 011F,Offender given a drugs possession warning
9173d406ea2f4e566f0c0d5eeca2fb2d2445fd2c79d25f6c9bfd50f72860a1c8,2013-05,Bedfordshire Police,Bedfordshire Police,-0.420178,51.876325,On or near DUMFRIES STREET,E01015795,Luton 021F,Investigation complete; no suspect identified
576d549b5b44cf4b56b115230af615f0bcace8176637e1aeae92a53545034672,2013-05,Bedfordshire Police,Bedfordshire Police,-0.248064,52.085851,On or near CHERVIL CLOSE,E01017389,Central Bedfordshire 006C,Investigation complete; no suspect identified
478a29e017077eca3e37642408fbc7195013d26eb89b3960d9036a37e7522ef9,2013-05,Bedfordshire Police,Bedfordshire Police,-0.454289,51.904266,On or near MOSTYN ROAD,E01015765,Luton 006B,Investigation complete; no suspect identified
540131eaae071b80eb37fdc7d33b2580b10766c5190e50f7c1a4ba4f8af79900,2013-05,Bedfordshire Police,Bedfordshire Police,-0.396721,51.901922,On or near Supermarket,E01015796,Luton 012F,Local resolution
ee98599113d622b7a2c879ce5c90b77e5f209d26cbd289cdf92777b8315071a0,2013-05,Bedfordshire Police,Bedfordshire Police,-0.389725,51.898778,On or near WIGMORE LANE,E01015813,Luton 008F,Investigation complete; no suspect identified
2d86e2bf52dd1bf57c9787d0d4e3e6454331103ada30a3efcd67df117782ad56,2013-05,Bedfordshire Police,Bedfordshire Police,-0.321204,52.144128,On or near STATION ROAD,E01017423,Central Bedfordshire 004C,Investigation complete; no suspect identified
7b057b37d0dc4b204e5bae7b751d899269503ce7fb09b26466691de6ae24f95b,2013-05,Bedfordshire Police,Bedfordshire Police,-0.466377,52.137122,On or near Shopping Area,E01017469,Bedford 012D,Offender given a drugs possession warning
a2520b45f1a1c61e8bf171c4d0adc314c9b8a910b964fd87063337eb7c390632,2013-05,Bedfordshire Police,Bedfordshire Police,-0.457128,52.120188,On or near WINDSOR ROAD,E01017472,Bedford 015A,Investigation complete; no suspect identified
6f63f9b0cd17b28a2ec4164f53df8370b032a2395994ed1056980fdaedfe0bc8,2013-05,Bedfordshire Police,Bedfordshire Police,-0.461181,52.140328,On or near A4280,E01017484,Bedford 009C,Investigation complete; no suspect identified
b240bdc9ba9cfbaf3d8ec2b373dfdb1e4b6b0eeca6dd9517f47808e9fdc0737c,2013-05,Bedfordshire Police,Bedfordshire Police,-0.449612,52.160811,On or near PARKSTONE CLOSE,E01017530,Bedford 006B,Investigation complete; no suspect identified
2231f6f7316af88a6dfaa1e79225fa0b026cf4a2135bbb1eaf9248a0fe7ffc46,2013-05,Bedfordshire Police,Bedfordshire Police,-0.545327,51.883622,On or near BADGERS GATE,E01017566,Central Bedfordshire 028A,Investigation complete; no suspect identified
4a0ada24a9b30afa5bd6fdb74054be285edfc79e755b61c3f636a4ccce91f9a7,2013-05,Bedfordshire Police,Bedfordshire Police,-0.497970,51.908194,On or near FENWICK ROAD,E01017600,Central Bedfordshire 025A,Investigation complete; no suspect identified
459c6c84b061f706a26aa6a08e985d3397110df4a4c8f6a9d0c79ca021af48dd,2013-05,Bedfordshire Police,Bedfordshire Police,-0.480560,51.937310,On or near HILLS VIEW,E01017616,Central Bedfordshire 018D,Investigation complete; no suspect identified
433f1847dd8543c71d749fe549d326bf2445c1e675433bdabbd6e604e13cb555,2013-05,Bedfordshire Police,Bedfordshire Police,-0.433151,51.890948,On or near LEAGRAVE ROAD,E01015704,Luton 010C,Investigation complete; no suspect identified
bcdabd857e4b38c9ce5e57eb85ae21a51ff2ea2a03697dfe6b85507455de3254,2013-05,Bedfordshire Police,Bedfordshire Police,-0.429545,51.886000,On or near BEECH ROAD,E01015725,Luton 017E,Investigation complete; no suspect identified
4ef94c3a6201d03d081e84564af3a4d326a7c78f8a31f13b30ea5b2e429473e5,2013-05,Bedfordshire Police,Bedfordshire Police,-0.229870,52.021846,On or near PRINCE'S STREET,E01017449,Central Bedfordshire 014D,Investigation complete; no suspect identified
a86a1411ce50187a9602914d4d30ae6ca8146c1fbea5f0a2e3f317e6dbfb511f,2013-05,Bedfordshire Police,Bedfordshire Police,-0.537821,52.144521,On or near PRINCES ROAD,E01017459,Bedford 008A,Investigation complete; no suspect identified
4b83cbf5aa71fffacdf8aa5974fd1bb8f0d0e8d47df65f6a3e87df2ac7ce683a,2013-05,Bedfordshire Police,Bedfordshire Police,-0.468277,52.136671,On or near Shopping Area,E01017469,Bedford 012D,Investigation complete; no suspect identified
f0f7bbf07605a3bce02188b8dd8f67d06fd8f22d8a62fe9a5902676fa225fac3,2013-05,Bedfordshire Police,Bedfordshire Police,-0.602609,52.273168,On or near RUSHDEN ROAD,E01017503,Bedford 002C,Investigation complete; no suspect identified
b1d0826950acec616c895ff9de5f47aa02b869f79b2ecc731ed42e824c7bcbfc,2013-05,Bedfordshire Police,Bedfordshire Police,-0.444051,52.138763,On or near ROSAMOND ROAD,E01017524,Bedford 011A,Investigation complete; no suspect identified
59873534728f2cac4520c8c5238259a59dd9b3c971629c6490d7dd36bb2d190d,2013-05,Bedfordshire Police,Bedfordshire Police,-0.583724,51.876852,On or near SCHOOL LANE,E01017572,Central Bedfordshire 032B,Investigation complete; no suspect identified
aa8f324816325c87104680bb36ebcd045a595d9489a198d2088850b0d60dabf7,2013-05,Bedfordshire Police,Bedfordshire Police,-0.563312,51.880983,On or near CHURCH GREEN,E01017588,Central Bedfordshire 032E,Investigation complete; no suspect identified
8a5d070e75eb29172a5a069ab9e7e56d7d842c98cb01e5667a9784a01c7d9452,2013-05,Bedfordshire Police,Bedfordshire Police,-0.514922,51.911242,On or near RECREATION ROAD,E01017619,Central Bedfordshire 025E,Investigation complete; no suspect identified
0ce5d725cab9675ff42a6c147132d6e2a6d5866947725feb43e4055769180695,2013-05,Bedfordshire Police,Bedfordshire Police,-0.456346,51.917169,On or near SYLAM CLOSE,E01015771,Luton 003B,Investigation complete; no suspect identified
2c65b369a6a110e4c82f3f891db681bbde667d9d42cf6c65a291a9674ab9a019,2013-05,Bedfordshire Police,Bedfordshire Police,-0.391517,51.892554,On or near HANSWICK CLOSE,E01015776,Luton 012C,Investigation complete; no suspect identified
39c7ab2762aeeb01119fc35893b894d507e77be8292ea7a06faaab0bbeb29906,2013-05,Bedfordshire Police,Bedfordshire Police,-0.459234,52.145086,On or near ST MICHAEL'S ROAD,E01017482,Bedford 009A,Investigation complete; no suspect identified
98f77153153eeca0fe838449d0934a3e9c37f9d55761da5b0002a3178dda9c74,2013-05,Bedfordshire Police,Bedfordshire Police,-0.454421,51.865666,On or near HEATHFIELD CLOSE,E01017562,Central Bedfordshire 033B,Investigation complete; no suspect identified
a0cf2eab70f6ba1d854d89176266b4e9dc6e2463c288f35d6ccdacb1d7963e2c,2013-05,Bedfordshire Police,Bedfordshire Police,-0.630553,52.018481,On or near BROWNS WAY,E01017379,Central Bedfordshire 007A,Investigation complete; no suspect identified
15c41f5dda848c9f5d335616f25c58614b8be54bccf22892c21eb75f9d211988,2013-05,Bedfordshire Police,Bedfordshire Police,-0.469508,52.135707,On or near Parking Area,E01017466,Bedford 012A,Investigation complete; no suspect identified
17c755a53678a6ba62c587b5096f8407ac8e4359b2b0e964d1b5cd246d3ba71c,2013-05,Bedfordshire Police,Bedfordshire Police,-0.464832,52.136985,On or near MILL STREET,E01017469,Bedford 012D,Offender given penalty notice
1dfeacb838f1a90b47cb5790bb3bb8ae341257fa06ebf8d9fe24e1bb5f3266e7,2013-05,Bedfordshire Police,Bedfordshire Police,-0.478111,52.142660,On or near WARWICK AVENUE,E01017501,Bedford 010E,Investigation complete; no suspect identified
eae5880d610eb7c2149daf63b97345eb57b721f1822665973350aa37c5c2abac,2013-05,Bedfordshire Police,Bedfordshire Police,-0.501526,52.111194,On or near HASTINGS ROAD,E01017514,Bedford 018B,Investigation complete; no suspect identified
83b8bfe2239c90e20f3435cff835083816c87ae1f167093ade284840f6854479,2013-05,Bedfordshire Police,Bedfordshire Police,-0.428520,52.152395,On or near Pedestrian Subway,E01017529,Bedford 006A,Investigation complete; no suspect identified
3dc4bd0edb8312be1eb856180f80a514e214c9e5981ea0a72e708dcb7000a0a9,2013-05,Bedfordshire Police,Bedfordshire Police,-0.512979,51.896993,On or near PORZ AVENUE,E01017584,Central Bedfordshire 027C,Investigation complete; no suspect identified
d6d60e22f5512351c6568e2f9dda7cc716f77f085037c645ab3289525f4b3be8,2013-05,Bedfordshire Police,Bedfordshire Police,-0.658915,51.935988,On or near SANDY LANE,E01017606,Central Bedfordshire 020D,Local resolution
b30a7c91e46c1ab25a20e3dfa933256c1f203fcbe535cfeaf50cb16130ab4a58,2013-05,Bedfordshire Police,Bedfordshire Police,-0.534311,51.944457,On or near DALE CLOSE,E01017622,Central Bedfordshire 019E,Investigation complete; no suspect identified
bad39abcc1a8a447693e344a691767bd814836432088f2c9e301cc5bbacedc08,2013-05,Bedfordshire Police,Bedfordshire Police,-0.489724,51.898324,On or near GUERNSEY CLOSE,E01015760,Luton 009E,Investigation complete; no suspect identified
aaae0378fc88c7311b17b97d871176a61fb4b9e18ccf4d7adb28b05d9a6a9461,2013-05,Bedfordshire Police,Bedfordshire Police,-0.417202,51.879154,On or near Shopping Area,E01015794,Luton 018F,Investigation complete; no suspect identified
ed7773049ca2ac72ec39fd09ca6bcda95c64967e505b82bbeda4ad4d92c39a77,2013-05,Bedfordshire Police,Bedfordshire Police,-0.435019,52.148804,On or near OVERDALE,E01017488,Bedford 007A,Investigation complete; no suspect identified
0d975cb25151bf1595e450b8d0947a962d7a4d9cd20ddc1d1fafc5c8a85e6149,2013-05,Bedfordshire Police,Bedfordshire Police,-0.450566,51.894164,On or near LARKSPUR GARDENS,E01015787,Luton 015D,Investigation complete; no suspect identified
09226f455e975c6816ab96bd6e6f143b543e705cb08fc3f4b994712b3bc689bf,2013-05,Bedfordshire Police,Bedfordshire Police,-0.411422,51.877862,On or near Further/Higher Educational Building,E01015789,Luton 018E,Suspect charged
7c880d7c90d682209d12691bd1ebe34ed5d28fd9e0ab12fd9fba87bc66207fad,2013-05,Bedfordshire Police,Bedfordshire Police,-0.458994,51.913319,On or near HONITON MEWS,E01015802,Luton 003F,Investigation complete; no suspect identified
36c70a3201f9f5c2aab32e3f8785e322ae8ac4b56a6114b593e174f41901f7f2,2013-05,Bedfordshire Police,Bedfordshire Police,-0.477713,52.062578,On or near THE ORCHARD,E01017411,Central Bedfordshire 008B,Investigation complete; no suspect identified
fb14f5dbc43aa2378cae73b0dabcb28ad7dfc457c4016c5799d9cd11fa4b4d53,2013-05,Bedfordshire Police,Bedfordshire Police,-0.361230,51.993580,On or near ELMHURST GARDENS,E01017444,Central Bedfordshire 011F,Offender given a caution
dbaae49c808001cebb8f51fa00f17055685c3e491d177156763263df0c95287a,2013-05,Bedfordshire Police,Bedfordshire Police,-0.422742,52.148380,On or near KERSHOPE CLOSE,E01017490,Bedford 007C,Investigation complete; no suspect identified
22ef12482714a562fca8117dbd92625b1eebdc17abec0dbbad08480afddedbc6,2013-05,Bedfordshire Police,Bedfordshire Police,-0.493563,52.126063,On or near WELLS CLOSE,E01017511,Bedford 016C,Investigation complete; no suspect identified
fb63aa328ef9fb60bc7bca1d9cccfb5971e29def06b409346671e16d8c2c4076,2013-05,Bedfordshire Police,Bedfordshire Police,-0.665963,51.917070,On or near WATER LANE,E01017557,Central Bedfordshire 021C,Investigation complete; no suspect identified
bc8e20e095b007a8750a51f7f096e69a983a92dff6f0f7b601ec38f1fbdbe5b2,2013-05,Bedfordshire Police,Bedfordshire Police,-0.527527,51.895242,On or near NORTHVIEW ROAD,E01017578,Central Bedfordshire 026A,Investigation complete; no suspect identified
5d4078df6ad457d02e706358206e109d23c2a4ba33fde64a79b8616ea161f6b9,2013-05,Bedfordshire Police,Bedfordshire Police,-0.518399,51.912050,On or near LEAF ROAD,E01017618,Central Bedfordshire 025D,Investigation complete; no suspect identified
e83f78362a3bc2e4a8665832451fe977c0aa15b7a05769c2fc0ce3b4ddb38bec,2013-05,Bedfordshire Police,Bedfordshire Police,-0.483373,51.906496,On or near GOLDCREST CLOSE,E01015758,Luton 009C,Investigation complete; no suspect identified
379b3a241d60f5a9e04d5de596c0104cf5917fdf793b1f382c35c6153e236283,2013-05,Bedfordshire Police,Bedfordshire Police,-0.391793,51.899067,On or near DAHLIA CLOSE,E01015776,Luton 012C,Investigation complete; no suspect identified
4765c125cb2e1260167b812be235c71647091353cf76d03ae10fd548882a6033,2013-05,Bedfordshire Police,Bedfordshire Police,-0.455949,52.136950,On or near BUSHMEAD AVENUE,E01017467,Bedford 012B,Suspect charged
6255a72b22cd7fd2e9ee476182a4a90a4094d0b256dacc8285b6a7588be4f4e8,2013-05,Bedfordshire Police,Bedfordshire Police,-0.459548,52.122018,On or near EDINBURGH CLOSE,E01017472,Bedford 015A,Investigation complete; no suspect identified
686c148a33f662d025c89aedc8ec5ec6e3cd4e03a3cde0001a0b15ce3bc34b13,2013-05,Bedfordshire Police,Bedfordshire Police,-0.467557,52.139754,On or near THE BROADWAY,E01017502,Bedford 010F,Offender given a caution
965759a68faeaaf5c1deedcc78d456223ceecc3cdc2a8cbce533ea9777045e6b,2013-05,Bedfordshire Police,Bedfordshire Police,-0.483942,52.117704,On or near THETFORD CLOSE,E01017507,Bedford 017C,Investigation complete; no suspect identified
dbfcc3d6b7087c964215923b750ff3270f0219819956568345af021562e7953f,2013-05,Bedfordshire Police,Bedfordshire Police,-0.437587,52.133463,On or near MAIA CLOSE,E01017524,Bedford 011A,Investigation complete; no suspect identified
72f85659dd797626b9c0ab5bebca381e2d507f8aee91d80441a61528e27b0a89,2013-05,Bedfordshire Police,Bedfordshire Police,-0.564998,51.878226,On or near THE RIDE,E01017588,Central Bedfordshire 032E,Investigation complete; no suspect identified
db3a4420e8d5c79840fa7a14dd88731f24a44e47e60bdac0d3d6bf6859045532,2013-05,Bedfordshire Police,Bedfordshire Police,-0.502422,51.909825,On or near DOLPHIN DRIVE,E01017601,Central Bedfordshire 025B,Suspect charged
91bad3a2df70f99edd3be47dc7fdc7e5d1141c6dd734fe8b5e698ca3d29a6941,2013-05,Bedfordshire Police,Bedfordshire Police,-0.510978,51.910922,On or near WESTMINSTER GARDENS,E01017602,Central Bedfordshire 025C,Suspect charged
c615f9fdc6762a38a418d2f36e59b6d8cd8468a110662e085f97257dee8ff804,2013-05,Bedfordshire Police,Bedfordshire Police,-0.419089,51.878379,On or near Nightclub,E01015794,Luton 018F,Investigation complete; no suspect identified
908b747a89ff438e340153fbaf4919bc43036ac8badc8c112e083579bf939810,2013-05,Bedfordshire Police,Bedfordshire Police,-0.418615,51.880279,On or near GORDON STREET,E01015794,Luton 018F,Investigation complete; no suspect identified
16d227739592c81c65595a59f0b710a88803096c9433fb7ac4541d2e5663725f,2013-05,Bedfordshire Police,Bedfordshire Police,-0.466673,52.136155,On or near Nightclub,E01017469,Bedford 012D,Investigation complete; no suspect identified
090dac8c4ed0acea37f551ec3917564b5563e88dbe61ac0bf55ef447d12e8af6,2013-05,Bedfordshire Police,Bedfordshire Police,-0.518827,51.879155,On or near FURNESS AVENUE,E01017623,Central Bedfordshire 031A,Investigation complete; no suspect identified
fb640f414f573d2f3be6238c66c9577c60f82ec11d95531a75e44777497280bc,2013-05,Bedfordshire Police,Bedfordshire Police,-0.413942,51.878903,On or near Shopping Area,E01015794,Luton 018F,Offender given a drugs possession warning
bb7b93e6133ff5f60d7cf0983e0c32cc78674b86f6614f9e83c135e9e6d1a437,2013-05,Bedfordshire Police,Bedfordshire Police,-0.559438,51.989823,On or near Park/Open Space,E01017451,Central Bedfordshire 009D,Investigation complete; no suspect identified
c95168ad3ef01d19735757df99be805c50a425fa6ada11694b3dbe57c12f5434,2013-05,Bedfordshire Police,Bedfordshire Police,-0.466065,52.133864,On or near ST MARY'S STREET,E01017522,Bedford 014E,Suspect charged
9a7ab4e018745213f6bffbb9b5dc0983ea60895ff726587c9035d72b825f5cc5,2013-05,Bedfordshire Police,Bedfordshire Police,-0.433812,51.911629,On or near LEYBURNE ROAD,E01015744,Luton 004A,Investigation complete; no suspect identified
b38ed528feb9346b2c4a586a895d97f6a200fbcf1ea1f01eb88ce8b8e71c1121,2013-05,Bedfordshire Police,Bedfordshire Police,-0.588186,51.961156,On or near MAGS LANE,E01017451,Central Bedfordshire 009D,Investigation complete; no suspect identified
4fffb1d402ae7c2465b077016fe81dc79faf3e5f30e7c42cd8fa0c2921fef924,2013-05,Bedfordshire Police,Bedfordshire Police,-0.520097,51.905957,On or near ANGELS LANE,E01017581,Central Bedfordshire 026D,Investigation complete; no suspect identified
f018d3f3982d4b24266cf5e3e0fd584fd80a55f6951838f71baf4b954665384b,2013-05,Bedfordshire Police,Bedfordshire Police,-0.450519,52.135539,On or near RUSSELL AVENUE,E01017468,Bedford 012C,Investigation complete; no suspect identified
6673f6f2d40fb1f544350887c929cc480a0f3f7b3df5353aad54ae7a07601d5d,2013-05,Bedfordshire Police,Bedfordshire Police,-0.453950,51.922595,On or near Sports/Recreation Area,E01015771,Luton 003B,Investigation complete; no suspect identified
d3ae47ecf4226a55ed4c83fc453e26d663b30af6b9356c883c680470e53cf754,2013-05,Bedfordshire Police,Bedfordshire Police,-0.407773,51.873811,On or near STRATHMORE WALK,E01015789,Luton 018E,Investigation complete; no suspect identified
7628433d7e7cd05a95655e5d0be933cbee028015a7852e4acd57e57c42d4ace5,2013-05,Bedfordshire Police,Bedfordshire Police,-0.427400,52.152632,On or near Supermarket,E01017492,Bedford 007E,Investigation complete; no suspect identified
df6ecde3c1a649503a9980f48867322b944a7982d0c714864cfbd68295b8d523,2013-05,Bedfordshire Police,Bedfordshire Police,-0.470832,52.135436,On or near Parking Area,E01017466,Bedford 012A,Local resolution
eb77973f3530473dc3afdb5f60d6299c2188d9daa62035eb813e7db03765941a,2013-05,Bedfordshire Police,Bedfordshire Police,-0.424775,52.148730,On or near FIELDSIDE,E01017489,Bedford 007B,Offender given a caution
63f109caf62d9a38b01f67d4f0134089cded391130750886dab4ba4e422df444,2013-05,Bedfordshire Police,Bedfordshire Police,-0.410101,51.875362,On or near CHEQUER STREET,E01015789,Luton 018E,Offender given a caution
0c23b5e1954086684fc2c2face588b95403653db2d798020b45919dae544b6ce,2013-05,Bedfordshire Police,Bedfordshire Police,-0.417486,51.873124,On or near Petrol Station,E01015791,Luton 021C,Investigation complete; no suspect identified
ccbc3c9a429bb436490b48737f87cecfb8212d37d9a2bc338ee24343cfbfa5fc,2013-05,Bedfordshire Police,Bedfordshire Police,-0.256148,52.094144,On or near MOUNTBATTEN DRIVE,E01017388,Central Bedfordshire 005F,Investigation complete; no suspect identified
266dcebbfe76e2c6eb0795987ae567437ba5488b9dd91b2e74b7fcba79b605a4,2013-05,Bedfordshire Police,Bedfordshire Police,-0.504361,52.004134,On or near CLOVER ROAD,E01017407,Central Bedfordshire 016E,Investigation complete; no suspect identified
2c0cdbde400a635134d6c2ac52da9edef25ef3471aca108527fbd276107de05b,2013-05,Bedfordshire Police,Bedfordshire Police,-0.472525,52.032057,On or near SANDY ACRES,E01017420,Central Bedfordshire 008D,Investigation complete; no suspect identified
c75fa39d7c200bc95c3ffb2443d0ee68aa39bc8f460d3bf855f88772c28f866d,2013-05,Bedfordshire Police,Bedfordshire Police,-0.465555,52.137633,On or near HOWARD STREET,E01017469,Bedford 012D,Investigation complete; no suspect identified
ffa19e11722c114ce9d150cc172bb7ae5f7cc1e4aa51495c8737f60562e5be47,2013-05,Bedfordshire Police,Bedfordshire Police,-0.468473,52.138633,On or near DAME ALICE STREET,E01017502,Bedford 010F,Investigation complete; no suspect identified
49e5be3cd5ac2dbc65394f4f7bd0123a8bee857d050047d8a9d3e2a91e08303b,2013-05,Bedfordshire Police,Bedfordshire Police,-0.482828,51.860533,On or near A5,E01017561,Central Bedfordshire 033A,Suspect charged
cf1c7982579e9ba1afeda7ef837d767ab0613567dbf2f65b2f7997603b74a7da,2013-05,Bedfordshire Police,Bedfordshire Police,-0.641676,51.922052,On or near CENTAURI CLOSE,E01017604,Central Bedfordshire 020B,Investigation complete; no suspect identified
414cec2bc1499ea273c0ad3129220ed9c08e1f6aaf33170b0daa39d983b940ad,2013-05,Bedfordshire Police,Bedfordshire Police,-0.517647,51.907068,On or near DRURY CLOSE,E01017617,Central Bedfordshire 026E,Investigation complete; no suspect identified
d17b49da091bea5fe026679fcb011b0d540941626eddb2d831ffb58748815ed0,2013-05,Bedfordshire Police,Bedfordshire Police,-0.414923,51.886523,On or near WILLIAM STREET,E01015739,Luton 018A,Suspect charged
710a2fbdfd911f70ef99ad526e1c6566a1c5b8d9b9c208f1271e06ed4586bc03,2013-05,Bedfordshire Police,Bedfordshire Police,-0.392700,51.886680,On or near CRAWLEY GREEN ROAD,E01015780,Luton 016E,Investigation complete; no suspect identified
3a35f1a040caab90e05ce703a0d7c0024d445a0206f753b5b8bc45d2f2beb451,2013-05,Bedfordshire Police,Bedfordshire Police,-0.400412,51.874916,On or near KIMPTON ROAD,E01015790,Luton 021B,Investigation complete; no suspect identified
14b8599c82d9ea41bb8485d5dabcad5cd10b062880f4956825446fb4ab59d14c,2013-05,Bedfordshire Police,Bedfordshire Police,-0.389713,51.902780,On or near COLLINGTREE,E01015798,Luton 008B,Investigation complete; no suspect identified
49a4d23641128e8d0a7eded758feab15114d4c87a3bb9f5ee8093d14a07904d9,2013-05,Bedfordshire Police,Bedfordshire Police,-0.379910,51.902132,On or near AMBERLEY CLOSE,E01015799,Luton 008C,Investigation complete; no suspect identified
8348c63db6a18704f133962a63651bcfdb34d3662f131125fed8085c97fd3087,2013-05,Bedfordshire Police,Bedfordshire Police,-0.478583,52.135662,On or near Parking Area,E01017471,Bedford 012F,Offender given a drugs possession warning
1e8f55ef9027cc63ef7231ce52b19d53ea9e9713a0cf8a346a7b917e69773f1a,2013-05,Bedfordshire Police,Bedfordshire Police,-0.504089,52.163762,On or near HUNTER'S CLOSE,E01017479,Bedford 003B,Offender given a caution
83a4e885ac76c3c97b661cdfa84442221d03df61339d69cbdf92e525af373218,2013-05,Bedfordshire Police,Bedfordshire Police,-0.428520,52.152395,On or near Pedestrian Subway,E01017529,Bedford 006A,Investigation complete; no suspect identified
ab05da8a13b9819924395418ab2b20aaa531e1eaf4499ff41b14160eebf12ec4,2013-05,Bedfordshire Police,Bedfordshire Police,-0.574942,51.864661,On or near Park/Open Space,E01017572,Central Bedfordshire 032B,Investigation complete; no suspect identified
8e1a1980f43cfaed300572f0565de1ef6cbb7479ab6277513163dc9fe19346f2,2013-05,Bedfordshire Police,Bedfordshire Police,-0.499135,51.911617,On or near HOUGHTON PARK ROAD,E01017600,Central Bedfordshire 025A,Investigation complete; no suspect identified
280daadb9f4c2f0cbf8ebcc1e22089ef4051612da86816d5e54d43e0f7bf77d5,2013-05,Bedfordshire Police,Bedfordshire Police,-0.513700,51.879999,On or near WILLOUGHBY CLOSE,E01017623,Central Bedfordshire 031A,Investigation complete; no suspect identified
fa06332812080ad1bccdb988388e3a67e2e554fe0b34c54df30087d4d71e4825,2013-05,Bedfordshire Police,Bedfordshire Police,-0.458160,51.884607,On or near Sports/Recreation Area,E01015728,Luton 019B,Suspect charged
c7fbd8051bdbb9a498fbba29c60b3bd24a597f7accf207a52dc5251bef950f01,2013-05,Bedfordshire Police,Bedfordshire Police,-0.454000,51.901654,On or near DORDANS ROAD,E01015750,Luton 011F,Investigation complete; no suspect identified
15b4ded68a5c4e06b806d7deef35b508317323340d51a3c05e5a498f088dad7b,2013-05,Bedfordshire Police,Bedfordshire Police,-0.414923,51.886523,On or near WILLIAM STREET,E01015739,Luton 018A,Investigation complete; no suspect identified
3db9ba95f362daab55c805605e409e5ec5a8cb600be3915263e195ba93c2cbbf,2013-05,Bedfordshire Police,Bedfordshire Police,-0.457940,52.127554,On or near CHRISTIE ROAD,E01017523,Bedford 014F,Investigation complete; no suspect identified
3e5e59af3001451f1dcfdd7518272f68f9ee48ff79d22116bde6e1eeab5fe9a9,2013-05,Bedfordshire Police,Bedfordshire Police,-0.499328,51.901899,On or near PLOUGH CLOSE,E01015757,Luton 009B,Investigation complete; no suspect identified
6f7ac9549ef776d1a09c5e69079355d625f54ed8dc491a67285104580c9a05cf,2013-05,Bedfordshire Police,Bedfordshire Police,-0.459997,52.126358,On or near Petrol Station,E01017522,Bedford 014E,Investigation complete; no suspect identified
3ba70dac23b611ae167b91ca594a7016f2fedfb1acc8dedaa7e6483fd53fd693,2013-05,Bedfordshire Police,Bedfordshire Police,-0.527098,51.889240,On or near SANDLAND CLOSE,E01017568,Central Bedfordshire 029C,Investigation complete; no suspect identified
2ce1d7360cf241f03ca8e648618e7d75a2f1849898c83f6a09dcea3c28333222,2013-05,Bedfordshire Police,Bedfordshire Police,-0.396721,51.901922,On or near Supermarket,E01015796,Luton 012F,Investigation complete; no suspect identified
47857dc67fc956d80bc92264f7c81d56364d2ede542cad644e11f406a84df150,2013-05,Bedfordshire Police,Bedfordshire Police,-0.408389,51.883935,On or near Parking Area,E01015743,Luton 018D,Investigation complete; no suspect identified
a58c7c7389c9837a3ceb2064913623a1e25052967492e18f1de3535c927c27cc,2013-05,Bedfordshire Police,Bedfordshire Police,-0.494527,51.887685,On or near JEANS WAY,E01017583,Central Bedfordshire 027B,Investigation complete; no suspect identified
051ad70381e43ae453979249d03da20edcf3117207832efb63b80e9e5a9ff92a,2013-05,Bedfordshire Police,Bedfordshire Police,-0.421549,52.148615,On or near LEIGHFIELD CLOSE,E01017490,Bedford 007C,Investigation complete; no suspect identified
558ef95fa817a16d394b5f5a633d652742aae83937de4e235d6181f80f0853e1,2013-05,Bedfordshire Police,Bedfordshire Police,-0.401874,52.026939,On or near Park/Open Space,E01017421,Central Bedfordshire 008E,Investigation complete; no suspect identified
9bfad7b69fce9e0ce143d77b227622a3262c658bc4ae6f5a854d0bff2a6599a7,2013-05,Bedfordshire Police,Bedfordshire Police,-0.303439,52.196617,On or near Park/Open Space,E01017542,Bedford 004D,Investigation complete; no suspect identified
8cc8439e8f612d7e8cc218ccdba3b10eafde0a80499623bca766c5b4ac7b4975,2013-05,Bedfordshire Police,Bedfordshire Police,-0.515617,51.905586,On or near Petrol Station,E01017617,Central Bedfordshire 026E,Investigation complete; no suspect identified
1f28cc67f9951de4b1bebdecb3549b6a4594304ee086221fbc879301f31f4431,2013-05,Bedfordshire Police,Bedfordshire Police,-0.500669,51.907024,On or near FENSOME DRIVE,E01017600,Central Bedfordshire 025A,Investigation complete; no suspect identified
371f2589d8beafaf86503735c083c47f88758e7a16fda54b69968e805febdbac,2013-05,Bedfordshire Police,Bedfordshire Police,-0.442810,51.892335,On or near MAIDENHALL ROAD,E01015787,Luton 015D,Offender given a caution
fd1c8d24e5d35e8fcc9834e6df0eddfed67f03c0b9c6bff28a35b0b94fc70d77,2013-05,Bedfordshire Police,Bedfordshire Police,-0.454767,52.018599,On or near A507,E01017419,Central Bedfordshire 008C,Investigation complete; no suspect identified
bbc7990106063e9470d1c6a5092c56f48715848c8fa993089894995db91af809,2013-05,Bedfordshire Police,Bedfordshire Police,-0.473428,52.133024,On or near CROWN QUAY,E01017466,Bedford 012A,Investigation complete; no suspect identified
9b846493ce56cd9f1f0205eccc6abab28469c8c38e6d5e99f5e30d0f33687b8b,2013-05,Bedfordshire Police,Bedfordshire Police,-0.474442,52.137137,On or near ALEXANDRA PLACE,E01017471,Bedford 012F,Investigation complete; no suspect identified
424c773075cddbe4810a12e76b68bc7e6b64dd26e1d71ddf1a7128a4f2be7d66,2013-05,Bedfordshire Police,Bedfordshire Police,-0.504089,52.163762,On or near HUNTER'S CLOSE,E01017479,Bedford 003B,Investigation complete; no suspect identified
32a7af027c07ef89cb8486931f5d566d995a4dacd7b07e0b863126683f814964,2013-05,Bedfordshire Police,Bedfordshire Police,-0.480618,52.141560,On or near TUDOR CLOSE,E01017499,Bedford 010C,Suspect charged
6a5794287e89b7ae33357cb7139d984e2f021b6be0b06e61609d0e6ea7cdad4a,2013-05,Bedfordshire Police,Bedfordshire Police,-0.454053,52.126307,On or near MARK RUTHERFORD ROAD,E01017523,Bedford 014F,Offender given a caution
f9442bf93ab4bf499ff7c5a1b9e52405670054e652b2fe7ac30b4e81cf5fd61b,2013-05,Bedfordshire Police,Bedfordshire Police,-0.528673,51.879719,On or near CANESWORDE ROAD,E01017565,Central Bedfordshire 029A,Investigation complete; no suspect identified
1571ed84173cbce34c1f7cbbbf7a9ab2b2497289a30154e7802cf906c00fdde9,2013-05,Bedfordshire Police,Bedfordshire Police,-0.528303,51.888832,On or near STUART STREET,E01017568,Central Bedfordshire 029C,Suspect charged
65199c2143493ef07567d243ede623cb6b70c952f32279464265359bfcb56d42,2013-05,Bedfordshire Police,Bedfordshire Police,-0.673440,51.914987,On or near SHIP ROAD,E01017589,Central Bedfordshire 022A,Offender given a drugs possession warning
4e7298cf75ea70bfc8bf06f7c6f834b87fe0fb0329102ed6ed9086b1bc7c8a39,2013-05,Bedfordshire Police,Bedfordshire Police,-0.383560,51.887095,On or near LYNEHAM ROAD,E01015721,Luton 014A,Investigation complete; no suspect identified
aea2925149ce75069848a255391a25ebdbc4fdd3567c1719a73e0a11e4e7190f,2013-05,Bedfordshire Police,Bedfordshire Police,-0.467729,51.909989,On or near STONEWAYS CLOSE,E01015754,Luton 005E,Investigation complete; no suspect identified
74f526abccbcadb1070ab9699d799ef3c89a15365b328fc75ac0467c2ca88b88,2013-05,Bedfordshire Police,Bedfordshire Police,-0.349243,52.130065,On or near THE AVENUE,E01017424,Central Bedfordshire 004D,Investigation complete; no suspect identified
7edf097fc179d6d34172c7d14d6fe36834c8d73cec4c790ec062e5ed4e4c0f36,2013-05,Bedfordshire Police,Bedfordshire Police,-0.466924,52.138613,On or near DAME ALICE STREET,E01017469,Bedford 012D,Investigation complete; no suspect identified
cac3fad3ff0f9492af99d2d21b0a65718f0ef8b1df2cb47f0260137f53181ca6,2013-05,Bedfordshire Police,Bedfordshire Police,-0.508343,51.903561,On or near HALLEY'S WAY,E01017581,Central Bedfordshire 026D,Investigation complete; no suspect identified
75e9ee40650203cee95b3844addebdd35bd6bdabc0aa17dd639f7681a69b0e87,2013-05,Bedfordshire Police,Bedfordshire Police,-0.413327,51.879443,On or near Supermarket,E01015794,Luton 018F,Local resolution
555e7ded6651d5ff45df9f811cd3a11fc317c1cb4439ed35bd14e0007274ce79,2013-05,Bedfordshire Police,Bedfordshire Police,-0.289893,52.135891,On or near COLLEGE ROAD,E01017433,Central Bedfordshire 001A,Investigation complete; no suspect identified
747dcb0849ecee7c06b865b22182cc13e1407a34712c412926b8c804b292fe70,2013-05,Bedfordshire Police,Bedfordshire Police,-0.413465,51.882952,On or near MIDLAND ROAD,E01015741,Luton 018B,Investigation complete; no suspect identified
547ef13eeb8308f1daa618f107b503aa7baa0ba622cf3fddb5fd782954b7278c,2013-05,Bedfordshire Police,Bedfordshire Police,-0.488744,52.084965,On or near AMPTHILL ROAD,E01017552,Bedford 020B,Investigation complete; no suspect identified
013305a603f48c40c10be3b49945096052e743b2605b3aff7d712f9281fdf907,2013-05,Bedfordshire Police,Bedfordshire Police,-0.463623,52.113961,On or near TITCHFIELD DRIVE,E01017550,Bedford 019E,Investigation complete; no suspect identified
f1085cb7d8885485f31f28a5124e5ca76a45c35626d932e131044e3e8a475ad7,2013-05,Bedfordshire Police,Bedfordshire Police,-0.430589,51.902756,On or near LUCERNE WAY,E01015782,Luton 010D,Investigation complete; no suspect identified
579c33d720a207ac3eeac428f2d59de435c8b7be7cd6c8d836fea3f726956e8f,2013-05,Bedfordshire Police,Bedfordshire Police,-0.445500,52.136175,On or near GREENSHIELDS ROAD,E01017524,Bedford 011A,Investigation complete; no suspect identified
88a9e9f9f89b8db91e1be25c808a39ee50785b636b14a83e1980520c8a20c418,2013-05,Bedfordshire Police,Bedfordshire Police,-0.454506,51.916983,On or near VADIS CLOSE,E01015771,Luton 003B,Investigation complete; no suspect identified
5dd700fbc887e5de8797af0f614dce9cc37d2365ac238ef1565a31295496e2a9,2013-05,Bedfordshire Police,Bedfordshire Police,-0.530585,51.951163,On or near STATION ROAD,E01017620,Central Bedfordshire 019C,Local resolution
c3059b391ae64efd961bddf9b7f5cdd91815f32119db90c4f07c29dd62ca47f3,2013-05,Bedfordshire Police,Bedfordshire Police,-0.453318,51.904181,On or near Supermarket,E01015765,Luton 006B,Suspect charged
3ca05c5101db45b12c2a7ac3ba5349b909cdb0e7d680ed56526bea3fe3053252,2013-05,Bedfordshire Police,Bedfordshire Police,-0.416881,51.881685,On or near BRIDGE STREET,E01015794,Luton 018F,Investigation complete; no suspect identified
89c967d176c1a503ac24bca7fb7e0dba041d975d16f768b4aa65c24d11e5462f,2013-05,Bedfordshire Police,Bedfordshire Police,-0.420317,51.877748,On or near STUART PLACE,E01015795,Luton 021F,Investigation complete; no suspect identified
994c43f13a25401733dab3db28d67e5a106cc1276613425e20c478292084fa42,2013-05,Bedfordshire Police,Bedfordshire Police,-0.390053,52.062232,On or near NORTHWOOD END ROAD,E01017410,Central Bedfordshire 008A,Investigation complete; no suspect identified
d4862a4ae7513f53abcca642ab50081e0ccd87f4acc2e0d038e20a10cca5ab5d,2013-05,Bedfordshire Police,Bedfordshire Police,-0.273788,52.093621,On or near Supermarket,E01017422,Central Bedfordshire 004B,Suspect charged
87b08348d128307e4f85f0334904f42382e312f2161f6488ce7259de25e2a1b6,2013-05,Bedfordshire Police,Bedfordshire Police,-0.298170,52.128062,On or near BEDFORD ROAD,E01017431,Central Bedfordshire 002B,Investigation complete; no suspect identified
a5d98a909a8152bf7750ce1cf80fff7148ba219ba7f8e7444e511d17c6fa46e2,2013-05,Bedfordshire Police,Bedfordshire Police,-0.226585,52.021967,On or near REGENT COURT,E01017449,Central Bedfordshire 014D,Investigation complete; no suspect identified
375251cec8153f0453381b5bf700eb5d5bbc3e4368ac3c5b89d21869679dcde8,2013-05,Bedfordshire Police,Bedfordshire Police,-0.442170,52.154131,On or near Parking Area,E01017532,Bedford 006D,Investigation complete; no suspect identified
6f7ea30420848503367ad75ec831c622fd205d3df28a94a717f3e004e270ce77,2013-05,Bedfordshire Police,Bedfordshire Police,-0.498053,51.909202,On or near CONQUEST ROAD,E01017600,Central Bedfordshire 025A,Investigation complete; no suspect identified
e88bcb52eed5e6358281d4971604041fc22f575cb4a8f234a1592a4fb8524069,2013-05,Bedfordshire Police,Bedfordshire Police,-0.421995,51.875873,On or near STANLEY STREET,E01015735,Luton 020D,Suspect charged
6988dfeda3120a4def5234885fff2b1627785a51064d8a94b15d29b218f3dccb,2013-05,Bedfordshire Police,Bedfordshire Police,-0.404906,51.881343,On or near HART HILL DRIVE,E01015743,Luton 018D,Investigation complete; no suspect identified
c3338dc725f63f7d60d5a785ad2f48e430adda0441b655fe9f34eff6f76e2fe0,2013-05,Bedfordshire Police,Bedfordshire Police,-0.504284,52.109521,On or near RAMSEY CLOSE,E01017515,Bedford 018C,Investigation complete; no suspect identified
1e9ea9c41277b3c17c4a274b611e91d8b1b31a5be6de90d25262c7c0214f5a02,2013-05,Bedfordshire Police,Bedfordshire Police,-0.228036,52.128639,On or near NURSERY CLOSE,E01017427,Central Bedfordshire 003C,Investigation complete; no suspect identified
3ae45b74b5702d689a3bec515b5bdebcb55bad55cc8e80954b530491abfea4d2,2013-05,Bedfordshire Police,Bedfordshire Police,-0.362395,52.037888,On or near OSBORNE AVENUE,E01017441,Central Bedfordshire 011E,Investigation complete; no suspect identified
f55c3639e8b0b55ad7159c55ba8113d6fdeda3ea642a86b1dfca09382181f75a,2013-05,Bedfordshire Police,Bedfordshire Police,-0.471161,52.135647,On or near RIVER STREET,E01017466,Bedford 012A,Investigation complete; no suspect identified
d87af874e1391994ed2362bd3a34bbd283b030a20eb82325b1f176144a255cc3,2013-05,Bedfordshire Police,Bedfordshire Police,-0.486367,52.116404,On or near ELSTOW ROAD,E01017513,Bedford 018A,Investigation complete; no suspect identified
c06fe46c750df13f18627a36462f9a251f2d586929a9b2a2b16b89672c9853ea,2013-05,Bedfordshire Police,Bedfordshire Police,-0.488417,52.111926,On or near THE FIRS,E01017517,Bedford 018E,Investigation complete; no suspect identified
3457d7657b0ab10fd6cea16b660d5e4820e074a5c909c4adfce2a093c82fcf35,2013-05,Bedfordshire Police,Bedfordshire Police,-0.428520,52.152395,On or near Pedestrian Subway,E01017529,Bedford 006A,Investigation complete; no suspect identified
45f51a45eb3ad8efe590903b6469f077ab6c18c7bb4f86f0238214c2671e7bb7,2013-05,Bedfordshire Police,Bedfordshire Police,-0.586668,51.931187,On or near A5,E01017577,Central Bedfordshire 019A,Investigation complete; no suspect identified
9e40d0f01c71e8d15463535ceba20eb756158944caae1ca8b2e9833881e3fccb,2013-05,Bedfordshire Police,Bedfordshire Police,-0.529876,51.941695,On or near BRADFORD ROAD,E01017622,Central Bedfordshire 019E,Suspect charged
46de61d0ae3cd8902bb8641f58d6f4383786ff66ba643cab1f017fffcb381a5c,2013-05,Bedfordshire Police,Bedfordshire Police,-0.402594,51.887957,On or near HART LANE,E01015780,Luton 016E,Investigation complete; no suspect identified
572a11974beaca572c745f8b3e2b17efe90e9e71460054676d333d25353c68f1,2013-05,Bedfordshire Police,Bedfordshire Police,-0.635975,52.011270,On or near DUKE STREET,E01017380,Central Bedfordshire 007B,Investigation complete; no suspect identified
74d3597e573d54384425567f6007d59e7b3e2661bc317714fb4f5540479e34c8,2013-05,Bedfordshire Police,Bedfordshire Police,-0.442177,52.141364,On or near Further/Higher Educational Building,E01017483,Bedford 009B,Investigation complete; no suspect identified
caa3e6fc4646bf527f683f1927c8f14c690588301c100c934e3c90c2752ccdd2,2013-05,Bedfordshire Police,Bedfordshire Police,-0.478232,52.140846,On or near DYNEVOR ROAD,E01017501,Bedford 010E,Investigation complete; no suspect identified
3c0dcc0027404081643028153c97753f6362964b780bdc7c3f53c3d0aed93c05,2013-05,Bedfordshire Police,Bedfordshire Police,-0.440077,51.904968,On or near KINGSLEY ROAD,E01015766,Luton 006C,Investigation complete; no suspect identified
9e67d437d8dda1da9ee5f3b6569c905d8fab296d05f5dd49a09da1e428538bb3,2013-05,Bedfordshire Police,Bedfordshire Police,-0.419783,51.876806,On or near WINDSOR WALK,E01015795,Luton 021F,Investigation complete; no suspect identified
70844d231d03db16291b8cf8ca8242cc37e44f40770c0b8cd0581b9c442b1df7,2013-05,Bedfordshire Police,Bedfordshire Police,-0.453550,52.149687,On or near PUTNOE LANE,E01017456,Bedford 005D,Investigation complete; no suspect identified
614dc1b7a306c93d6301958f5e9856c9313bd8da0a86a0d772f12a60264b2405,2013-05,Bedfordshire Police,Bedfordshire Police,-0.468922,52.137039,On or near Shopping Area,E01017466,Bedford 012A,Investigation complete; no suspect identified
b58b3233d41ee801cd7504060642a73faaaaf4081346396d120c7e8f26fcc0bc,2013-05,Bedfordshire Police,Bedfordshire Police,-0.466621,52.124466,On or near HAYNES ROAD,E01017472,Bedford 015A,Investigation complete; no suspect identified
edc30254980d7f404d0893eabbb64765587277fbbbd9d58338db6348ecd93ba4,2013-05,Bedfordshire Police,Bedfordshire Police,-0.463885,52.120780,On or near LANCASTER AVENUE,E01017476,Bedford 015E,Investigation complete; no suspect identified
1b60680f135b4ab4c6b66d35ed6404ef23dcb8e49538ff21c752d572b7cdeb3e,2013-05,Bedfordshire Police,Bedfordshire Police,-0.433308,52.150903,On or near PUTNOE STREET,E01017488,Bedford 007A,Investigation complete; no suspect identified
65802e6f94d5528ff3ea37f96c30eb36a91457fe92afe4faac14eb828bde871d,2013-05,Bedfordshire Police,Bedfordshire Police,-0.567078,52.129074,On or near OAKCROFT,E01017547,Bedford 002F,Investigation complete; no suspect identified
9f30aa9ef4bacbf1a75d62c4d2c5e74109efbcd41e09e8450f613cc42fa7c8a2,2013-05,Bedfordshire Police,Bedfordshire Police,-0.503012,51.905219,On or near KINGSLAND CLOSE,E01017580,Central Bedfordshire 026C,Investigation complete; no suspect identified
0250e6108c85efd8c15fc25f071d7bf6eb5134237c739e5dae6cbba2b4a73d09,2013-05,Bedfordshire Police,Bedfordshire Police,-0.503590,51.910999,On or near TRIDENT DRIVE,E01017601,Central Bedfordshire 025B,Investigation complete; no suspect identified
7d10d47958df5c13d1a83fde66d43c380c52795c9a6f1b59e7551975fec88d0f,2013-05,Bedfordshire Police,Bedfordshire Police,-0.401598,51.883277,On or near DERWENT ROAD,E01015720,Luton 016B,Investigation complete; no suspect identified
9b3c0181253fc83d715fc3af332888f45bc3e04302c9b5d2f6fb01b51b2ee0ee,2013-05,Bedfordshire Police,Bedfordshire Police,-0.433219,51.873946,On or near NORTH DRIFT WAY,E01015737,Luton 020F,Investigation complete; no suspect identified
1eba54ba2414defc1015462ed0d35e80537e82e8a9c160c5ffbabffad0e2ee98,2013-05,Bedfordshire Police,Bedfordshire Police,-0.479161,51.898637,On or near HOLGATE DRIVE,E01015760,Luton 009E,Investigation complete; no suspect identified
06f617cef282ecc4b5af1c1cc70a538b607750a501d34b2bfb61d398ab5be8c0,2013-05,Bedfordshire Police,Bedfordshire Police,-0.446503,51.893967,On or near ARUNDEL ROAD,E01015787,Luton 015D,Investigation complete; no suspect identified
11e3923a3c5be98c0366108397f037920a72a05e5a4fb3e6c7d8dfce1ad99e72,2013-05,Bedfordshire Police,Bedfordshire Police,-0.413942,51.878903,On or near Shopping Area,E01015794,Luton 018F,Offender given a caution
79c86ab187c9318f8559787b59e7c528fd3af300c133c8920264f922a62e7dec,2013-05,Bedfordshire Police,Bedfordshire Police,-0.257675,52.092026,On or near LIME TREE WALK,E01017388,Central Bedfordshire 005F,Investigation complete; no suspect identified
d83d60430c88a15061a04a64bac21cf6f53f14a42e2b0f1529d915a4efcd3928,2013-05,Bedfordshire Police,Bedfordshire Police,-0.296823,52.131972,On or near WEST ROAD,E01017430,Central Bedfordshire 002A,Investigation complete; no suspect identified
65be1f4de41549b0aedeaa103fafc2dc4fdb5f4e90dd9ccae134e67fe2f93ec9,2013-05,Bedfordshire Police,Bedfordshire Police,-0.452718,52.137007,On or near PEMBROKE STREET,E01017467,Bedford 012B,Investigation complete; no suspect identified
9f4fa0edfa526e1656b9cb5a495863c1567b2348a27f025388649160eb245e34,2013-05,Bedfordshire Police,Bedfordshire Police,-0.417579,52.153417,On or near POPPYFIELDS,E01017493,Bedford 007F,Investigation complete; no suspect identified
993da8b00568940540132f69c2a44eb68988996a61992cd107d3e1dd5cd208e3,2013-05,Bedfordshire Police,Bedfordshire Police,-0.497281,52.126686,On or near VANGUARD CLOSE,E01017511,Bedford 016C,Investigation complete; no suspect identified
58f6545e1e215df1e72c59e8adcc5eb65eb449fcf210754947bc3961ab83db5e,2013-05,Bedfordshire Police,Bedfordshire Police,-0.290928,52.199691,On or near Park/Open Space,E01017542,Bedford 004D,Investigation complete; no suspect identified
875dd1189350eb39fab9c5135547d7cd5279a55b4d77d7352c572b995bd5f5d2,2013-05,Bedfordshire Police,Bedfordshire Police,-0.530585,51.951163,On or near STATION ROAD,E01017620,Central Bedfordshire 019C,Local resolution
de0f1ab0cb1811d84ec4cde4d54ea860c9ec4f38d0a4880cab5bbdb341fddc22,2013-05,Bedfordshire Police,Bedfordshire Police,-0.431143,51.882263,On or near VERNON ROAD,E01015727,Luton 017F,Investigation complete; no suspect identified
7c464070a7d372fcc4e34e8e7beadcd2fe0fa68184f4ae12ed52b5ee6646c1d8,2013-05,Bedfordshire Police,Bedfordshire Police,-0.456120,51.898751,On or near ROMAN ROAD,E01015750,Luton 011F,Investigation complete; no suspect identified
5942dec07d74e5185556d542d3d967fe910c6d0781a39251c7b7dc1a3aba0f22,2013-05,Bedfordshire Police,Bedfordshire Police,-0.385891,51.906800,On or near CORNCRAKE CLOSE,E01015797,Luton 008A,Investigation complete; no suspect identified
81d05c33042f027063b9ef0de7dcc1b38efe5091c0aa0c245e726f5edea8d650,2013-05,Bedfordshire Police,Bedfordshire Police,-0.368627,51.888174,On or near HEATON DELL,E01015808,Luton 014D,Investigation complete; no suspect identified
4d8879174dd40d2e05b7f6c9eb516742c45732f7cdbad0df91df166bece29afb,2013-05,Bedfordshire Police,Bedfordshire Police,-0.246913,52.082812,On or near KINGSFIELD ROAD,E01017389,Central Bedfordshire 006C,Investigation complete; no suspect identified
ea37a5479bac252fc6c12f40884311f12113e2482e14873651690c11e8112231,2013-05,Bedfordshire Police,Bedfordshire Police,-0.456999,52.009637,On or near COBBETT LANE,E01017398,Central Bedfordshire 017A,Investigation complete; no suspect identified
0b7b1f30fa44fb9e97d8f326d51fa86a4fcdf1c41e8117743bfccb6e8e281356,2013-05,Bedfordshire Police,Bedfordshire Police,-0.407699,52.011076,On or near Park/Open Space,E01017445,Central Bedfordshire 017D,Investigation complete; no suspect identified
45c449bb21c0d0b1c9f1de49e5aebf35aa94221b164a1a4ab64629545b108e11,2013-05,Bedfordshire Police,Bedfordshire Police,-0.471139,52.139720,On or near ADELAIDE SQUARE,E01017502,Bedford 010F,Investigation complete; no suspect identified
cdc644a2ac163bdca2924e7a34cf5d33b89d7675cc59aefc6976f7d7312343fd,2013-05,Bedfordshire Police,Bedfordshire Police,-0.527990,51.901983,On or near MILLERS WAY,E01017578,Central Bedfordshire 026A,Investigation complete; no suspect identified
c76e29a676b91030d0aa0291d52bfbf3b0e90712277566cc394b207dd99ae4ba,2013-05,Bedfordshire Police,Bedfordshire Police,-0.540573,51.898066,On or near ENGLANDS AVENUE,E01017598,Central Bedfordshire 028E,Investigation complete; no suspect identified
173a179b0a4dff51814a700be7c867a4dc504ab807900f2aebd1dd37ea76d109,2013-05,Bedfordshire Police,Bedfordshire Police,-0.510218,51.914572,On or near EDDIWICK AVENUE,E01017619,Central Bedfordshire 025E,Suspect charged
c475921ef617e2ba13d22da7778be314b1efbd548084a2f907e119be1f5b3bd6,2013-05,Bedfordshire Police,Bedfordshire Police,-0.410028,51.876189,On or near PARK VIADUCT,E01015789,Luton 018E,Investigation complete; no suspect identified
6d380d5e9da02c0e9831be0fa7098de4d772bd307a0b913ba471dc87da4706e2,2013-05,Bedfordshire Police,Bedfordshire Police,-0.417902,51.866233,On or near LONDON ROAD,E01015793,Luton 021E,Investigation complete; no suspect identified
fadcf1b2ff6d4c96c2abbfb53e47ade52c848749d4c6136629dcb6e793ce224c,2013-05,Bedfordshire Police,Bedfordshire Police,-0.508606,52.067073,On or near THE CRESCENT,E01017552,Bedford 020B,Investigation complete; no suspect identified
02ccecd7d4280f3e1c6e7e7462193da2e0d0fa13c5da95d9e240c428e432fc23,2013-05,Bedfordshire Police,Bedfordshire Police,-0.493141,52.029374,On or near PRESTON CLOSE,E01017375,Central Bedfordshire 012E,Investigation complete; no suspect identified
193da166914cc0af33d8272a9b33b6d13d3a0069268642779fd0321a55c6353a,2013-05,Bedfordshire Police,Bedfordshire Police,-0.495813,52.006651,On or near THE HAWTHORNS,E01017401,Central Bedfordshire 015C,Investigation complete; no suspect identified
b399b932644003c5b0f1b86fd0f935a34a04458b21c37665c63c97d742658b69,2013-05,Bedfordshire Police,Bedfordshire Police,-0.322722,52.036350,On or near PINEMEAD,E01017440,Central Bedfordshire 011D,Investigation complete; no suspect identified
63a3ad27b65d6f8dd5123b6ccf2307f3f08e0d9fc27663055ee1269e0e4a6e31,2013-05,Bedfordshire Police,Bedfordshire Police,-0.470832,52.135436,On or near Parking Area,E01017466,Bedford 012A,Local resolution
668b11a09cf046af6a31c8d7e34f9dba9c4a2e085c198f64043a412e3379013f,2013-05,Bedfordshire Police,Bedfordshire Police,-0.476532,52.138414,On or near CONDUIT ROAD,E01017471,Bedford 012F,Suspect charged
79a83527fc8a4d37dc650c2a608ecb700ef86b6ad740d0b1c48ebcb0ae0b4424,2013-05,Bedfordshire Police,Bedfordshire Police,-0.389432,52.127303,On or near WILLINGTON ROAD,E01017496,Bedford 004C,Suspect charged
5f0dda111cc3777b009cc3d8b8f4ac72ca5c8250f5642c7dae9d142f7e09a560,2013-05,Bedfordshire Police,Bedfordshire Police,-0.488974,52.113587,On or near THE SYCAMORES,E01017517,Bedford 018E,Investigation complete; no suspect identified
1de480571509c3300190f9dd18f5a1fc57ccbe4e469f87256dbdb20136747b27,2013-05,Bedfordshire Police,Bedfordshire Police,-0.431747,51.855278,On or near THE ORCHARDS,E01017564,Central Bedfordshire 033D,Investigation complete; no suspect identified
a3756fce3e18396df479ffef685082d3b12868006d526d6702284bf0747643d5,2013-05,Bedfordshire Police,Bedfordshire Police,-0.647555,51.920951,On or near MIDDLE GREEN,E01017603,Central Bedfordshire 020A,Investigation complete; no suspect identified
7836e77d05949bff78b7f4e466d6f7351adbda31acc0ae64ca985ace1ef9fd72,2013-05,Bedfordshire Police,Bedfordshire Police,-0.454289,51.904266,On or near MOSTYN ROAD,E01015765,Luton 006B,Investigation complete; no suspect identified
9580408f5775fc9af1b46039851ca0f769803be68fe7bcc7d89f22192efdeff3,2013-05,Bedfordshire Police,Bedfordshire Police,-0.409847,51.871034,On or near STRATHMORE AVENUE,E01015790,Luton 021B,Investigation complete; no suspect identified
2ac057c7fe898b4b3adf12c9c1d37ec81a3c03cb06d1efdfd9da862a1cc8369d,2013-05,Bedfordshire Police,Bedfordshire Police,-0.473474,52.126973,On or near VICTORIA ROAD,E01017473,Bedford 015B,Suspect charged
99350e7a676795f6a9630cd3fbf88491f1ac017044ebcd4b453b05dcbd53718a,2013-05,Bedfordshire Police,Bedfordshire Police,-0.483014,51.905521,On or near PARTRIDGE CLOSE,E01015758,Luton 009C,Investigation complete; no suspect identified
261b636ea57b07de06244c88a9cee406cc061ff8f8be3ec4ee8afa861d42b0ad,2013-05,Bedfordshire Police,Bedfordshire Police,-0.372992,51.878766,On or near Parking Area,E01015811,Luton 014G,Investigation complete; no suspect identified
704aac84532f5d5ce2a482845c7527e7db454b4fc57950f02787c0a11f72e39d,2013-05,Bedfordshire Police,Bedfordshire Police,-0.380051,51.896982,On or near PLUMPTON CLOSE,E01015812,Luton 008E,Investigation complete; no suspect identified
839c4c36f681fe223eec88ec102ceea4767173487f38aa26182464c062bf4901,2013-05,Bedfordshire Police,Bedfordshire Police,-0.216517,52.127341,On or near CHAPEL STREET,E01017429,Central Bedfordshire 003E,Investigation complete; no suspect identified
2f27a3de1bfe19c29d3706093e0ed5409a31298c421ac284c54f27f4919a8e47,2013-05,Bedfordshire Police,Bedfordshire Police,-0.553286,52.188616,On or near WALNUT CLOSE,E01017464,Bedford 002A,Investigation complete; no suspect identified
b4044af335280592662175496305ac74e7b191d63972f7ac3f20772034c90f1d,2013-05,Bedfordshire Police,Bedfordshire Police,-0.418614,52.146076,On or near SERGEANTS WAY,E01017490,Bedford 007C,Investigation complete; no suspect identified
7e73e60ef93b1f6633d17abc8e7058d0ab36b342023b4a89ef1b02bff4bcee68,2013-05,Bedfordshire Police,Bedfordshire Police,-0.472054,52.301536,On or near SHELTON ROAD,E01017540,Bedford 001A,Investigation complete; no suspect identified
b9a47080d90335a472733c22785cc102fb155acdc8ec87126ba1a7c920bd1408,2013-05,Bedfordshire Police,Bedfordshire Police,-0.662078,51.918167,On or near BOSSARD COURT,E01017555,Central Bedfordshire 021A,Investigation complete; no suspect identified
adfc7044c15e0efccdd8501c32bb4986dabbf0675ed431e5591d86e798d61944,2013-05,Bedfordshire Police,Bedfordshire Police,-0.497677,51.876450,On or near LINCOLN CLOSE,E01017594,Central Bedfordshire 030C,Investigation complete; no suspect identified
de76dfd96302e890ea47fb452bfe26fb63892a59a66f978f67e11b199c0cbf25,2013-05,Bedfordshire Police,Bedfordshire Police,-0.562153,51.914571,On or near Parking Area,E01017615,Central Bedfordshire 019B,Investigation complete; no suspect identified
4df8bd9bed909afb1622e4b92ca5d0d955f414c181f373021f038a91d2d72422,2013-05,Bedfordshire Police,Bedfordshire Police,-0.433677,51.919702,On or near WHITWELL CLOSE,E01015710,Luton 001E,Investigation complete; no suspect identified
8ddbb36719715ae2a3e1bf9093d2bfdac7bcd3af7ef803e4857d312dc2954357,2013-05,Bedfordshire Police,Bedfordshire Police,-0.473421,51.907609,On or near BRICKLY ROAD,E01015754,Luton 005E,Investigation complete; no suspect identified
4f9c77d12ceef955aa5647aaaa4ed943307cb1609d1946118588f88f947d0c7d,2013-05,Bedfordshire Police,Bedfordshire Police,-0.412643,51.872465,On or near CHASE STREET,E01015792,Luton 021D,Investigation complete; no suspect identified
d1b5f29b973a3848292280186a0c759afce5adaf0f2d8a63055468dfa79d72b7,2013-05,Bedfordshire Police,Bedfordshire Police,-0.449491,51.913995,On or near JULIUS GARDENS,E01015769,Luton 003A,Suspect charged
7ef818671a34d2ef45bc13f492dfbecacaf5b0f559e6dc3aa2597a65091b5870,2013-05,Bedfordshire Police,Bedfordshire Police,-0.608879,52.236272,On or near Sports/Recreation Area,E01017503,Bedford 002C,Investigation complete; no suspect identified
08b1ab91467cb39e6ba06aeaf7d6661a55fe9c73311d8a7f98120829c2c84b01,2013-05,Bedfordshire Police,Bedfordshire Police,-0.529126,51.892124,On or near Petrol Station,E01017568,Central Bedfordshire 029C,Suspect charged
bf526419c144ed78f68ff2149530f1915b3843d55aebcea9b235fa570b1a0bb9,2013-05,Bedfordshire Police,Bedfordshire Police,-0.452181,51.901711,On or near CANTERBURY CLOSE,E01015785,Luton 006G,Investigation complete; no suspect identified
ced0c0b89388e748992cc0f0c42fe5d14a2d07240c5faacd1dbcb2f5451cff47,2013-05,Bedfordshire Police,Bedfordshire Police,-0.469781,52.137140,On or near Shopping Area,E01017466,Bedford 012A,Investigation complete; no suspect identified
434301ab41c9e07bff3ce4190504a0a43f1bbceb540025de5b2cf6b5fe55c62c,2013-05,Bedfordshire Police,Bedfordshire Police,-0.639195,51.920899,On or near CYGNUS DRIVE,E01017604,Central Bedfordshire 020B,Investigation complete; no suspect identified
a095f5d1c80352d905d59f844fbd61396690d2d12bf7fe693e62f656cdabd201,2013-05,Bedfordshire Police,Bedfordshire Police,-0.485287,51.895839,On or near CHAPTER HOUSE ROAD,E01015763,Luton 013E,Investigation complete; no suspect identified
a2665fe1b28dc37e3ea236363cb21a7fb84e59e31e41e5bdf24124e281f4541c,2013-05,Bedfordshire Police,Bedfordshire Police,-0.418342,51.882685,On or near MILL STREET,E01015794,Luton 018F,Investigation complete; no suspect identified
3a68edbd437f1f8715012cf37c0bdfb3ed4e23a81c7716eaf5d6698d1a8355d8,2013-05,Bedfordshire Police,Bedfordshire Police,-0.436152,52.146904,On or near ROUNDMEAD,E01017489,Bedford 007B,Investigation complete; no suspect identified
b1d4e63419a35e6f68c6e5e55099cc2a1ea7aeccb36f93022b5982c25f13aa79,2013-05,Bedfordshire Police,Bedfordshire Police,-0.431869,51.852609,On or near CRAWLEY CLOSE,E01017564,Central Bedfordshire 033D,Investigation complete; no suspect identified
a231eb07127de96b5e1e8ba772b55c09888b4951fee7a374a7b3b47834d91f9a,2013-05,Bedfordshire Police,Bedfordshire Police,-0.507716,51.887404,On or near LUTON ROAD,E01017584,Central Bedfordshire 027C,Investigation complete; no suspect identified
c1ebd1dfac08938dc14a3ccf6c76d29528a9d0c74185361ade169f95921d47f9,2013-05,Bedfordshire Police,Bedfordshire Police,-0.273788,52.093621,On or near Supermarket,E01017422,Central Bedfordshire 004B,Suspect charged
e43b4905860740f5a5ebb113597684637c4d44658f8624796b5177c4bf5a7de6,2013-05,Bedfordshire Police,Bedfordshire Police,-0.473275,52.136637,On or near PRIORY STREET,E01017466,Bedford 012A,Suspect charged
7adab5528f72e463222e29489007b11b8717a62d5bcdaade52316df4a07b16cc,2013-05,Bedfordshire Police,Bedfordshire Police,-0.468277,52.136671,On or near Shopping Area,E01017469,Bedford 012D,Suspect charged
e9bff64aea993965c2105a4aa86be128d71932d28fcdebfbab678299e1c137d6,2013-05,Bedfordshire Police,Bedfordshire Police,-0.608879,52.236272,On or near Sports/Recreation Area,E01017503,Bedford 002C,Investigation complete; no suspect identified
b62dd5c98ade5bf3a24c5e1d1a775ca5fcc06d91cda17948d0eae6ff3d5c940b,2013-05,Bedfordshire Police,Bedfordshire Police,-0.448073,52.130670,On or near Park/Open Space,E01017519,Bedford 014B,Investigation complete; no suspect identified
c9886f0e1649ecb7b5c8093e12c371d3f668f239ee37af1ecda2bf2154baa14b,2013-05,Bedfordshire Police,Bedfordshire Police,-0.516177,51.886827,On or near CHURCH STREET,E01017570,Central Bedfordshire 029E,Suspect charged
38e5cfb585632fea1e77a7ceac96f234d843547a9e73ef611534e3289838fd3a,2013-05,Bedfordshire Police,Bedfordshire Police,-0.583895,51.930569,On or near WHITE HORSE CLOSE,E01017577,Central Bedfordshire 019A,Investigation complete; no suspect identified
f0c15ab62cc78c993ef7a442d6bd93bcd8ba62a849a9bd82fe2466812fbb2193,2013-05,Bedfordshire Police,Bedfordshire Police,-0.511000,51.905411,On or near BROOKFIELD AVENUE,E01017581,Central Bedfordshire 026D,Investigation complete; no suspect identified
80094d3dda79876dae5e8855fb9dc12e7176c9a5b9463ca6cd85e3695b42d7b3,2013-05,Bedfordshire Police,Bedfordshire Police,-0.507405,51.852917,On or near MALMS CLOSE,E01017586,Central Bedfordshire 032C,Investigation complete; no suspect identified
07907d32aecf512e2e900a2fb27f6ae261a06ab82d3ba8d318298f003a7cd642,2013-05,Bedfordshire Police,Bedfordshire Police,-0.497970,51.908194,On or near FENWICK ROAD,E01017600,Central Bedfordshire 025A,Investigation complete; no suspect identified
891c97d3769e1bd4cbcaf40d54eea3ce52af582c870bf669b361ddea98f4e5d2,2013-05,Bedfordshire Police,Bedfordshire Police,-0.400412,51.874916,On or near KIMPTON ROAD,E01015790,Luton 021B,Investigation complete; no suspect identified
d3ae85f0e28f3aa3d3a2f783b04d81123d605ff35452e66782f63edb97bb8406,2013-05,Bedfordshire Police,Bedfordshire Police,-0.499359,52.021271,On or near BARKERS CLOSE,E01017373,Central Bedfordshire 012C,Investigation complete; no suspect identified
6505ed2965258a533743ccc927ae7d1a44bac43d2f5c84c6564f9cc59b14987d,2013-05,Bedfordshire Police,Bedfordshire Police,-0.453259,51.902931,On or near SARUM ROAD,E01015785,Luton 006G,Investigation complete; no suspect identified
ee88307a1844fc8c3bb416cd6108b4547a4449dacdaeb9c0d7faf288a65e4928,2013-05,Bedfordshire Police,Bedfordshire Police,-0.471543,52.147125,On or near PARK ROAD NORTH,E01017498,Bedford 010B,Investigation complete; no suspect identified
b70bba240d0ddd684aed7edaaffe0db849c15372ce251affd56e7563879134bc,2013-05,Bedfordshire Police,Bedfordshire Police,-0.455482,52.136953,On or near CASTLE ROAD,E01017467,Bedford 012B,Investigation complete; no suspect identified
8ec43c4e63fa19a0787924e9a3d76374fefa184fd9d2d93a8c6910fa1b3896e0,2013-05,Bedfordshire Police,Bedfordshire Police,-0.507716,51.887404,On or near LUTON ROAD,E01017584,Central Bedfordshire 027C,Investigation complete; no suspect identified
53b5f07a051374d624b80555cd85aafbc418dd26c16cc027ac5c719c70a9905b,2013-05,Bedfordshire Police,Bedfordshire Police,-0.529756,51.893733,On or near MANDRELL CLOSE,E01017599,Central Bedfordshire 028F,Investigation complete; no suspect identified
5f357d0ee7b3c9dfb81dee0a52013026908044f3ed859974569086fd386324c4,2013-05,Bedfordshire Police,Bedfordshire Police,-0.454185,52.155404,On or near KIMBOLTON ROAD,E01017456,Bedford 005D,Investigation complete; no suspect identified
f5ebec10894340022b5325ce0b526970ee4b732d90afaba46ec45d9f1e84fb2c,2013-05,Bedfordshire Police,Bedfordshire Police,-0.366794,51.891431,On or near MANNING PLACE,E01015810,Luton 014F,Investigation complete; no suspect identified
a561f5a19a32fc6d96e4cc8ba1e52d486b3bc25ea002969993fbd900005f71ea,2013-05,Bedfordshire Police,Bedfordshire Police,-0.453318,51.904181,On or near Supermarket,E01015765,Luton 006B,Investigation complete; no suspect identified
c7fbc383ff9cd3d7900b61cda61283b587096241af12715ce92a713b485439af,2013-05,Bedfordshire Police,Bedfordshire Police,-0.492294,52.120364,On or near Supermarket,E01017512,Bedford 016D,Investigation complete; no suspect identified
b0d24da355aad0f27d989c495aa5bee335317755d2185abbd32b0c7c61d1c60b,2013-05,Bedfordshire Police,Bedfordshire Police,-0.439169,51.897188,On or near BROAD MEAD,E01015786,Luton 010F,Investigation complete; no suspect identified
98629df59b17040025d0f45a4297d47133e5857d56ba6db57912e4701c6e9a59,2013-05,Bedfordshire Police,Bedfordshire Police,-0.438897,51.874408,On or near Parking Area,E01015736,Luton 020E,Investigation complete; no suspect identified
ac85968d14f102b7a9dad2987b0e44e0ae3f970326468dbd83b1f227061a65a8,2013-05,Bedfordshire Police,Bedfordshire Police,-0.466176,51.909906,On or near SUNDON PARK ROAD,E01015754,Luton 005E,Investigation complete; no suspect identified
2c292dcc4f5a8899751e040d1d4603b51bf065fcaa21987a943eb03778050cf5,2013-05,Bedfordshire Police,Bedfordshire Police,-0.456784,51.917984,On or near FITZWARIN CLOSE,E01015771,Luton 003B,Investigation complete; no suspect identified
01814ed074b647be413c2116772ccf5cbafc603d74d9d817ea88e4e7ef6a8efc,2013-05,Bedfordshire Police,Bedfordshire Police,-0.410109,51.893256,On or near HATHERLEY CHASE,E01015778,Luton 012E,Suspect charged
4069d4826b1ebcbba105c63ac6bc9769403567d486e470b62234e546d5d34f84,2013-05,Bedfordshire Police,Bedfordshire Police,-0.390814,51.906958,On or near HITCHIN ROAD,E01015797,Luton 008A,Investigation complete; no suspect identified
a73abd9c3b66279c5228c276b895ccafd1407c507b5ec4c00b6f786dfb58c507,2013-05,Bedfordshire Police,Bedfordshire Police,-0.267589,52.092739,On or near ROYAL OAK CLOSE,E01017387,Central Bedfordshire 005E,Offender given a caution
405c238b71fa7260a60658bbbd9fae7e17b6130425efc3f7c7fff915fdee0436,2013-05,Bedfordshire Police,Bedfordshire Police,-0.486367,52.116404,On or near ELSTOW ROAD,E01017513,Bedford 018A,Investigation complete; no suspect identified
95d920d5b9a6a6a95dffa33cf84295f63a3960eed0d26340bcb4b03f3ccf3c79,2013-05,Bedfordshire Police,Bedfordshire Police,-0.483192,52.138077,On or near QUEENSBURY CLOSE,E01017536,Bedford 013B,Investigation complete; no suspect identified
68b0cd0acb960897680de65eb91e3fa4d758ff25435679aa3305f8e84bf90687,2013-05,Bedfordshire Police,Bedfordshire Police,-0.470554,52.114968,On or near ABBEY CLOSE,E01017550,Bedford 019E,Investigation complete; no suspect identified
4e080a0fc278afc5b070c9bc5e7dad42a5dd41ab9b5d1e1a82837f26168fcbfd,2013-05,Bedfordshire Police,Bedfordshire Police,-0.658550,51.919431,On or near BEDFORD STREET,E01017555,Central Bedfordshire 021A,Investigation complete; no suspect identified
5d5e3741c4ea8ee6e29b5f3248c26e9a780acc343717eb6059b76a58ce7c529d,2013-05,Bedfordshire Police,Bedfordshire Police,-0.449641,51.896966,On or near CHILTERN GARDENS,E01015717,Luton 011E,Investigation complete; no suspect identified
8deaf6ae6935c0e50b789a4f5470c0561454d0b92b5c86bf97fafd191a31a631,2013-05,Bedfordshire Police,Bedfordshire Police,-0.415846,51.883433,On or near Nightclub,E01015741,Luton 018B,Investigation complete; no suspect identified
b90e3ce3fc5c421d00df67cfa6e3d6c51113565be85a79e4d5222d6683b85eaf,2013-05,Bedfordshire Police,Bedfordshire Police,-0.436572,51.902072,On or near TINTAGEL CLOSE,E01015782,Luton 010D,Suspect charged
686226fb9766036ac1cd638ef40fc51fe58b79f238dd426a786e209484388c11,2013-05,Bedfordshire Police,Bedfordshire Police,-0.452003,51.914522,On or near SHERD CLOSE,E01015772,Luton 003C,Investigation complete; no suspect identified
d147f9b0e7546ca45457eeaf91c0e415a4b73e500bc6ce89c931c6e7d53e6024,2013-05,Bedfordshire Police,Bedfordshire Police,-0.411705,51.875600,On or near LANGLEY STREET,E01015791,Luton 021C,Suspect charged
7e55e8fc3459117926a764b7219ff4bd6c14f63bd7f355afcadf85f8800df1f6,2013-05,Bedfordshire Police,Bedfordshire Police,-0.260040,52.091270,On or near REYNOLDS CLOSE,E01017384,Central Bedfordshire 005B,Investigation complete; no suspect identified
3195994da23ffe8e692c32f33077e75a2344d9d6801aff60445029ef3180e0ca,2013-05,Bedfordshire Police,Bedfordshire Police,-0.474140,52.136126,On or near CHURCH STREET,E01017466,Bedford 012A,Investigation complete; no suspect identified
a20e365789f3f8215f6f9b54cc6900dcafef198acbce4c4ad31b33678adadc16,2013-05,Bedfordshire Police,Bedfordshire Police,-0.489503,52.131190,On or near OUSELAND ROAD,E01017538,Bedford 013D,Investigation complete; no suspect identified
dba8dda4aacd439522c9d7b70e2f49008564b855293900ade3d61e7ee1af2b61,2013-05,Bedfordshire Police,Bedfordshire Police,-0.523806,51.887274,On or near MANCHESTER PLACE,E01017568,Central Bedfordshire 029C,Local resolution
3d8e1590311429759338081acb478878b239ceb05ee398e417103b74ed606d7b,2013-05,Bedfordshire Police,Bedfordshire Police,-0.506551,51.906766,On or near STUBBS CLOSE,E01017580,Central Bedfordshire 026C,Investigation complete; no suspect identified
4fe160d2bdf9472a283b49412d4bcc486308a0fc2882702814210799611424f6,2013-05,Bedfordshire Police,Bedfordshire Police,-0.648895,51.919446,On or near BROOK STREET,E01017603,Central Bedfordshire 020A,Investigation complete; no suspect identified
dd33a0295d754742ccfe7818815f7c5bed544b734e9715e37862d12db7749456,2013-05,Bedfordshire Police,Bedfordshire Police,-0.513206,51.914340,On or near Sports/Recreation Area,E01017619,Central Bedfordshire 025E,Investigation complete; no suspect identified
4ca3c4c31d8c270fc6d4d4368d43064f784996383085459609f6f30e0e4f0afc,2013-05,Bedfordshire Police,Bedfordshire Police,-0.473375,51.904695,On or near WHARFEDALE,E01015749,Luton 005A,Investigation complete; no suspect identified
2b54ed9847c0a067adaee096efcaff5a0fa4bfbe1824d34106493cf02852c4d9,2013-05,Bedfordshire Police,Bedfordshire Police,-0.497429,51.900014,On or near BRUNEL COURT,E01015757,Luton 009B,Investigation complete; no suspect identified
21b1dd90a9e59ae50f1bc790f820e331ca6928b3cdb7483101d82dbe55279d22,2013-05,Bedfordshire Police,Bedfordshire Police,-0.418615,51.880279,On or near GORDON STREET,E01015794,Luton 018F,Offender given a caution
1a1d653e0bffc52fbb46cbf6162ca079c4aa5c4d4a32fd4615c82fb6e6e6624b,2013-05,Bedfordshire Police,Bedfordshire Police,-0.450566,51.894164,On or near LARKSPUR GARDENS,E01015787,Luton 015D,Local resolution
5497c4a1ebb2a6b991ae405a95596d858894eccea70583a59663ca7706acae64,2013-05,Bedfordshire Police,Bedfordshire Police,-0.498767,52.004144,On or near HAWES CLOSE,E01017407,Central Bedfordshire 016E,Investigation complete; no suspect identified
0a48ca03ff3d0a357bd38e32456923c787c0797f674e00b82a014f6b4c8d1d2d,2013-05,Bedfordshire Police,Bedfordshire Police,-0.586467,52.019471,On or near STATION ROAD,E01017451,Central Bedfordshire 009D,Offender given a drugs possession warning
33cfaaeb7af879576eeca22939b1e962c3fb30e16e7c92abff698b65e30aa1c1,2013-05,Bedfordshire Police,Bedfordshire Police,-0.472321,52.135078,On or near MAITLAND STREET,E01017466,Bedford 012A,Investigation complete; no suspect identified
7791c8a57806fb9bc734925f44ee5ba1d2ced4c3c1ee846d218be8bd86e6e30d,2013-05,Bedfordshire Police,Bedfordshire Police,-0.444886,52.118562,On or near WINCHESTER ROAD,E01017521,Bedford 014D,Investigation complete; no suspect identified
817b53742a3197f802200b30d45ef1738452ec42e17fd31c26578b6af4c97dbc,2013-05,Bedfordshire Police,Bedfordshire Police,-0.461478,52.127033,On or near VULCAN STREET,E01017522,Bedford 014E,Investigation complete; no suspect identified
14505b16818f80c15ad5967ad47db91cd9c3235cf3852598666b3ee37bf96e01,2013-05,Bedfordshire Police,Bedfordshire Police,-0.524895,51.887737,On or near Parking Area,E01017569,Central Bedfordshire 029D,Offender given penalty notice
b4a5ceb2fee3a47a8d15dd76a14c3d265f1761b9594fc8d62174963b5afee7e8,2013-05,Bedfordshire Police,Bedfordshire Police,-0.641213,51.923917,On or near COLUMBA DRIVE,E01017604,Central Bedfordshire 020B,Investigation complete; no suspect identified
4b1d68dcfa2ed6d057fefc9d3facdf7c10440590b87aa5869d1c14af8a159d36,2013-05,Bedfordshire Police,Bedfordshire Police,-0.468626,51.909686,On or near BROOKLANDS CLOSE,E01015754,Luton 005E,Local resolution
546614c1a4be91a46e2417be4232459a676f94760c2bef626c23b2aeffbee2f9,2013-05,Bedfordshire Police,Bedfordshire Police,-0.480680,52.127282,On or near GRANVILLE STREET,E01017512,Bedford 016D,Investigation complete; no suspect identified
84c1f48bea03d4d77fb8ac8288d98451b2dced089bd7d6125eedd6ba009c1577,2013-05,Bedfordshire Police,Bedfordshire Police,-0.535922,51.895401,On or near DAIMLER DRIVE,E01017599,Central Bedfordshire 028F,Investigation complete; no suspect identified
c4c0aefb2216a6b589d7c5e5e48edc98b605a09bfb4caa564f1cd10934725431,2013-05,Bedfordshire Police,Bedfordshire Police,-0.459246,51.905527,On or near STATION ROAD,E01015755,Luton 005F,Suspect charged
f82defc87cbda9b1f3294f8686d797d1e51c091d4fde7279734f5fbed9126ec2,2013-05,Bedfordshire Police,Bedfordshire Police,-0.393197,51.899248,On or near WALNUT CLOSE,E01015796,Luton 012F,Investigation complete; no suspect identified
247711ce503647ef36003fa5b69142a605ea4c598f21547b913a9cbb2957348e,2013-05,Bedfordshire Police,Bedfordshire Police,-0.366794,51.891431,On or near MANNING PLACE,E01015810,Luton 014F,Offender given a caution
74039fbb90370323b1889de8c3dcf48456ee0cb57ddd8b4451517dccea7f0643,2013-05,Bedfordshire Police,Bedfordshire Police,-0.343646,52.014599,On or near HIGH STREET,E01017393,Central Bedfordshire 013C,Investigation complete; no suspect identified
0d00c9819701d766c5d0d7ca821878128347dcdca04582b088cdd4d1fffe0a2c,2013-05,Bedfordshire Police,Bedfordshire Police,-0.468473,52.138633,On or near DAME ALICE STREET,E01017502,Bedford 010F,Investigation complete; no suspect identified
e6bfabbf55ac1b0aa3c05aaed716d287cf004240c7ff5d38a811b5fe4f41de5e,2013-05,Bedfordshire Police,Bedfordshire Police,-0.663068,51.916156,On or near HIGH STREET,E01017555,Central Bedfordshire 021A,Investigation complete; no suspect identified
b472fd45251a819b3a2367ff695361eb4a87c55af1d0fc6052b248943b91131a,2013-05,Bedfordshire Police,Bedfordshire Police,-0.427212,51.964466,On or near LUTON ROAD,E01017559,Central Bedfordshire 018B,Investigation complete; no suspect identified
c829a4dd60b894b431d6e59fb093a8086e2d9af38b261eaf95fd0625a6ab4732,2013-05,Bedfordshire Police,Bedfordshire Police,-0.520266,51.887086,On or near Nightclub,E01017568,Central Bedfordshire 029C,Investigation complete; no suspect identified
f1f1a994760c3b791e1b27c708c9231a868810988652ac74e7064f540a67b524,2013-05,Bedfordshire Police,Bedfordshire Police,-0.503743,51.887587,On or near Petrol Station,E01017584,Central Bedfordshire 027C,Investigation complete; no suspect identified
96412dabfa630e27b55b3bd8c1b0eb7cea32f6208336f695cb8397c3a05fa447,2013-05,Bedfordshire Police,Bedfordshire Police,-0.655058,51.924390,On or near CLARENCE ROAD,E01017609,Central Bedfordshire 021E,Suspect charged
8402e3b674047211639b1f6a32a2dad0ca1a9a429c1501a0bf8a8a5d9cef4470,2013-05,Bedfordshire Police,Bedfordshire Police,-0.449491,51.913995,On or near JULIUS GARDENS,E01015769,Luton 003A,Investigation complete; no suspect identified
932137b7bac35ba393c2a5c40ef5bb5a7bb0e248894dd475a45f35fc14db2f13,2013-05,Bedfordshire Police,Bedfordshire Police,-0.411422,51.877862,On or near Further/Higher Educational Building,E01015789,Luton 018E,Investigation complete; no suspect identified
886d9de4a27c027390daf5baf8d40825db858d62fbbcaf63212d4e462fb4820a,2013-05,Bedfordshire Police,Bedfordshire Police,-0.413942,51.878903,On or near Shopping Area,E01015794,Luton 018F,Suspect charged
818660ac70666f148e0d1aacd91624e80166c2508db5e7aeb4e396f068ad5343,2013-05,Bedfordshire Police,Bedfordshire Police,-0.441547,51.888956,On or near CHURCHILL ROAD,E01015726,Luton 015B,Investigation complete; no suspect identified
6315fad77aea96b76260d58b691e995dbd3ce81efec2865800833607b84fb3b7,2013-05,Bedfordshire Police,Bedfordshire Police,-0.474559,51.902786,On or near BANK CLOSE,E01015749,Luton 005A,Suspect charged
645cbeb86591acf729b1178e1439642f496ca1f46a4765eae4e63a8eb1651b1e,2013-05,Bedfordshire Police,Bedfordshire Police,-0.398097,51.892248,On or near OAK TREE ROW,E01015777,Luton 012D,Investigation complete; no suspect identified
5cdf8766c68e2d11bb0dbdc9b8d08ac241eb29a29506d66ca76326718b8dbfcf,2013-05,Bedfordshire Police,Bedfordshire Police,-0.505254,52.004010,On or near CAMPION WAY,E01017407,Central Bedfordshire 016E,Investigation complete; no suspect identified
dfe62970a148123b3ebeffb545a8d9f7bb244e46933da7fb0cbc1fdf71dfb1e1,2013-05,Bedfordshire Police,Bedfordshire Police,-0.426518,52.028710,On or near Parking Area,E01017421,Central Bedfordshire 008E,Offender given a caution
731f7e8616328af78dd7e7039ecf73089194c343caf10f4219a0d6485fcb73a0,2013-05,Bedfordshire Police,Bedfordshire Police,-0.497509,51.982521,On or near SANDERSON ROAD,E01017450,Central Bedfordshire 017E,Investigation complete; no suspect identified
358cb08f0d9b419d10d81fc0a894b1e150cf670fcdac3ffd8d17b7a143716ac2,2013-05,Bedfordshire Police,Bedfordshire Police,-0.464527,52.124609,On or near CONQUEST ROAD,E01017472,Bedford 015A,Investigation complete; no suspect identified
757443a433fc9a3b31131bac8a73ad85c78837d87f8eb06370a4a327a5343e2d,2013-05,Bedfordshire Police,Bedfordshire Police,-0.484950,52.121996,On or near PARK ROAD,E01017508,Bedford 017D,Offender given a caution
8366c0ebbeb91f022ba83b80fd18a8f20c3072558bfd87ce12a31095042750c5,2013-05,Bedfordshire Police,Bedfordshire Police,-0.444886,52.118562,On or near WINCHESTER ROAD,E01017521,Bedford 014D,Investigation complete; no suspect identified
e5bb45db71d2c1dd7465ebd6183b9d259129bef8a176e589aadfd84fc2ef9237,2013-05,Bedfordshire Police,Bedfordshire Police,-0.483799,52.133976,On or near IDDESLEIGH ROAD,E01017536,Bedford 013B,Investigation complete; no suspect identified
39a133004b770958418b47a310635c0e2370a3629a72bfa84c86fd6040cbbf80,2013-05,Bedfordshire Police,Bedfordshire Police,-0.525536,51.906340,On or near BIDWELL HILL,E01017579,Central Bedfordshire 026B,Investigation complete; no suspect identified
55a4de5b732f1466832b4b71ecc7f605c2da1dba84a25b2f56bb1ef6c3fdfe0d,2013-05,Bedfordshire Police,Bedfordshire Police,-0.387394,51.885520,On or near BRENDON AVENUE,E01015722,Luton 014B,Investigation complete; no suspect identified
9243144c137cb6ea635db45277bb585e82644e56b51f6c6b17051c2074fbf98f,2013-05,Bedfordshire Police,Bedfordshire Police,-0.429545,51.886000,On or near BEECH ROAD,E01015725,Luton 017E,Investigation complete; no suspect identified
3bea047d354bb3b58cf4aba09279b9666f7d8b15b602dea2145ddc9ce6297d38,2013-05,Bedfordshire Police,Bedfordshire Police,-0.454289,51.904266,On or near MOSTYN ROAD,E01015765,Luton 006B,Suspect charged
27917555fda0ed3500a014a04bd2a45b78bd77bae75d27ce1c8c3a2e15db6908,2013-05,Bedfordshire Police,Bedfordshire Police,-0.409241,51.873364,On or near KINGSLAND ROAD,E01015789,Luton 018E,Investigation complete; no suspect identified
a577458f21d0f993e75b7519ae5dd349cc9c4a60a263cf64cdedcbac85b21df8,2013-05,Bedfordshire Police,Bedfordshire Police,-0.382877,51.880216,On or near PERCIVAL WAY,E01015811,Luton 014G,Investigation complete; no suspect identified
dcf4b8496b321eadb9d6d23cfccf98368a9878af8d38a70dc18bcec1fd2116c3,2013-05,Bedfordshire Police,Bedfordshire Police,-0.304848,52.037497,On or near GRANGE STREET,E01017392,Central Bedfordshire 013B,Investigation complete; no suspect identified
bd712b546b46813dd8c74c6836d0053a534b06f3f4edeca4cd96f90cdee1b535,2013-05,Bedfordshire Police,Bedfordshire Police,-0.230524,52.017827,On or near WHITECROFTS,E01017446,Central Bedfordshire 014A,Investigation complete; no suspect identified
8f929f5dc8b06a6bc02a0864e871bd8cfabbdfb699cf44a1d18b15ead071fd69,2013-05,Bedfordshire Police,Bedfordshire Police,-0.471331,52.137510,On or near Bus/Coach Station,E01017471,Bedford 012F,Investigation complete; no suspect identified
1b40bef10c0e29a133c070c4a5236ec2fa74c58cfde33547cb47be24d372d116,2013-05,Bedfordshire Police,Bedfordshire Police,-0.482828,51.860533,On or near A5,E01017561,Central Bedfordshire 033A,Investigation complete; no suspect identified
3a7cf474fca448234237d8a6405793cf93c17d646a3bb36c6fd5afdad59cd5c1,2013-05,Bedfordshire Police,Bedfordshire Police,-0.644103,51.892651,On or near GROVEBURY TURN,E01017615,Central Bedfordshire 019B,Investigation complete; no suspect identified
5bea1497b0a08165de1988984ca90077c8807149237ee8aa7b158d308b0a7067,2013-05,Bedfordshire Police,Bedfordshire Police,-0.412858,51.883681,On or near Parking Area,E01015741,Luton 018B,Offender given a caution
4453a67934ea72f86ba99da2e841ecaa31054e296d3db8d077c225ca56119951,2013-05,Bedfordshire Police,Bedfordshire Police,-0.468371,51.903928,On or near MAYNE AVENUE,E01015751,Luton 005B,Suspect charged
0ae129ab6a18e296b820a0ec237e5324d08c6c4f299f0f7fbfc639287e518bc9,2013-05,Bedfordshire Police,Bedfordshire Police,-0.451951,52.146905,On or near BRENDON AVENUE,E01017482,Bedford 009A,Investigation complete; no suspect identified
a139fff4c91221ef0b045068d706d8acc1823fdf21e8d2c147471f9322f2386d,2013-05,Bedfordshire Police,Bedfordshire Police,-0.474801,52.140738,On or near UNION STREET,E01017501,Bedford 010E,Investigation complete; no suspect identified
6c35273796564a32924ef1698e82fe222b75a693d08eb9e7edbeb1bf5296ba73,2013-05,Bedfordshire Police,Bedfordshire Police,-0.164455,52.108361,On or near HIGH STREET,E01017426,Central Bedfordshire 003B,Investigation complete; no suspect identified
4f60b61334ea914a826550742ac48e92a1ad5526040f9591bb6a949a82390d6a,2013-05,Bedfordshire Police,Bedfordshire Police,-0.322336,52.035383,On or near MAPLE DRIVE,E01017440,Central Bedfordshire 011D,Investigation complete; no suspect identified
119f87fde840e36cfe25b6806933b49707f00248355b4c40346ab8b614cca014,2013-05,Bedfordshire Police,Bedfordshire Police,-0.469508,52.135707,On or near Parking Area,E01017466,Bedford 012A,Investigation complete; no suspect identified
d4eba4b1aca82352f2176010030732946b246117d11b6d6d1c48ba038edd9a31,2013-05,Bedfordshire Police,Bedfordshire Police,-0.474853,52.128529,On or near KEMPSTON ROAD,E01017473,Bedford 015B,Investigation complete; no suspect identified
322b5e526f81a4bf9d005c9448c0a711722b76e38d3f0fa4aba811f927238322,2013-05,Bedfordshire Police,Bedfordshire Police,-0.662798,51.916449,On or near Shopping Area,E01017555,Central Bedfordshire 021A,Investigation complete; no suspect identified
826395c76276e13d6c38a12bf093d6002c0a3cb068a8d794734888b9e282d4e1,2013-05,Bedfordshire Police,Bedfordshire Police,-0.525500,51.904757,On or near ST MICHAELS AVENUE,E01017579,Central Bedfordshire 026B,Investigation complete; no suspect identified
493a1cc33391211dd8ddc22bc324e27e907c32224659bcb398e8ef1a3b251acc,2013-05,Bedfordshire Police,Bedfordshire Police,-0.513066,51.908907,On or near HAMMERSMITH CLOSE,E01017602,Central Bedfordshire 025C,Investigation complete; no suspect identified
08315ebde685517aa0d7e1b68553601cfe3cdd5245ae255e730d04aef2202bbc,2013-05,Bedfordshire Police,Bedfordshire Police,-0.506854,51.874373,On or near SEAMONS CLOSE,E01017624,Central Bedfordshire 031B,Investigation complete; no suspect identified
245bba721800eebc3122322a93a70a1fe7a7a58b6120e1b9cf14c80ce2f89b06,2013-05,Bedfordshire Police,Bedfordshire Police,-0.449491,51.913995,On or near JULIUS GARDENS,E01015769,Luton 003A,Investigation complete; no suspect identified
efff77d562f7ccc9c1fa7964bcfe9a259c4558402ea38725f55f84f02b271aab,2013-05,Bedfordshire Police,Bedfordshire Police,-0.414681,51.874012,On or near TOWNSLEY CLOSE,E01015791,Luton 021C,Investigation complete; no suspect identified
9d3c287fe394c56b4eee8187ec161133d3e07f78b04623a5416ed3d89a646b6f,2013-05,Bedfordshire Police,Bedfordshire Police,-0.419754,51.878882,On or near Nightclub,E01015794,Luton 018F,Suspect charged
13f473a324f2522312baa5b02c85b9ecf843fb1e204ddd895c0d267f6e8166ab,2013-05,Bedfordshire Police,Bedfordshire Police,-0.375044,51.880683,On or near Airport/Airfield,E01015811,Luton 014G,Investigation complete; no suspect identified
5b69e388c1bf7b9bd1d1d108fd62a06c30ddc732f5e85b10bb891796f78b7449,2013-05,Bedfordshire Police,Bedfordshire Police,-0.434025,51.867465,On or near LEYHILL DRIVE,E01015732,Luton 020A,Local resolution
7fe8795f302ddfacbbfde0063f02dff48595f0cd492563255c13bb6a4b5f65b8,2013-05,Bedfordshire Police,Bedfordshire Police,-0.392700,51.886680,On or near CRAWLEY GREEN ROAD,E01015780,Luton 016E,Suspect charged
c8a6460947648f6d74b8f386be2b1bca2ce6e6509f75dc7b44ea1f2b218e63f0,2013-05,Bedfordshire Police,Bedfordshire Police,-0.415298,51.882059,On or near Parking Area,E01015794,Luton 018F,Suspect charged
70e61650b4706bba5236feedf93078706c663e65fad9396ff8400bd536c75a46,2013-05,Bedfordshire Police,Bedfordshire Police,-0.389355,51.907091,On or near SWIFTS GREEN ROAD,E01015797,Luton 008A,Investigation complete; no suspect identified
92c952ecaa1a349479aed8b32005eefafa337c072788bacee491d556e168709d,2013-05,Bedfordshire Police,Bedfordshire Police,-0.385447,51.900132,On or near PEARTREE ROAD,E01015800,Luton 008D,Investigation complete; no suspect identified
6677fc46f61f56712ab0dfe9434f4e3dc90a43f68b1dc405105cb92a97de2687,2013-05,Bedfordshire Police,Bedfordshire Police,-0.322336,52.035383,On or near MAPLE DRIVE,E01017440,Central Bedfordshire 011D,Investigation complete; no suspect identified
9a3f892dc2d1f3cffac0301ae117f7b57d8cf247c083c4ec5361ddc740769d9b,2013-05,Bedfordshire Police,Bedfordshire Police,-0.482386,52.122224,On or near NORMANDY CLOSE,E01017506,Bedford 017B,Offender given a caution
9cc080e3196b26bd7cbe029931aff3c124e224931a9edbb9cb9b6268cf313b1b,2013-05,Bedfordshire Police,Bedfordshire Police,-0.483192,52.138077,On or near QUEENSBURY CLOSE,E01017536,Bedford 013B,Investigation complete; no suspect identified
5cfe9baccc9a6bb41cf68d03fd420fa37467ec9b9fba8fc7aace4b4f5ee44e18,2013-05,Bedfordshire Police,Bedfordshire Police,-0.664498,51.918923,On or near BASSETT ROAD,E01017555,Central Bedfordshire 021A,Investigation complete; no suspect identified
a3f17cb8d450f5ecaac924e56ce72bc1b83b134622ca6d6f307d408a4e77e52a,2013-05,Bedfordshire Police,Bedfordshire Police,-0.528673,51.879719,On or near CANESWORDE ROAD,E01017565,Central Bedfordshire 029A,Investigation complete; no suspect identified
de0410e5d6303e9663a4ebcdd950adc245bdb6c45843249fa09412bd6d348ef6,2013-05,Bedfordshire Police,Bedfordshire Police,-0.524895,51.887737,On or near Parking Area,E01017569,Central Bedfordshire 029D,Investigation complete; no suspect identified
19964869560a4d6f4ea030d3e63bf9dfbb3d6d9240f335d5f56cbd17c97c6e69,2013-05,Bedfordshire Police,Bedfordshire Police,-0.446715,51.884888,On or near FINWAY,E01015724,Luton 019A,Suspect charged
cd3e2a9a17f56c3c052259138bb2eefe0cc205499cc6dc8491af96b26a3f021f,2013-05,Bedfordshire Police,Bedfordshire Police,-0.428307,51.880238,On or near LYNDHURST ROAD,E01015729,Luton 019C,Investigation complete; no suspect identified
3fa099452d627b2130917da1cbe5b6bbe86c1e967b75403a6d3a88b9ff7f7161,2013-05,Bedfordshire Police,Bedfordshire Police,-0.520266,51.887086,On or near Nightclub,E01017568,Central Bedfordshire 029C,Investigation complete; no suspect identified
ebd1a36ce6b0ca3c8043c96497fa6eeae0ebb0f60f6ff8fc2023e786647b44bb,2013-05,Bedfordshire Police,Bedfordshire Police,-0.657057,51.911484,On or near GROVEBURY PLACE ESTATE,E01017575,Central Bedfordshire 024C,Investigation complete; no suspect identified
08845e6912fddf462ce657feaded0ebbe5538b85a66d7aeee66d50972275a1c4,2013-05,Bedfordshire Police,Bedfordshire Police,-0.659716,51.927159,On or near Conference/Exhibition Centre,E01017606,Central Bedfordshire 020D,Investigation complete; no suspect identified
bd048c0114caeaf31debf8053c152a96fc53454b3b7dfbc2f40eb6b3e55b719b,2013-05,Bedfordshire Police,Bedfordshire Police,-0.512943,51.911747,On or near Police Station,E01017619,Central Bedfordshire 025E,Suspect charged
efa384e2fdc0b609dba7c62c417b70d688027afac30c62196aebdde060068f64,2013-05,Bedfordshire Police,Bedfordshire Police,-0.388735,51.882580,On or near HARROWDEN ROAD,E01015723,Luton 016C,Investigation complete; no suspect identified
e7dfa27580608921060f964a3a3381d786afa7f7eff37b0f172f684b6f50d698,2013-05,Bedfordshire Police,Bedfordshire Police,-0.409847,51.871034,On or near STRATHMORE AVENUE,E01015790,Luton 021B,Investigation complete; no suspect identified
43d2435efe8bb7970358f035b158f76ff72aefa9018670191ce6d29f3f942720,2013-05,Bedfordshire Police,Bedfordshire Police,-0.446665,52.141315,On or near SALCOMBE CLOSE,E01017483,Bedford 009B,Investigation complete; no suspect identified
fd85a4043388492d7934854dc69c563cd9465c1213fe4c2625ba08a8285c40ce,2013-05,Bedfordshire Police,Bedfordshire Police,-0.593152,52.076736,On or near GADSDEN CLOSE,E01017394,Central Bedfordshire 007C,Investigation complete; no suspect identified
9dd4ecf0b1e81ce837af24594aec50a7b0a062d843b3f38b1907109f65225ec4,2013-05,Bedfordshire Police,Bedfordshire Police,-0.469508,52.135707,On or near Parking Area,E01017466,Bedford 012A,Suspect charged
79bf8307700fb6759be785487406e3dd2be19e4b2c252a601749168e93f9920d,2013-05,Bedfordshire Police,Bedfordshire Police,-0.458245,52.128861,On or near FENLAKE ROAD,E01017522,Bedford 014E,Investigation complete; no suspect identified
842f1bf8bbd8bfe8539a2bbd4e9fe233ffa5e8d1a9ed48ffb2d2c84c26d1dc18,2013-05,Bedfordshire Police,Bedfordshire Police,-0.382877,51.880216,On or near PERCIVAL WAY,E01015811,Luton 014G,Investigation complete; no suspect identified
a9124ac7277cdea42b578904fbd1fa635377b70efa5c31870f88c0a7aecaaacc,2013-05,Bedfordshire Police,Bedfordshire Police,-0.163541,52.114263,On or near ALEXANDER ROAD,E01017426,Central Bedfordshire 003B,Investigation complete; no suspect identified
781ddacefc21f36249fbc7e3a6ce604b2c9e2462083dc9629a9b730d997f41f6,2013-05,Bedfordshire Police,Bedfordshire Police,-0.458641,52.162269,On or near BURE CLOSE,E01017454,Bedford 005B,Investigation complete; no suspect identified
bddd88e926c2986f11b99a84aace40074b21751bc6bbddbf2f16b5517f77c0e0,2013-05,Bedfordshire Police,Bedfordshire Police,-0.469508,52.135707,On or near Parking Area,E01017466,Bedford 012A,Suspect charged
93962130855c74666779b51337f6a3290da252e11d0dd7559449127d13332f10,2013-05,Bedfordshire Police,Bedfordshire Police,-0.466075,52.138251,On or near Nightclub,E01017469,Bedford 012D,Suspect charged
401f46176b9b31784ec6c4a3d1747fa1a6b96e29751f768fe60480772c27aa0d,2013-05,Bedfordshire Police,Bedfordshire Police,-0.461515,52.135719,On or near ALBANY ROAD,E01017469,Bedford 012D,Investigation complete; no suspect identified
d7891d2d6abbf8ca3d70f3683ea5f392fcded246654c5f486552fbb5b69b52c7,2013-05,Bedfordshire Police,Bedfordshire Police,-0.471730,52.128848,On or near Hospital,E01017473,Bedford 015B,Suspect charged
bdd14c2ca5cd497190fed7035dc477ebe652f1a3a4a1706b79e8de75a8ef25d0,2013-05,Bedfordshire Police,Bedfordshire Police,-0.451203,52.129713,On or near Supermarket,E01017519,Bedford 014B,Investigation complete; no suspect identified
025a37bc961f62e37e8e312108184be06f27be134494055238e4ba61e29acdfa,2013-05,Bedfordshire Police,Bedfordshire Police,-0.528595,51.891470,On or near HIGH STREET NORTH,E01017568,Central Bedfordshire 029C,Investigation complete; no suspect identified
7f7e7d4396d63c385b4548e6a5660f8f9507ac9cc823b44cda9c6efcaf34cfa4,2013-05,Bedfordshire Police,Bedfordshire Police,-0.496052,51.897290,On or near BRAINTREE CLOSE,E01015761,Luton 009F,Investigation complete; no suspect identified
6590f7eccefadf849d6c1ddbad2b671cc6110626bd4774eb04f28b36867650e5,2013-05,Bedfordshire Police,Bedfordshire Police,-0.378273,51.893901,On or near HANDCROSS ROAD,E01015809,Luton 014E,Investigation complete; no suspect identified
4bf1cbcf0c8b15dda009f0b40f1d6c03ad8089348a3404cc529d172947107bdd,2013-05,Bedfordshire Police,Bedfordshire Police,-0.462993,52.212452,On or near Park/Open Space,E01017478,Bedford 003A,Investigation complete; no suspect identified
55bc9a316b9f2b9a3a726930e62b564f7da20fa3d0cbaa825d810929a23090e9,2013-05,Bedfordshire Police,Bedfordshire Police,-0.407364,51.882914,On or near CRESCENT RISE,E01015743,Luton 018D,Investigation complete; no suspect identified
80860160eb53c988eef0ffa7a927122d93a5a8d226bb071e94e3d871014f58ad,2013-05,Bedfordshire Police,Bedfordshire Police,-0.495399,51.897246,On or near AMHURST ROAD,E01015761,Luton 009F,Investigation complete; no suspect identified
21ca274a8c58057b1c561a572dc3ab0a53c77f83cc461c2de63cc60551e1b1a8,2013-05,Bedfordshire Police,Bedfordshire Police,-0.261394,52.012856,On or near LYNTON AVENUE,E01017378,Central Bedfordshire 010C,Investigation complete; no suspect identified
4b0f9eb8f25516e0f32925dd3003e23c54146ea69f408dd9d57ce233f7dee5e0,2013-05,Bedfordshire Police,Bedfordshire Police,-0.283955,52.126148,On or near ONGLEY COURT,E01017431,Central Bedfordshire 002B,Investigation complete; no suspect identified
3f22599d5d27ddb51bd03e83bd8d9d737fc03645498b12e2ad9aac762035eb5c,2013-05,Bedfordshire Police,Bedfordshire Police,-0.472533,52.133983,On or near POULTER CLOSE,E01017466,Bedford 012A,Investigation complete; no suspect identified
3d7cb09474e0ebd078073e3758a3a892658bd6afc3c15cd3ae9872f89dfe6725,2013-05,Bedfordshire Police,Bedfordshire Police,-0.466621,52.124466,On or near HAYNES ROAD,E01017472,Bedford 015A,Investigation complete; no suspect identified
98d0223f16893523dc0c57875e74cd11c9fd40a640f57c3b717a01a7f3966c0b,2013-05,Bedfordshire Police,Bedfordshire Police,-0.459983,52.117870,On or near CORBY CLOSE,E01017477,Bedford 015F,Investigation complete; no suspect identified
35c08ac8fe0ed9245660b34a2ff0aace1a51cbbf6906501b314f0502f18266cf,2013-05,Bedfordshire Police,Bedfordshire Police,-0.437587,52.133463,On or near MAIA CLOSE,E01017524,Bedford 011A,Suspect charged
e914e10ee8076992dd0352541cb9989eb819b983f4da8dfd78c2c9874c0a6cf8,2013-05,Bedfordshire Police,Bedfordshire Police,-0.487017,52.138180,On or near CUTCLIFFE PLACE,E01017535,Bedford 013A,Investigation complete; no suspect identified
9404580bd55f333b129d56d2f3ce03a7963b0d272a20f965d2bf4edd24c9f697,2013-05,Bedfordshire Police,Bedfordshire Police,-0.507716,51.887404,On or near LUTON ROAD,E01017584,Central Bedfordshire 027C,Investigation complete; no suspect identified
7bca19c60658254de4f6ee779827d676869c9b67112fd95b416986a95f4c6487,2013-05,Bedfordshire Police,Bedfordshire Police,-0.393007,51.890290,On or near HARTSFIELD ROAD,E01015779,Luton 016D,Investigation complete; no suspect identified
6eb3568c9204245180131e72f370196c72386933d88ed392c13567581ae8cf3b,2013-05,Bedfordshire Police,Bedfordshire Police,-0.473421,51.907609,On or near BRICKLY ROAD,E01015754,Luton 005E,Investigation complete; no suspect identified
ac8c69d00b867342d8a4213f7d4efc59c620875b60f2e17675ad98a4fa72c5d5,2013-05,Bedfordshire Police,Bedfordshire Police,-0.453655,51.893926,On or near CHESTER CLOSE,E01015711,Luton 011A,Investigation complete; no suspect identified
0b4e2466f21493041a350185b271e7e3b26bc16dd8a84406456aadff8ca68c9f,2013-05,Bedfordshire Police,Bedfordshire Police,-0.452193,51.910676,On or near BRAMINGHAM ROAD,E01015764,Luton 006A,Investigation complete; no suspect identified
8e0470d607caa0331dc8bfe1974de4c3a706750aaa3f1d63bcc1ed7776581823,2013-05,Bedfordshire Police,Bedfordshire Police,-0.455504,51.912069,On or near ARROW CLOSE,E01015772,Luton 003C,Investigation complete; no suspect identified
e3d5f60cdec367d714426947ecf1207e2dec49d034fe4dd4c119ca3e572bb5b5,2013-05,Bedfordshire Police,Bedfordshire Police,-0.486215,52.022955,On or near CHERRYTREE WAY,E01017372,Central Bedfordshire 012B,Investigation complete; no suspect identified
a08063c9be4437be2af15320fe2ba276a31f6b02f2ddc50093d51845574dd4b0,2013-05,Bedfordshire Police,Bedfordshire Police,-0.542859,52.071170,On or near Pedestrian Subway,E01017417,Central Bedfordshire 009B,Investigation complete; no suspect identified
af79d909f0efe353324a5bfe8b5442a17f8d521e00788b4dd498cb38b01d8d48,2013-05,Bedfordshire Police,Bedfordshire Police,-0.473690,52.133918,On or near PREBEND STREET,E01017466,Bedford 012A,Investigation complete; no suspect identified
3f14567457df33595c32343b56acdcc3efb10d06be1dd8e0f0636ea22c4ca774,2013-05,Bedfordshire Police,Bedfordshire Police,-0.414334,52.118451,On or near CHURCH LANE,E01017486,Bedford 019A,Investigation complete; no suspect identified
3ef8c79800330d70b56791a9e416b5c4213c02a292d25f87b06a59be20d45fa2,2013-05,Bedfordshire Police,Bedfordshire Police,-0.485835,52.136825,On or near WINIFRED ROAD,E01017539,Bedford 013E,Investigation complete; no suspect identified
0120bbc06c9595a9fdc5fd39a3613aa1885204ac6067d92a84116163a53d69bf,2013-05,Bedfordshire Police,Bedfordshire Police,-0.505269,51.907298,On or near BRIDGEMAN DRIVE,E01017580,Central Bedfordshire 026C,Investigation complete; no suspect identified
3220d61c7cac25ec07b84379afb2553652d18792bc9762fb163e74da651572cc,2013-05,Bedfordshire Police,Bedfordshire Police,-0.543919,51.886733,On or near WEATHERBY,E01017597,Central Bedfordshire 028D,Investigation complete; no suspect identified
8e1f88317b69e2c2e741e5508d06648555943bc51206215342fbededa30f8003,2013-05,Bedfordshire Police,Bedfordshire Police,-0.509270,51.911584,On or near ELM PARK CLOSE,E01017601,Central Bedfordshire 025B,Investigation complete; no suspect identified
d5ed5e79dc18930acdbdf9a28675b90a47bc5d5792cfb29016a6ae2364e2c4b7,2013-05,Bedfordshire Police,Bedfordshire Police,-0.468532,51.902618,On or near ORCHARD WAY,E01015751,Luton 005B,Investigation complete; no suspect identified
3975c5c7e28bf667c9ab830816c782652e12f7e4f653bf556fd6c0079f217fb4,2013-05,Bedfordshire Police,Bedfordshire Police,-0.467729,51.909989,On or near STONEWAYS CLOSE,E01015754,Luton 005E,Investigation complete; no suspect identified
84ebc7b10fa8f33b7e9d3e09ce28550cec8eebdfa141b89da26b9ec30c0cdd1f,2013-05,Bedfordshire Police,Bedfordshire Police,-0.413036,51.871616,On or near BAKER STREET,E01015792,Luton 021D,Investigation complete; no suspect identified
1b140e650aa03a9b885d571427c2deddaaf25921c6e01320da415b54f1de4c0f,2013-05,Bedfordshire Police,Bedfordshire Police,-0.504593,52.002438,On or near GREBE CLOSE,E01017407,Central Bedfordshire 016E,Investigation complete; no suspect identified
62ecd8bcad4a99d0d210af9936d2317e27f40a2d6921546750fb060b5b98c5c7,2013-05,Bedfordshire Police,Bedfordshire Police,-0.470832,52.135436,On or near Parking Area,E01017466,Bedford 012A,Suspect charged
6c99db3a8e21f00b20760787bbfc9bc26014c8ae58a6a3b5f2ad263913febdb5,2013-05,Bedfordshire Police,Bedfordshire Police,-0.467709,52.130639,On or near MELBOURNE STREET,E01017473,Bedford 015B,Suspect charged
8d077289e1d5034b3ba62102e080667f5e0540a3fe56a225c6dd7f7757599070,2013-05,Bedfordshire Police,Bedfordshire Police,-0.427362,52.153297,On or near Parking Area,E01017492,Bedford 007E,Investigation complete; no suspect identified
353ad1b7232ec48c7b92d6d57ce69b21ba18ab24c9c3b78dd65b948de6c6fd34,2013-05,Bedfordshire Police,Bedfordshire Police,-0.427362,52.153297,On or near Parking Area,E01017492,Bedford 007E,Investigation complete; no suspect identified
9fd541a9c788cf15eb491e2afa4772b7015652bf2e5bb8e8fa9de0af01191981,2013-05,Bedfordshire Police,Bedfordshire Police,-0.468254,52.139476,On or near BALSALL STREET EAST,E01017502,Bedford 010F,Investigation complete; no suspect identified
a98933fedcaa677c753ff88bfd4ccb1443518e8e3131d5765e04c9d2dd849d0a,2013-05,Bedfordshire Police,Bedfordshire Police,-0.600886,52.268329,On or near HIGH STREET,E01017503,Bedford 002C,Investigation complete; no suspect identified
6875fb434b28ad611b44a2c0ef2119cca748938b34a10baaaa7a77e17687368c,2013-05,Bedfordshire Police,Bedfordshire Police,-0.487942,52.114743,On or near THE LARCHES,E01017513,Bedford 018A,Suspect charged
19f1de51db92b187b88d1cdfc52fbad4c4c90ec9c3eb210a52d9ed498d83de34,2013-05,Bedfordshire Police,Bedfordshire Police,-0.437587,52.133463,On or near MAIA CLOSE,E01017524,Bedford 011A,Investigation complete; no suspect identified
aa02932f219ac7fe4c346fd4bc0b0a8ebc1079ecb6d2aed58b1e007ef746d023,2013-05,Bedfordshire Police,Bedfordshire Police,-0.468371,51.903928,On or near MAYNE AVENUE,E01015751,Luton 005B,Suspect charged
793b8df8b4b98dd91cfc46fd92b84681271338ae48d2ede816b030d1c76098ce,2013-05,Bedfordshire Police,Bedfordshire Police,-0.453746,51.906084,On or near WILLOW WAY,E01015765,Luton 006B,Offender given a drugs possession warning
49f537e16e6988391519b33133b0e56a11d4d29f18f458acbc65e668f50a61bd,2013-05,Bedfordshire Police,Bedfordshire Police,-0.411084,51.873829,On or near SURREY STREET,E01015792,Luton 021D,Investigation complete; no suspect identified
2eb31010c35ac05e54adcb4658be6037f7f771025514b8fb2ccad4d38ed5ff01,2013-05,Bedfordshire Police,Bedfordshire Police,-0.419783,51.876806,On or near WINDSOR WALK,E01015795,Luton 021F,Investigation complete; no suspect identified
7536a33ecf91c57c9297938e44d5f1a114b1713d5a16f10ac82a14b23260d840,2013-05,Bedfordshire Police,Bedfordshire Police,-0.473275,52.136637,On or near PRIORY STREET,E01017466,Bedford 012A,Investigation complete; no suspect identified
f6ca177e38c43d9739fd16a5db8817b3b81fe80308803d598043793d86e7df75,2013-05,Bedfordshire Police,Bedfordshire Police,-0.471331,52.137510,On or near Bus/Coach Station,E01017471,Bedford 012F,Investigation complete; no suspect identified
7c1bfd63bbe7f16951cddd5d552f1254fbcc0e46cc9cbabb9469f47e191d173d,2013-05,Bedfordshire Police,Bedfordshire Police,-0.473474,52.126973,On or near VICTORIA ROAD,E01017473,Bedford 015B,Offender given a caution
1aec0c23da59464d9eb298eab01f29422d1b514d79096008b9322ea134c0fb5f,2013-05,Bedfordshire Police,Bedfordshire Police,-0.463331,52.117761,On or near BERKELEY ROAD,E01017477,Bedford 015F,Investigation complete; no suspect identified
83285fca3590975b4fae5d30ec97fd6bd2b112e703884c5700462b6631c59c6d,2013-05,Bedfordshire Police,Bedfordshire Police,-0.493977,52.118102,On or near TEMPSFORD STREET,E01017505,Bedford 017A,Local resolution
27b061eac1f4993d2103bf7305d4732315c5219423d699b7fbaed8ecd74893fd,2013-05,Bedfordshire Police,Bedfordshire Police,-0.661077,51.916601,On or near MARKET SQUARE,E01017555,Central Bedfordshire 021A,Investigation complete; no suspect identified
bce4dd0b2d4e78d309754abd67e9ef54779c53ffa12b66156b1e0d60726236ec,2013-05,Bedfordshire Police,Bedfordshire Police,-0.522952,51.886274,On or near Parking Area,E01017568,Central Bedfordshire 029C,Investigation complete; no suspect identified
42f8bf393ca14f866690190409c737dde9b5d0a4a941d091fa1a56ffed4eb0db,2013-05,Bedfordshire Police,Bedfordshire Police,-0.504334,51.874602,On or near LONDON ROAD,E01017624,Central Bedfordshire 031B,Investigation complete; no suspect identified
72fd2f873575c230015ac27f3a5e52774eb8640b24d08e425852c74c5d403d54,2013-05,Bedfordshire Police,Bedfordshire Police,-0.427066,51.919946,On or near LANCASTER AVENUE,E01015746,Luton 004B,Local resolution
1723ceb5de3ef378107123dd71acd78bf9a1c42587b4f64aaf5ff606278adab1,2013-05,Bedfordshire Police,Bedfordshire Police,-0.411705,51.875600,On or near LANGLEY STREET,E01015791,Luton 021C,Suspect charged
b14b02411b1725a85aa8ef09d452b497a59b034566ab6ce900fd0d1f4e6d24f8,2013-05,Bedfordshire Police,Bedfordshire Police,-0.442810,51.892335,On or near MAIDENHALL ROAD,E01015787,Luton 015D,Investigation complete; no suspect identified
127fccebc8925cbd5af70e443dd95f5ee0adfcff4663f8670ced61fb333222da,2013-05,Bedfordshire Police,Bedfordshire Police,-0.421460,51.877862,On or near BUXTON ROAD,E01015795,Luton 021F,Suspect charged
ee54a689e72041a23f36a179f8591d7931d13b5703a2a21f8c16f712c0586ee9,2013-05,Bedfordshire Police,Bedfordshire Police,-0.365363,51.890827,On or near CUTLERS GREEN,E01015810,Luton 014F,Investigation complete; no suspect identified
fc39484cbfb0ebdb5df771032dfb565e33bba9d6342faea7e3d8a2687ea6fd9a,2013-05,Bedfordshire Police,Bedfordshire Police,-0.475755,52.024106,On or near FLITWICK ROAD,E01017420,Central Bedfordshire 008D,Investigation complete; no suspect identified
1aee3046f236bda216ebd67fbd364438aea48a369acc1b12591a86741c2830d4,2013-05,Bedfordshire Police,Bedfordshire Police,-0.468480,52.126486,On or near OSSORY WAY,E01017474,Bedford 015C,Suspect charged
1b3178d4640935c6e40e01ae87d2f2db244f72b278dbc92fd4ced5108248db11,2013-05,Bedfordshire Police,Bedfordshire Police,-0.426711,52.152703,On or near CARRICK ROAD,E01017492,Bedford 007E,Offender given a caution
a0ba1575be9b3292664c4d58d2b2e1726c68155eb7668a74368e5d60a7d64987,2013-05,Bedfordshire Police,Bedfordshire Police,-0.488645,52.134110,On or near ALLEN CLOSE,E01017535,Bedford 013A,Suspect charged
c3d4b52d584a1a92393841d7f6ff4951e5dd31767d6ec82796142165e7aa0a00,2013-05,Bedfordshire Police,Bedfordshire Police,-0.449231,52.077088,On or near LUTON ROAD,E01017549,Bedford 019D,Offender given a caution
d88a0af4a617e3ea0d889d6c42a7cd9c5b7f308a5280e337f68d5933e9e03215,2013-05,Bedfordshire Police,Bedfordshire Police,-0.534003,51.851642,On or near B4540,E01017587,Central Bedfordshire 032D,Investigation complete; no suspect identified
9807a6a3e19cb2936df15a61db794ab418374e54e3e98b505ec970065ce6c29f,2013-05,Bedfordshire Police,Bedfordshire Police,-0.435305,51.923473,On or near EDGCOTT CLOSE,E01015708,Luton 001C,Investigation complete; no suspect identified
21b67891e05c28a6ac73b8e23d581f63795b21106ed1b9ae4f248865d401d38c,2013-05,Bedfordshire Police,Bedfordshire Police,-0.483799,52.133976,On or near IDDESLEIGH ROAD,E01017536,Bedford 013B,Investigation complete; no suspect identified
c74ca3b9f4ca552eb6d07e56466f01e70f6db558a9a63f31db5b6c17f1c9964c,2013-05,Bedfordshire Police,Bedfordshire Police,-0.451631,51.916442,On or near BURNT CLOSE,E01015769,Luton 003A,Investigation complete; no suspect identified
869ae347a633d68f58ad81ec68f764962080b843918152cffa7eba8ff968a3af,2013-05,Bedfordshire Police,Bedfordshire Police,-0.262010,52.023646,On or near CHASE CLOSE,E01017377,Central Bedfordshire 010B,Investigation complete; no suspect identified
6526a081fbeee6a0d615b03db2c60e384ad5e57d99b2920aa885196ee29064fb,2013-05,Bedfordshire Police,Bedfordshire Police,-0.262992,52.087438,On or near WELLS COURT,E01017385,Central Bedfordshire 005C,Investigation complete; no suspect identified
473174496ff23cef8f8e9653bdd2aa26ec96c08a4f91cf0f8eddcb07a3f777db,2013-05,Bedfordshire Police,Bedfordshire Police,-0.549755,52.060969,On or near THE GREEN,E01017418,Central Bedfordshire 009C,Investigation complete; no suspect identified
5ccb3dd34619ee47af066762c9cea5fe4c6494621952b02be80a13091cb364fe,2013-05,Bedfordshire Police,Bedfordshire Police,-0.293362,52.136121,On or near ENGAYNE AVENUE,E01017433,Central Bedfordshire 001A,Investigation complete; no suspect identified
7c075b98e0af74df889871d94aa2aef3c11057993e5d358ae110bbf4a1171efd,2013-05,Bedfordshire Police,Bedfordshire Police,-0.474853,52.128529,On or near KEMPSTON ROAD,E01017473,Bedford 015B,Investigation complete; no suspect identified
cbabe6fb14434480191ae828008cdbffc99e8ef12cbeb12b9783dcd5bc4d5d84,2013-05,Bedfordshire Police,Bedfordshire Police,-0.624112,52.254171,On or near GOLD STREET,E01017503,Bedford 002C,Investigation complete; no suspect identified
26e103377bf6d77aa679eba968c0c9bcd751efd2ed323da67f4ba8c76db89f97,2013-05,Bedfordshire Police,Bedfordshire Police,-0.427146,52.142441,On or near CHAPEL CLOSE,E01017527,Bedford 011D,Investigation complete; no suspect identified
6d5cbe9451ff5537389f17ac455d1f621b59ad2dff9162952f466099a8334542,2013-05,Bedfordshire Police,Bedfordshire Police,-0.467375,52.259074,On or near Petrol Station,E01017541,Bedford 001B,Investigation complete; no suspect identified
0ff8e1cebccf228535a4bff1b3d0602f4d567d6a8637ba23adf29039f3708cb2,2013-05,Bedfordshire Police,Bedfordshire Police,-0.513066,51.908907,On or near HAMMERSMITH CLOSE,E01017602,Central Bedfordshire 025C,Investigation complete; no suspect identified
a6591b67149d6b2fc7e55321830f4ac0e1505e632b0815534c4dbe74ade1fdaa,2013-05,Bedfordshire Police,Bedfordshire Police,-0.415264,51.885934,On or near MUSSONS PATH,E01015739,Luton 018A,Investigation complete; no suspect identified
cc5728ff5bdf989e533f3eb1f539acb7c2fa3d4d89a3d1ed81408f84b9110844,2013-05,Bedfordshire Police,Bedfordshire Police,-0.474010,51.905252,On or near THORNTONDALE,E01015749,Luton 005A,Investigation complete; no suspect identified
13cdb369b2cff1197222e32fa9c00938754415f660c631c7c95ce2ffee3c63ff,2013-05,Bedfordshire Police,Bedfordshire Police,-0.488367,52.130654,On or near HONEY HILL ROAD,E01017538,Bedford 013D,Investigation complete; no suspect identified
7aa4ee31ff77a91b57fc9e24e27530a4610fe005af45573c68468d221759b283,2013-05,Bedfordshire Police,Bedfordshire Police,-0.416859,51.878178,On or near GEORGE STREET WEST,E01015791,Luton 021C,Suspect charged
abfa09d6de4db27a72bd731d946d1cd0006ddb01df80b9dbd2542d4ffff76265,2013-05,Bedfordshire Police,Bedfordshire Police,-0.413942,51.878903,On or near Shopping Area,E01015794,Luton 018F,Investigation complete; no suspect identified
7294991e09b178afd0845f62c088909a00c0caf4d6f71afe83630b972c335905,2013-05,Bedfordshire Police,Bedfordshire Police,-0.423121,51.876904,On or near WESTERN ROAD,E01015795,Luton 021F,Investigation complete; no suspect identified
f5e2f0eb4e14a6ec22e588be46f7c42f23219246576a5d096337b599ad838978,2013-05,Bedfordshire Police,Bedfordshire Police,-0.469781,52.137140,On or near Shopping Area,E01017466,Bedford 012A,Suspect charged
99038d49d74d957a4e967815e9c4b63b139133bc4e4e88760687ed5452887171,2013-05,Bedfordshire Police,Bedfordshire Police,-0.465617,52.129029,On or near ST LEONARD'S STREET,E01017473,Bedford 015B,Investigation complete; no suspect identified
29a65d244b17c4bd60101980dbedffaa791bffac3386c40fc2ff0504247dc24a,2013-05,Bedfordshire Police,Bedfordshire Police,-0.432641,52.145338,On or near CRICKET LANE,E01017491,Bedford 007D,Investigation complete; no suspect identified
d9e1cebbcc723787c3ed006ddfb49f579fad1fff14b0ce358b2c2bf974a80e2b,2013-05,Bedfordshire Police,Bedfordshire Police,-0.468473,52.138633,On or near DAME ALICE STREET,E01017502,Bedford 010F,Investigation complete; no suspect identified
6496794732fb1b5f4d6a5b21e7b4f2b793721c7a51d2a631a48f66815a7896fa,2013-05,Bedfordshire Police,Bedfordshire Police,-0.489995,52.111020,On or near CHANTRY AVENUE,E01017516,Bedford 018D,Suspect charged
e182fbf4a4d9aac9c1968036289077b2ebcbb13698590a8dd33673509aac3f99,2013-05,Bedfordshire Police,Bedfordshire Police,-0.452673,51.880219,On or near Parking Area,E01017562,Central Bedfordshire 033B,Offender given a drugs possession warning
6da77f8e982616f20df27349e948d4444a80a1a3c87f2092e081d6a31b00f6e9,2013-05,Bedfordshire Police,Bedfordshire Police,-0.517499,51.882438,On or near STAINES SQUARE,E01017623,Central Bedfordshire 031A,Investigation complete; no suspect identified
cee5d569c6a5b344d5e544989a53f1e3bb95deb8e3ebf38879157645088c77e0,2013-05,Bedfordshire Police,Bedfordshire Police,-0.400869,51.882116,On or near WHITECROFT ROAD,E01015720,Luton 016B,Investigation complete; no suspect identified
b79759ec0ad3e08d3e0ab390317d6de17259e09bf20b47054983d2f58d39e1ef,2013-05,Bedfordshire Police,Bedfordshire Police,-0.401224,51.892155,On or near HITCHIN ROAD,E01015777,Luton 012D,Investigation complete; no suspect identified
d86221039f94b4a38c96d4449917064856749904f484f3c59d2311cb39bc19a7,2013-05,Bedfordshire Police,Bedfordshire Police,-0.378934,51.890475,On or near OVING CLOSE,E01015811,Luton 014G,Investigation complete; no suspect identified
7046063ebbcde5d486f11cae22662cc02ce6061592913dbc140a3c3821f2b354,2013-05,Bedfordshire Police,Bedfordshire Police,-0.497509,51.982521,On or near SANDERSON ROAD,E01017450,Central Bedfordshire 017E,Investigation complete; no suspect identified
1cec2d2fd83965b6597bc00c517d0096d453257bdb097936c613184229e55860,2013-05,Bedfordshire Police,Bedfordshire Police,-0.467107,52.139667,On or near THE BROADWAY,E01017484,Bedford 009C,Suspect charged
27e03c2b131bd1297fed9b315743f37ac18785ed82fef48feb4feb3a32e5c5eb,2013-05,Bedfordshire Police,Bedfordshire Police,-0.482344,52.141537,On or near CHAUCER ROAD,E01017499,Bedford 010C,Investigation complete; no suspect identified
6a218063f1e186a1da1fe632e5addc80da269138e6a44ef69b6c8cbcdfea76ef,2013-05,Bedfordshire Police,Bedfordshire Police,-0.463623,52.113961,On or near TITCHFIELD DRIVE,E01017550,Bedford 019E,Investigation complete; no suspect identified
77edfa61a5fc4f0007d284ce9cfde4aca4c9306cd8692ab91955ed6ea16697ea,2013-05,Bedfordshire Police,Bedfordshire Police,-0.586067,51.932277,On or near WOBURN ROAD,E01017577,Central Bedfordshire 019A,Investigation complete; no suspect identified
64203eba61479e0d3d7ece8a3ecbaa51cc32cb374fa2750046ebec19f4f24e46,2013-05,Bedfordshire Police,Bedfordshire Police,-0.646697,51.926776,On or near VANDYKE ROAD,E01017606,Central Bedfordshire 020D,Local resolution
407d9a6e365ddaa09621551e09d8cdab160cffabbe1d126cd55ec34b81beb16c,2013-05,Bedfordshire Police,Bedfordshire Police,-0.652312,51.927209,On or near BLENHEIM ROAD,E01017609,Central Bedfordshire 021E,Investigation complete; no suspect identified
1ae1deb54d4cf9807d10f517e6e9c8d0890f765639048d3c5a39f5f329b004ff,2013-05,Bedfordshire Police,Bedfordshire Police,-0.446724,51.918742,On or near BROMPTON CLOSE,E01015770,Luton 001F,Investigation complete; no suspect identified
5ce50bbddd4ab9d42217f583f7b78173137060891d5b1bc15d0cbf375554d902,2013-05,Bedfordshire Police,Bedfordshire Police,-0.417202,51.879154,On or near Shopping Area,E01015794,Luton 018F,Investigation complete; no suspect identified
d315f834a67ff7c8b73a95c5ebe2750e53547d5ac5c2af437531dae9d774c17f,2013-05,Bedfordshire Police,Bedfordshire Police,-0.431130,52.143825,On or near GOLDINGTON GREEN,E01017491,Bedford 007D,Investigation complete; no suspect identified
af112aaa45bc212fb97a463f6cae4d3842bc9d198f3d314f034deb48da29ac33,2013-05,Bedfordshire Police,Bedfordshire Police,-0.641594,52.266044,On or near IRCHESTER ROAD,E01017503,Bedford 002C,Investigation complete; no suspect identified
f94d923954557dad9a2c068c2e26adaecbf53996d5a42d8e8bb4f5d2e994bd16,2013-05,Bedfordshire Police,Bedfordshire Police,-0.410028,51.876189,On or near PARK VIADUCT,E01015789,Luton 018E,Investigation complete; no suspect identified
270bd2244731f03465a40601a75d37196c7977c7305dbc1c0ac0cf64f2b45b1c,2013-05,Bedfordshire Police,Bedfordshire Police,-0.411794,51.881733,On or near Parking Area,E01015794,Luton 018F,Offender given a caution
6086e125199219a4f9a90b096ae8d886d9a18295ca34bbaa672d1d2def6450bf,2013-05,Bedfordshire Police,Bedfordshire Police,-0.419783,51.876806,On or near WINDSOR WALK,E01015795,Luton 021F,Offender given a caution
008bc2a83b172a1cd845537dd071aac78a2ce4aea8df949b5e8500216000b7cf,2013-05,Bedfordshire Police,Bedfordshire Police,-0.360978,51.888311,On or near MALTHOUSE GREEN,E01015810,Luton 014F,Investigation complete; no suspect identified
36596cc8d3009f654b9535b549d8829df74f7a61443d496cc18557a7790015a1,2013-05,Bedfordshire Police,Bedfordshire Police,-0.299481,52.132002,On or near BRAYBROOK,E01017430,Central Bedfordshire 002A,Local resolution
ed248d27c8d44eab72cf38da76e15ef28562b9640d34b503a4d2b6074b90314a,2013-05,Bedfordshire Police,Bedfordshire Police,-0.459234,52.145086,On or near ST MICHAEL'S ROAD,E01017482,Bedford 009A,Offender given a drugs possession warning
939d65c47a8949b434848ef4933c22a59f6de73bbf25ca4a4faf6a283b47100d,2013-05,Bedfordshire Police,Bedfordshire Police,-0.432923,52.121056,On or near CAMBRIDGE ROAD,E01017486,Bedford 019A,Investigation complete; no suspect identified
63109608ef3ca1a45034bd82b1c55aa83d0dee2d4ee37a1b8f0ad13eca228fc7,2013-05,Bedfordshire Police,Bedfordshire Police,-0.438486,52.119026,On or near HERBRAND ROAD,E01017520,Bedford 014C,Investigation complete; no suspect identified
d4b67abc9ed2290bbc49b80d6adc2e50dfd52b9fff7db5843c71ee6436958e3e,2013-05,Bedfordshire Police,Bedfordshire Police,-0.567271,52.131711,On or near CHURCH LANE,E01017547,Bedford 002F,Investigation complete; no suspect identified
b370ca2c29e83c088288c7cb118b752449d8767d2953ed3402689cf3592b85f6,2013-05,Bedfordshire Police,Bedfordshire Police,-0.466975,52.115434,On or near BUNYANS MEAD,E01017550,Bedford 019E,Investigation complete; no suspect identified
176162a784b014f14010d56b65b7cb7a05ac5700627e79614bf6da430d9b4f7b,2013-05,Bedfordshire Police,Bedfordshire Police,-0.456026,51.890046,On or near CHAUL END LANE,E01015731,Luton 015C,Investigation complete; no suspect identified
fc7524b810ec95079368d2c3c7612927202c730662a5f32d6d3949fbb8bafd94,2013-05,Bedfordshire Police,Bedfordshire Police,-0.663068,51.916156,On or near HIGH STREET,E01017555,Central Bedfordshire 021A,Investigation complete; no suspect identified
00268c9ad8e503bd30e596c21454487c37c970ad2b481ff7dbc437fc8ac2eaeb,2013-05,Bedfordshire Police,Bedfordshire Police,-0.493755,51.902952,On or near RADNOR ROAD,E01015759,Luton 009D,Investigation complete; no suspect identified
faf2db65950f83a2aa5f9070bd36ce13758eac387fff4e1a1fddcd6534d32909,2013-05,Bedfordshire Police,Bedfordshire Police,-0.458458,51.903062,On or near FILMER ROAD,E01015755,Luton 005F,Investigation complete; no suspect identified
444f91e546d56d26de6fd0f7d64ca3f885888ca67905cd904a4f0ef127a1579a,2013-05,Bedfordshire Police,Bedfordshire Police,-0.454506,51.916983,On or near VADIS CLOSE,E01015771,Luton 003B,Investigation complete; no suspect identified
21ddb95043d6cdb73c1ab281c0c5c6f4e9386c9bfeb7ebeadff19af2afb86131,2013-05,Bedfordshire Police,Bedfordshire Police,-0.429694,51.877972,On or near DOWNS ROAD,E01015795,Luton 021F,Investigation complete; no suspect identified
bed2c069b9f622910428f056368f06c8e4dd5328b21a04d7be999731d378d8b5,2013-05,Bedfordshire Police,Bedfordshire Police,-0.381076,51.900431,On or near WANDON CLOSE,E01015799,Luton 008C,Investigation complete; no suspect identified
cff5940f6b09dec77cb195fa31c2ad43d84462a0aee03858fc44e741ada5afcc,2013-05,Bedfordshire Police,Bedfordshire Police,-0.250844,52.085667,On or near EAGLE FARM ROAD,E01017390,Central Bedfordshire 006D,Local resolution
ace06818924eac61cd88cb66f693dc2f11c5470a33923779f6c8d3b66593932c,2013-05,Bedfordshire Police,Bedfordshire Police,-0.461657,52.165959,On or near THE WEAR,E01017453,Bedford 005A,Offender given a caution
dccaafc28ce5c48f5d884820e2027172e5ff96ccc0c48be4cf86c1098f52d5eb,2013-05,Bedfordshire Police,Bedfordshire Police,-0.459234,52.145086,On or near ST MICHAEL'S ROAD,E01017482,Bedford 009A,Investigation complete; no suspect identified
a5b5781f2156deb16ff65c533d70a4d5f2fdc63365f4de9923e9495e48756761,2013-05,Bedfordshire Police,Bedfordshire Police,-0.424695,52.146868,On or near THE SPINNEY,E01017490,Bedford 007C,Offender given a drugs possession warning
488fbae38596b6d9ffb55fc74f261baa621918be789631f49a50fc5fde909706,2013-05,Bedfordshire Police,Bedfordshire Police,-0.491604,52.133456,On or near CHESTER ROAD,E01017537,Bedford 013C,Investigation complete; no suspect identified
d1fe702ddd73774a43b531b39a9da45659e389893a4a3071df1dc358c53f3f2b,2013-05,Bedfordshire Police,Bedfordshire Police,-0.659876,51.915930,On or near LAKE STREET,E01017555,Central Bedfordshire 021A,Investigation complete; no suspect identified
c66d988bd278cac8798dae555533314207e277ebf285638b5b71f931757c3963,2013-05,Bedfordshire Police,Bedfordshire Police,-0.535432,51.888121,On or near LORING ROAD,E01017597,Central Bedfordshire 028D,Offender given a drugs possession warning
abcc904b3485c5351af9ec4a888960215a104cf5b091d6fb677b9e3260a5c1de,2013-05,Bedfordshire Police,Bedfordshire Police,-0.449842,51.889443,On or near CONNAUGHT ROAD,E01015731,Luton 015C,Investigation complete; no suspect identified
572561f9e472c24f20dc56b9d0d5761cc19718810ead5ea976fd9e66be49443e,2013-05,Bedfordshire Police,Bedfordshire Police,-0.446723,51.879178,On or near HIGH WOOD CLOSE,E01015733,Luton 020B,Investigation complete; no suspect identified
a9092f562c8c6082025eafff8f3d3342d7831b4b84625f124b93b97ebff7a3a0,2013-05,Bedfordshire Police,Bedfordshire Police,-0.458870,51.923298,On or near PETERSFIELD GARDENS,E01015774,Luton 003E,Investigation complete; no suspect identified
16748fd5395fc00e679260f540b98869414ea6ab8955b43b9d80f77944bd778e,2013-05,Bedfordshire Police,Bedfordshire Police,-0.392700,51.886680,On or near CRAWLEY GREEN ROAD,E01015780,Luton 016E,Investigation complete; no suspect identified
0e0bee6234985ad0302dc233d57aef65daa6b6f8751d0ca686673b25f4abec5d,2013-05,Bedfordshire Police,Bedfordshire Police,-0.457602,51.912366,On or near Pedestrian Subway,E01015801,Luton 002A,Investigation complete; no suspect identified
a4244b4582cc24196b95bfbed2fd11a5d58b4a17caf692ecbc001d7a1496252b,2013-05,Bedfordshire Police,Bedfordshire Police,-0.257559,52.024543,On or near THE HERMITAGE,E01017377,Central Bedfordshire 010B,Investigation complete; no suspect identified
57f64d12bb756c4b5299818319356a626530a257661b717d5a4886d2ec8421b5,2013-05,Bedfordshire Police,Bedfordshire Police,-0.494817,52.003329,On or near THE AVENUE,E01017405,Central Bedfordshire 016C,Investigation complete; no suspect identified
4e0a96fbde74a9d5040644e92c3d5e5b6561e309e6086fdc59bf60a4df49c3db,2013-05,Bedfordshire Police,Bedfordshire Police,-0.285730,52.129384,On or near CAMBRIDGE ROAD,E01017435,Central Bedfordshire 002D,Investigation complete; no suspect identified
21dddf5a5d77c14f3359a740c68e9e5240d85c8a0c774c396ce7ded429ddff62,2013-05,Bedfordshire Police,Bedfordshire Police,-0.470501,52.126342,On or near RIDGMOUNT STREET,E01017474,Bedford 015C,Investigation complete; no suspect identified
35a887e1c9d27549efefc6e8b992080920ea565d41db6d45d1d4fa0cce1bcafc,2013-05,Bedfordshire Police,Bedfordshire Police,-0.486712,52.121291,On or near LITTLEDALE STREET,E01017508,Bedford 017D,Investigation complete; no suspect identified
143a5d245c010561e78c84524c27afb930d3c4ceda0936621ecc44367c2c58b3,2013-05,Bedfordshire Police,Bedfordshire Police,-0.507321,52.069278,On or near THE MEADOWS,E01017552,Bedford 020B,Investigation complete; no suspect identified
2bd1353de0d15e0f19c83d16bc35db3628e9fcdf26bac0036b68f0ee2fb8a34c,2013-05,Bedfordshire Police,Bedfordshire Police,-0.537321,51.888558,On or near ASHCROFT,E01017596,Central Bedfordshire 028C,Investigation complete; no suspect identified
8e5e3215743265233a4b4a223f5812c59491320de57d381a2f91d4242e2290d1,2013-05,Bedfordshire Police,Bedfordshire Police,-0.455462,51.900145,On or near WICKSTEAD AVENUE,E01015750,Luton 011F,Investigation complete; no suspect identified
bd28afabd73fce577f84923d62090a76860b3cf96ee4f079e3b7698b66178e14,2013-05,Bedfordshire Police,Bedfordshire Police,-0.454289,51.904266,On or near MOSTYN ROAD,E01015765,Luton 006B,Suspect charged
fa743de245da78af4ea82ac212236c24137fb5be945c70668356b5d1da1c7e03,2013-05,Bedfordshire Police,Bedfordshire Police,-0.382877,51.880216,On or near PERCIVAL WAY,E01015811,Luton 014G,Investigation complete; no suspect identified
eda6e89ed9196e96c5cdca9521e6411f2546dc70a9ac42f716d766e620e69099,2013-05,Bedfordshire Police,Bedfordshire Police,-0.456486,51.991495,On or near STANLEY CLOSE,E01017398,Central Bedfordshire 017A,Investigation complete; no suspect identified
972452d18d1fc5908d782f747743d6ad924caa0abf8850144296a6adc139c19c,2013-05,Bedfordshire Police,Bedfordshire Police,-0.298170,52.128062,On or near BEDFORD ROAD,E01017431,Central Bedfordshire 002B,Offender given a caution
535fe7acb66be09e63c578a47adbc8120ef0277bbab65f9f761cd8097a3e7ae0,2013-05,Bedfordshire Police,Bedfordshire Police,-0.465555,52.137633,On or near HOWARD STREET,E01017469,Bedford 012D,Investigation complete; no suspect identified
6a52dc57377d5cb3ee98fde1e522f37203d49ad686b0622ff1d77409e9a4d703,2013-05,Bedfordshire Police,Bedfordshire Police,-0.492289,52.160321,On or near PRESERVINE WALK,E01017479,Bedford 003B,Suspect charged
2d639e281bf7a5dd6fe808aaa203a6d05c66f2711232f4a64c9128f30dd9f637,2013-05,Bedfordshire Police,Bedfordshire Police,-0.437833,52.139382,On or near WENDOVER DRIVE,E01017524,Bedford 011A,Investigation complete; no suspect identified
14ef73dc77dde06f0b5491126ee06e83c08e5fafaca7e1c54fff4fb6fdc569b0,2013-05,Bedfordshire Police,Bedfordshire Police,-0.520028,51.883288,On or near FRIARS WALK,E01017565,Central Bedfordshire 029A,Investigation complete; no suspect identified
4ae79149222a160011453e84fc1fc84ad9bad3d811e03db454f31164228cbdbc,2013-05,Bedfordshire Police,Bedfordshire Police,-0.507716,51.887404,On or near LUTON ROAD,E01017584,Central Bedfordshire 027C,Investigation complete; no suspect identified
9f3c3ff359a98dca0b6f386401b8ae24493a28410cfe5905b7a4476bdf454491,2013-05,Bedfordshire Police,Bedfordshire Police,-0.534352,51.890049,On or near MAIDENBOWER AVENUE,E01017596,Central Bedfordshire 028C,Investigation complete; no suspect identified
9432c2ba1ab8d8d54e8f09e2baa1a40a94ccea8a3ad2f2374593d5ec64935236,2013-05,Bedfordshire Police,Bedfordshire Police,-0.511158,51.914269,On or near HILLBOROUGH CRESCENT,E01017619,Central Bedfordshire 025E,Investigation complete; no suspect identified
f35ac4e028d347ba3f7078038039b213621060766bc6e75805b652698be72ae3,2013-05,Bedfordshire Police,Bedfordshire Police,-0.421107,51.916153,On or near CROMER WAY,E01015747,Luton 004C,Suspect charged
15ef4b20a92127a046c72b4ce215d5bddfe9a7bc2f83933d1586757e7d839b53,2013-05,Bedfordshire Police,Bedfordshire Police,-0.458437,51.906226,On or near Petrol Station,E01015765,Luton 006B,Investigation complete; no suspect identified
36e9971e565ba7080d874de70cd16a9c01d69bb333f531dd4544829aec533030,2013-05,Bedfordshire Police,Bedfordshire Police,-0.442651,51.900714,On or near BLUNDELL ROAD,E01015783,Luton 006F,Investigation complete; no suspect identified
18700e98055c5d3b0f966da41ed91d86998c2b80ca69c7ca763b76fba270a470,2013-05,Bedfordshire Police,Bedfordshire Police,-0.420495,51.880124,On or near ALMA LINK,E01015794,Luton 018F,Investigation complete; no suspect identified
32c48bef9562a232745f42c754737972720b610a72c5f9dd2f1906319e5b124b,2013-05,Bedfordshire Police,Bedfordshire Police,-0.246913,52.082812,On or near KINGSFIELD ROAD,E01017389,Central Bedfordshire 006C,Suspect charged
302fe02322d6640c4a4adf761c26156c1aef80557cd670754b0c62dda22589f8,2013-05,Bedfordshire Police,Bedfordshire Police,-0.471161,52.135647,On or near RIVER STREET,E01017466,Bedford 012A,Investigation complete; no suspect identified
4a6e71cfb4bfc312976a2f446ca6a89517b891c1a7ac27a22ce940ac2d7fceab,2013-05,Bedfordshire Police,Bedfordshire Police,-0.442177,52.141364,On or near Further/Higher Educational Building,E01017483,Bedford 009B,Investigation complete; no suspect identified
e48d3aae03c352eb8b1cb3ff80f9a6331ab7fab41797dee4d236298c5484d9b0,2013-05,Bedfordshire Police,Bedfordshire Police,-0.446026,52.149192,On or near CAMBRIAN WAY,E01017534,Bedford 006F,Local resolution
8bb9dc1410106c7bcee8023f93a9e5304d6c0f36438e8454d4104a4385e6ac3b,2013-05,Bedfordshire Police,Bedfordshire Police,-0.329610,52.234601,On or near BASEMEAD MANOR LANE,E01017543,Bedford 004E,Investigation complete; no suspect identified
7bcbfe069294d325332537fb806e02f613273aac6fe1110f84363fec64c51324,2013-05,Bedfordshire Police,Bedfordshire Police,-0.521906,51.888041,On or near VERNON PLACE,E01017568,Central Bedfordshire 029C,Investigation complete; no suspect identified
df08b46eeb8a965119a8051dc256bd23ee2da0f5d58c2c4f9114b0884972e104,2013-05,Bedfordshire Police,Bedfordshire Police,-0.530905,51.895033,On or near HOUGHTON ROAD,E01017599,Central Bedfordshire 028F,Investigation complete; no suspect identified
e0168bbfc4e997f12814048f2a3f5371edae899d58b65364d4a07db290e570bf,2013-05,Bedfordshire Police,Bedfordshire Police,-0.510150,51.913097,On or near Supermarket,E01017619,Central Bedfordshire 025E,Investigation complete; no suspect identified
35bf2ba01829fd88e4d9f4fd42b2acdf6e2f33a8b18e9d0d5dfe4901d0d94aad,2013-05,Bedfordshire Police,Bedfordshire Police,-0.451950,51.912678,On or near TIBERIUS ROAD,E01015772,Luton 003C,Investigation complete; no suspect identified
f3519e1ceea23858a811f7630754154f127ef1fd91783024d3de4e9955b7eb01,2013-05,Bedfordshire Police,Bedfordshire Police,-0.402671,51.893173,On or near FELIX AVENUE,E01015777,Luton 012D,Investigation complete; no suspect identified
ad0e99f40dc2bfad5c21783b48315121cb6d8e633fb9375ca27005a41fd44d9e,2013-05,Bedfordshire Police,Bedfordshire Police,-0.473239,51.903992,On or near HOCKWELL RING,E01015749,Luton 005A,Investigation complete; no suspect identified
43f2cb9cac085f1b4bae59511035510d76309285a81a9b77c63cbbcad5d9c08d,2013-05,Bedfordshire Police,Bedfordshire Police,-0.456784,51.917984,On or near FITZWARIN CLOSE,E01015771,Luton 003B,Investigation complete; no suspect identified
a98950d272b36b104d0f503dbf4337c48d7d2b54ecf3277ac89e34a487d1549b,2013-05,Bedfordshire Police,Bedfordshire Police,-0.466951,51.913612,On or near MOIRA CLOSE,E01015801,Luton 002A,Investigation complete; no suspect identified
32f3b15055562ec40fc7c2de32fbfa39242168c104b1f349d5a2e019c0b3bcd1,2013-05,Bedfordshire Police,Bedfordshire Police,-0.273788,52.093621,On or near Supermarket,E01017422,Central Bedfordshire 004B,Suspect charged
a74dd654cccd63af176da13f5842049e7aa7fb804405670ba35f357d65da9c7d,2013-05,Bedfordshire Police,Bedfordshire Police,-0.465617,52.129029,On or near ST LEONARD'S STREET,E01017473,Bedford 015B,Suspect charged
aeaa787affa08a58fd0034a096e0734470ac8d59aa9b956b3269028079fe1080,2013-05,Bedfordshire Police,Bedfordshire Police,-0.305745,52.197918,On or near FARM CLOSE,E01017543,Bedford 004E,Investigation complete; no suspect identified
268249a779ef2b282300a113fdcbe97cf27257d86768a0639811891ca9b03729,2013-05,Bedfordshire Police,Bedfordshire Police,-0.521693,51.890107,On or near Theatre/Concert Hall,E01017570,Central Bedfordshire 029E,Local resolution
4703d68a73ea465d20ac196c6964adb5566b60bfc9e376569d3fef7717da4005,2013-05,Bedfordshire Police,Bedfordshire Police,-0.520927,51.903710,On or near KING STREET,E01017578,Central Bedfordshire 026A,Investigation complete; no suspect identified
c44906b86af23b7d3c38b6f173766acc5e46d503097b5d72533ae2c52bbe385e,2013-05,Bedfordshire Police,Bedfordshire Police,-0.509309,51.904679,On or near LONGBROOKE,E01017580,Central Bedfordshire 026C,Investigation complete; no suspect identified
d03304bc8e2fbaefe5c518772409479240e1d6d07a83658dcca386e49a887e9d,2013-05,Bedfordshire Police,Bedfordshire Police,-0.501987,51.887942,On or near PARROT CLOSE,E01017584,Central Bedfordshire 027C,Investigation complete; no suspect identified
e441f9f59010d17f676552e1b490992f9cb442b8f2a5b0a3c00dd793533d7858,2013-05,Bedfordshire Police,Bedfordshire Police,-0.456094,51.889768,On or near CHAUL END LANE,E01015731,Luton 015C,Investigation complete; no suspect identified
d3f76f433b20d37ebfc9f7e4a364800f34372646733640957ab3e293e310eced,2013-05,Bedfordshire Police,Bedfordshire Police,-0.412997,51.887163,On or near HAVELOCK ROAD,E01015741,Luton 018B,Local resolution
c62847291c67df368d5baa9ff86c50d22b0426e21c3c29d5b6f5ec01880f5f9d,2013-05,Bedfordshire Police,Bedfordshire Police,-0.413942,51.878903,On or near Shopping Area,E01015794,Luton 018F,Investigation complete; no suspect identified
07cf55b4403b2b41cfca27691e24c1031f19de08fcf8a58f7ad579d7cd9c0685,2013-05,Bedfordshire Police,Bedfordshire Police,-0.421460,51.877862,On or near BUXTON ROAD,E01015795,Luton 021F,Investigation complete; no suspect identified
ee7d432680db58e28949959bf1ee83107e3cfa63ea698e387bcfa1ec77aff0b7,2013-05,Bedfordshire Police,Bedfordshire Police,-0.379740,51.889074,On or near TIMWORTH CLOSE,E01015811,Luton 014G,Investigation complete; no suspect identified
584aad0f5ae4f4c77afc4a7c408125f46fdb8ac15bfcc495e5638f4ba1a90296,2013-05,Bedfordshire Police,Bedfordshire Police,-0.446839,52.132956,On or near LONGHOLME WAY,E01017468,Bedford 012C,Investigation complete; no suspect identified
d6da9fb1a7123d1a6c1b9d4b321d64cf0cc75ca9651f28955679072612f76259,2013-05,Bedfordshire Police,Bedfordshire Police,-0.442177,52.141364,On or near Further/Higher Educational Building,E01017483,Bedford 009B,Investigation complete; no suspect identified
692d9569e3d308840ebbe60334513dba79c3e42c258da33027b2840e9c00f892,2013-05,Bedfordshire Police,Bedfordshire Police,-0.431375,52.111064,On or near THE CRESCENT,E01017486,Bedford 019A,Investigation complete; no suspect identified
283716e27bbf5658d67bd75d14aec95f7222ba9a3269da4230edd08975312de4,2013-05,Bedfordshire Police,Bedfordshire Police,-0.471361,52.140919,On or near TAVISTOCK STREET,E01017502,Bedford 010F,Suspect charged
691a66f55a5404d7064578ccb8b093ad22cb5f2e134dcd9366a1a583ebbe5f6f,2013-05,Bedfordshire Police,Bedfordshire Police,-0.484860,52.134547,On or near COVENTRY ROAD,E01017539,Bedford 013E,Investigation complete; no suspect identified
32e3018ff191d15dc7266b8ce70eaf0d164fad77ff18cfcdc856849bd547acdb,2013-05,Bedfordshire Police,Bedfordshire Police,-0.522952,51.886274,On or near Parking Area,E01017568,Central Bedfordshire 029C,Investigation complete; no suspect identified
b95806b1474ccb6c77f65f8e5d545a89dbb7926d816d4713fcbf0e72f84486d2,2013-05,Bedfordshire Police,Bedfordshire Police,-0.500669,51.907024,On or near FENSOME DRIVE,E01017600,Central Bedfordshire 025A,Investigation complete; no suspect identified
bdd41f7cec3716a2ec81cfd63be3e63574c4d40f2939a4d80d466580589cd65b,2013-05,Bedfordshire Police,Bedfordshire Police,-0.409929,51.882688,On or near CHURCH STREET,E01015743,Luton 018D,Investigation complete; no suspect identified
5410439375bfe13876e96aa3fdf48470dbe036931046300f6e102618b7427997,2013-05,Bedfordshire Police,Bedfordshire Police,-0.457428,51.918694,On or near WALEYS CLOSE,E01015771,Luton 003B,Local resolution
743c6a54407326046c8c6a2c2f2fafe8614a92b169e1d6108c30692beeaf33f3,2013-05,Bedfordshire Police,Bedfordshire Police,-0.392759,51.894819,On or near ASHCROFT ROAD,E01015776,Luton 012C,Investigation complete; no suspect identified
d8c88667036145bc9fa28e5cfe0013b269336126ad75c07b2f76084a95cf29b1,2013-05,Bedfordshire Police,Bedfordshire Police,-0.416084,51.880380,On or near Shopping Area,E01015794,Luton 018F,Offender given a caution
539a740375264f579ecb9ff987ce9d2fab9a1c3eac5cf8c77e2f6304642ce6c4,2013-05,Bedfordshire Police,Bedfordshire Police,-0.231961,52.019827,On or near VAUGHAN ROAD,E01017446,Central Bedfordshire 014A,Investigation complete; no suspect identified
c8474175e4f6c43674112e90786c819d6e7cfa17efb8b13e3321f2cc30cb0a90,2013-05,Bedfordshire Police,Bedfordshire Police,-0.466128,52.136706,On or near Supermarket,E01017469,Bedford 012D,Investigation complete; no suspect identified
b712645834f00fd1b1a28a9389cf87f97eff77b927562d9c1f72c98c50c9afd7,2013-05,Bedfordshire Police,Bedfordshire Police,-0.471261,52.219339,On or near Park/Open Space,E01017478,Bedford 003A,Suspect charged
e6d435adb679468d2d65ed05a73750bd466a93f96ee260514871160907791c6c,2013-05,Bedfordshire Police,Bedfordshire Police,-0.425616,52.146449,On or near THE COPSE,E01017490,Bedford 007C,Suspect charged
79ad973086b4bc120e4243ff352090d776a70d7c29b79db8a2372f77c256c50d,2013-05,Bedfordshire Police,Bedfordshire Police,-0.661779,51.922831,On or near KING STREET,E01017557,Central Bedfordshire 021C,Investigation complete; no suspect identified
f9f42f8f00f8f89569da662e9ec8efe173f957079563b009fcce72b660d513b7,2013-05,Bedfordshire Police,Bedfordshire Police,-0.525970,51.888623,On or near WINFIELD STREET,E01017568,Central Bedfordshire 029C,Investigation complete; no suspect identified
a714268a875720511be879318e29b57c0d5c9cf9f1d3a34cc89d3b23e83c8432,2013-05,Bedfordshire Police,Bedfordshire Police,-0.660839,51.909459,On or near ENTERPRISE WAY,E01017575,Central Bedfordshire 024C,Suspect charged
2808ed7f2a4545e6a3ba7824a55c7d97bc047ca689413875f17cea1fbde2c985,2013-05,Bedfordshire Police,Bedfordshire Police,-0.551105,51.955598,On or near PARK ROAD,E01017620,Central Bedfordshire 019C,Investigation complete; no suspect identified
90e3173c223e83ee1477a1d71dbac0ec1fe1a1ec6faf6593277d675be6cc7c8b,2013-05,Bedfordshire Police,Bedfordshire Police,-0.407843,51.883757,On or near HARTLEY ROAD,E01015743,Luton 018D,Investigation complete; no suspect identified
6ab83bf552becaf5d18157a205cbe9ae306345e057178cef885cd853a1681ef7,2013-05,Bedfordshire Police,Bedfordshire Police,-0.454506,51.916983,On or near VADIS CLOSE,E01015771,Luton 003B,Investigation complete; no suspect identified
0b79d1863ec896e6746ff6ac4be9c1a5ddc489dc9db13dff43c864b8ddafd0b4,2013-05,Bedfordshire Police,Bedfordshire Police,-0.450497,51.916454,On or near Pedestrian Subway,E01015770,Luton 001F,Investigation complete; no suspect identified
7afdf49cf010f5b586acbdc8db2831990b6c02b9e9f7fd6c32328dcfd0181107,2013-05,Bedfordshire Police,Bedfordshire Police,-0.504089,52.163762,On or near HUNTER'S CLOSE,E01017479,Bedford 003B,Suspect charged
f342433e496d1c6a0394a329de67fa242a57ef65a5f343a7b6301f6e7c07a49f,2013-05,Bedfordshire Police,Bedfordshire Police,-0.443154,52.155682,On or near REPTON CLOSE,E01017532,Bedford 006D,Investigation complete; no suspect identified
6e07e5e4fab39ccc0d1fdbfed2f3771688d12e462c459e09be52021642543465,2013-05,Bedfordshire Police,Bedfordshire Police,-0.524125,51.882396,On or near Sports/Recreation Area,E01017565,Central Bedfordshire 029A,Investigation complete; no suspect identified
93d84356a02efdfeaf8ecbc964f55062a4735e91fe3d2be439d73ea42dffff11,2013-05,Bedfordshire Police,Bedfordshire Police,-0.529126,51.892124,On or near Petrol Station,E01017568,Central Bedfordshire 029C,Investigation complete; no suspect identified
7ca590f586b707afc6ca79b5d6dcba28ce66df351885b44a6225e7107dc5f070,2013-05,Bedfordshire Police,Bedfordshire Police,-0.521693,51.890107,On or near Theatre/Concert Hall,E01017570,Central Bedfordshire 029E,Investigation complete; no suspect identified
240c7ece972a804bca31c101f532f4ae551d166d5b746f1d0852223e889c9b31,2013-05,Bedfordshire Police,Bedfordshire Police,-0.514803,51.906034,On or near EAST END,E01017581,Central Bedfordshire 026D,Investigation complete; no suspect identified
d5b51bcf3fc3199a3f5ea2da5a252895da84b1cb4012c800e7d38bb2f9e03d25,2013-05,Bedfordshire Police,Bedfordshire Police,-0.504318,51.876841,On or near WOODFIELD GATE,E01017594,Central Bedfordshire 030C,Suspect charged
62c85686dbbc443911adb861ae39f73e154e6012c9de78ec40049e59d429b6d5,2013-05,Bedfordshire Police,Bedfordshire Police,-0.537321,51.888558,On or near ASHCROFT,E01017596,Central Bedfordshire 028C,Suspect charged
6680c4b201d3c0d5d89b16d8245b6e86cf824d00496d5f759aa9551493e15f71,2013-05,Bedfordshire Police,Bedfordshire Police,-0.530905,51.895033,On or near HOUGHTON ROAD,E01017599,Central Bedfordshire 028F,Offender given a drugs possession warning
6df210bd6c20f4723253861cee79997e579e5021ffb58e2ee5cf19fb8d8f6a34,2013-05,Bedfordshire Police,Bedfordshire Police,-0.464321,51.893113,On or near SIMPSON CLOSE,E01015712,Luton 011B,Investigation complete; no suspect identified
82281164b745b695e344c59c2c52660401a01a9a0a72f4a05d5525eba947a78b,2013-05,Bedfordshire Police,Bedfordshire Police,-0.481800,51.896684,On or near CLOISTERS ROAD,E01015762,Luton 013D,Investigation complete; no suspect identified
452ff42e5fca3fdab0dc5ea923bf98c0e5f1acc5ff7d5a3c2216cea275fba869,2013-05,Bedfordshire Police,Bedfordshire Police,-0.410801,51.877341,On or near Supermarket,E01015789,Luton 018E,Suspect charged
452ff42e5fca3fdab0dc5ea923bf98c0e5f1acc5ff7d5a3c2216cea275fba869,2013-05,Bedfordshire Police,Bedfordshire Police,-0.410801,51.877341,On or near Supermarket,E01015789,Luton 018E,Suspect charged
71aad9b4723f07e6a5fa3f1152a906e43e248be95c0ad553887529fbd706d5ec,2013-05,Bedfordshire Police,Bedfordshire Police,-0.417563,51.875904,On or near CHAPEL STREET,E01015791,Luton 021C,Investigation complete; no suspect identified
1a82e318196d9291eb6d1dfcaeb8e9b904d857ec7b8dcb4854b8cbd844759a5c,2013-05,Bedfordshire Police,Bedfordshire Police,-0.421460,51.877862,On or near BUXTON ROAD,E01015795,Luton 021F,Offender given a caution
ad13089ed52b6334313d38e17d338b1d70853b9acc47e949f62dfb91b011b1d7,2013-05,Bedfordshire Police,Bedfordshire Police,-0.217858,52.125959,On or near Petrol Station,E01017429,Central Bedfordshire 003E,Local resolution
0bd39b28fd1b6f76bb3c3af618ede3a4eaa7680280cf0eb08f1bd3fbc76271f3,2013-05,Bedfordshire Police,Bedfordshire Police,-0.436453,52.119125,On or near HARROWDEN ROAD,E01017486,Bedford 019A,Investigation complete; no suspect identified
39d5e5a58794e0bfc2cf6b7359b4786418758fc8188877a4acbb49a09890411f,2013-05,Bedfordshire Police,Bedfordshire Police,-0.422675,52.149844,On or near CLIPSTONE CLOSE,E01017490,Bedford 007C,Investigation complete; no suspect identified
27b57ccbd5f5da54c90655db0a1904f09211ebdef6c7ace724458c48615371ce,2013-05,Bedfordshire Police,Bedfordshire Police,-0.454797,52.126757,On or near BARFORD AVENUE,E01017523,Bedford 014F,Suspect charged
ccf54b9a76e8fb04cf6acf857a5e8ea66001c8da482be873ba1d30749f1f6dad,2013-05,Bedfordshire Police,Bedfordshire Police,-0.303423,52.173221,On or near Park/Open Space,E01017542,Bedford 004D,Investigation complete; no suspect identified
f008fdb5ae13b2a3f7cce63044fe51caf200c9d2c7dbd56697ff7614caffb28d,2013-05,Bedfordshire Police,Bedfordshire Police,-0.671423,51.905020,On or near Park/Open Space,E01017591,Central Bedfordshire 022C,Investigation complete; no suspect identified
1c5bf73f0ed143fa941334969f896da759f276e746f30a25fab7ada2cbdcb20d,2013-05,Bedfordshire Police,Bedfordshire Police,-0.450284,51.912072,On or near REPTON CLOSE,E01015769,Luton 003A,Suspect charged
d04ca46821069345a7cd2b454af230faa055bf642502262489d5be3bdca1f91d,2013-05,Bedfordshire Police,Bedfordshire Police,-0.434835,51.900619,On or near GALLIARD CLOSE,E01015782,Luton 010D,Suspect charged
59df6a4fc5312098d542b97e728b57fe9f3c4236f0f537d0ecca4dc28647a35e,2013-05,Bedfordshire Police,Bedfordshire Police,-0.414956,51.881048,On or near GUILDFORD STREET,E01015794,Luton 018F,Suspect charged
3ee05639a85ccbb91fa41583caf361434e351760299820c880c2f4b02a113592,2013-05,Bedfordshire Police,Bedfordshire Police,-0.382877,51.880216,On or near PERCIVAL WAY,E01015811,Luton 014G,Investigation complete; no suspect identified
7ba90025f6ae8d60f9ad57010e0e385fa668c062c84a500532656389d862fc08,2013-05,Bedfordshire Police,Bedfordshire Police,-0.264398,52.087306,On or near CHURCH STREET,E01017385,Central Bedfordshire 005C,Investigation complete; no suspect identified
65352037b918b1479f9287604e856b4d5dc03820d4d251421c67ee2d9020661b,2013-05,Bedfordshire Police,Bedfordshire Police,-0.491988,52.009038,On or near ST PETERS CLOSE,E01017400,Central Bedfordshire 015B,Investigation complete; no suspect identified
ea1163d6068ad6ae5785d9b67652048367f77a5b0b29f6c9751cb3cfafe5f16e,2013-05,Bedfordshire Police,Bedfordshire Police,-0.466128,52.136706,On or near Supermarket,E01017469,Bedford 012D,Local resolution
8969bc967fae90bd9c3593da86c1eee0c0f203e72070382e845c6a074a8a21ae,2013-05,Bedfordshire Police,Bedfordshire Police,-0.427400,52.152632,On or near Supermarket,E01017492,Bedford 007E,Investigation complete; no suspect identified
02c4f42e5117269d88ef491b026809ebc109dfc05546caeaf36dd7f01876a8cb,2013-05,Bedfordshire Police,Bedfordshire Police,-0.442798,52.123983,On or near REDDALL CLOSE,E01017519,Bedford 014B,Investigation complete; no suspect identified
030420be1352d9b00dba06dbb8a8016768bd0376ae23c05d33f75a32ba23773e,2013-05,Bedfordshire Police,Bedfordshire Police,-0.669472,51.918404,On or near Supermarket,E01017557,Central Bedfordshire 021C,Suspect charged
098653f5217d76a48c1327d4b4fe1b39b624bcd89017a0a105b17bc1f1dd02c6,2013-05,Bedfordshire Police,Bedfordshire Police,-0.528654,51.887883,On or near UNION STREET,E01017568,Central Bedfordshire 029C,Investigation complete; no suspect identified
486b95943a9f3caea2d03b118f2ea63302f813b20fd99d62989643dd6d40dd17,2013-05,Bedfordshire Police,Bedfordshire Police,-0.518913,51.876099,On or near MARDALE AVENUE,E01017625,Central Bedfordshire 031C,Investigation complete; no suspect identified
f0830c266abc520d90194a81cf9a49849fbe708d6405ec2792d776a466bc3a73,2013-05,Bedfordshire Police,Bedfordshire Police,-0.431712,51.884266,On or near Sports/Recreation Area,E01015725,Luton 017E,Suspect charged
0e760457b8ed0f1be37870fa79ef8b6b77f16a966fc0bd102c63d19f7e99da68,2013-05,Bedfordshire Police,Bedfordshire Police,-0.450566,51.894164,On or near LARKSPUR GARDENS,E01015787,Luton 015D,Suspect charged
58ee55e2f66707ea8d6cfb20a8697c4574a93da4a8f5b6d06310a6154eaea061,2013-05,Bedfordshire Police,Bedfordshire Police,-0.222418,52.126630,On or near THE PADDOCKS,E01017429,Central Bedfordshire 003E,Investigation complete; no suspect identified
59e2ca08e8323aabd7d43b1e089987c31d4264b13feb9e1d8fa66bbcc22d0f13,2013-05,Bedfordshire Police,Bedfordshire Police,-0.298170,52.128062,On or near BEDFORD ROAD,E01017431,Central Bedfordshire 002B,Investigation complete; no suspect identified
513f14238d1c9faba08c4ce8c8a1b6a767ab9e8ab0bb8d4f9de85da62f7fbf72,2013-05,Bedfordshire Police,Bedfordshire Police,-0.469508,52.135707,On or near Parking Area,E01017466,Bedford 012A,Investigation complete; no suspect identified
e2af0338e56fba70a87e17c781a7eaab60d382b1788fbb2dff1abf318f985b9f,2013-05,Bedfordshire Police,Bedfordshire Police,-0.466128,52.136706,On or near Supermarket,E01017469,Bedford 012D,Investigation complete; no suspect identified
eeca2a4d29b780f22fedfb8d301cfce92f7b02607cf529483d91ebb7dbc96806,2013-05,Bedfordshire Police,Bedfordshire Police,-0.493227,52.119981,On or near Police Station,E01017509,Bedford 016A,Investigation complete; no suspect identified
db039a20476f4007773148cfb7f3685a36de2cc0cf8b8a13647317516dc1caa0,2013-05,Bedfordshire Police,Bedfordshire Police,-0.483192,52.138077,On or near QUEENSBURY CLOSE,E01017536,Bedford 013B,Investigation complete; no suspect identified
4a5c90460dd24dfb176c89bfc0bff67c12c4f15cb2a636b35285f4cae9549726,2013-05,Bedfordshire Police,Bedfordshire Police,-0.512241,51.883703,On or near GREAT NORTHERN ROAD,E01017592,Central Bedfordshire 030A,Investigation complete; no suspect identified
7d368903a6657c9ce921580c4bc2af1094f3dfa98a029602157b2e54d175fdda,2013-05,Bedfordshire Police,Bedfordshire Police,-0.497205,51.874934,On or near NORFOLK ROAD,E01017594,Central Bedfordshire 030C,Investigation complete; no suspect identified
c3edb0a66d1635e398b2f2cfdb1c315b5f485764bd1848d4aa5b26b99b005462,2013-05,Bedfordshire Police,Bedfordshire Police,-0.658915,51.935988,On or near SANDY LANE,E01017606,Central Bedfordshire 020D,Local resolution
a6ebb137cf820080d92b60915ced788465c09f6ebd2e2b2781f4e2f1a6f852a8,2013-05,Bedfordshire Police,Bedfordshire Police,-0.532415,51.949477,On or near CHURCH SQUARE,E01017622,Central Bedfordshire 019E,Investigation complete; no suspect identified
00281d38b2222199445f318d32b7ce14535389633cd7e4f8b51c7351f8c635ac,2013-05,Bedfordshire Police,Bedfordshire Police,-0.400412,51.874916,On or near KIMPTON ROAD,E01015790,Luton 021B,Suspect charged
667d393b599d1c10b120c924a0cdca2b58a4ee6226fc44ca951d77d62b9137c1,2013-05,Bedfordshire Police,Bedfordshire Police,-0.397349,51.902650,On or near VENETIA ROAD,E01015796,Luton 012F,Local resolution
54f0f65cc49ba48c414fea75a22fd307e9d80c3cffa43d1720019b3a82cc734d,2013-05,Bedfordshire Police,Bedfordshire Police,-0.411526,51.880660,On or near CHURCH STREET,E01015794,Luton 018F,Suspect charged
e60abd74af461cf0ba95ec0cd198fdb2c1b58522b67c09345aa8b7b2a3d44e8f,2013-05,Bedfordshire Police,Bedfordshire Police,-0.315282,52.024456,On or near HITCHIN ROAD,E01017392,Central Bedfordshire 013B,Investigation complete; no suspect identified
31769fb81e25d12e42cf7d4ee90715d235c92116bbfe8d63aaeeab6cae584348,2013-05,Bedfordshire Police,Bedfordshire Police,-0.505254,52.004010,On or near CAMPION WAY,E01017407,Central Bedfordshire 016E,Investigation complete; no suspect identified
d7a350047c2ded6c5813ed84bef4602de05dab8810ecceca264090f7027ef5f7,2013-05,Bedfordshire Police,Bedfordshire Police,-0.273788,52.093621,On or near Supermarket,E01017422,Central Bedfordshire 004B,Suspect charged
3bc5cc94b3f47a38736bfb1a242733649a4cf40641d5b3df76e34b0731733f8b,2013-05,Bedfordshire Police,Bedfordshire Police,-0.510703,52.130291,On or near MASTERS CLOSE,E01017461,Bedford 008C,Suspect charged
67da6354000acaa0c62d7c81fa064636b2ee88155cfba819f909df811cacad83,2013-05,Bedfordshire Police,Bedfordshire Police,-0.428119,52.145098,On or near Sports/Recreation Area,E01017490,Bedford 007C,Investigation complete; no suspect identified
ab9b8636f7094ed03dd4c1957aed090577d1133536cafeb144a54be7f7d45a86,2013-05,Bedfordshire Police,Bedfordshire Police,-0.495030,52.133239,On or near Sports/Recreation Area,E01017537,Bedford 013C,Offender given a drugs possession warning
24b8472071f19ada66ebcb39992f88c76fef631cf5ba6657d9c34b36460a8f27,2013-05,Bedfordshire Police,Bedfordshire Police,-0.452673,51.880219,On or near Parking Area,E01017562,Central Bedfordshire 033B,Investigation complete; no suspect identified
03d95509e9c6982705aab8662f5e793b9f1c4bcb2f759920159ee8e83bb0c24b,2013-05,Bedfordshire Police,Bedfordshire Police,-0.656626,51.945412,On or near Supermarket,E01017577,Central Bedfordshire 019A,Investigation complete; no suspect identified
e52bb16c66e041c28984f73bc6caad49920ccd5b5361cf5bc0b3b3e088ae689b,2013-05,Bedfordshire Police,Bedfordshire Police,-0.693105,51.918255,On or near CALDER GARDENS,E01017611,Central Bedfordshire 023A,Investigation complete; no suspect identified
34c7d7752ea90707f81a7760d076ca1d2b3d58c5ea47b8a43d5334966849cf9e,2013-05,Bedfordshire Police,Bedfordshire Police,-0.435344,51.874667,On or near GODFREYS CLOSE,E01015736,Luton 020E,Investigation complete; no suspect identified
4d79067afdbc37ee0aff94ac9cab526c5eae27fffac03d8228a8fc0b9b63c6a3,2013-05,Bedfordshire Police,Bedfordshire Police,-0.396978,51.893860,On or near MORETON ROAD,E01015776,Luton 012C,Investigation complete; no suspect identified
86b735e9471cee2c7758cdc3f86c09201507ea998379ff9d358a5a98006cc779,2013-05,Bedfordshire Police,Bedfordshire Police,-0.485868,51.898454,On or near ANGUS CLOSE,E01015760,Luton 009E,Offender given a caution
aab8c9d5a005419ed961cde7e50ea9ecd5b9efde8e3fac34474ff5bf2dd9ef75,2013-05,Bedfordshire Police,Bedfordshire Police,-0.661650,51.916886,On or near Supermarket,E01017555,Central Bedfordshire 021A,Investigation complete; no suspect identified
7157ca3dafa778f4c08d194728df3200843434db1c2cd621ae871daa5f68f4ac,2013-05,Bedfordshire Police,Bedfordshire Police,-0.457573,52.140712,On or near Sports/Recreation Area,E01017485,Bedford 009D,Investigation complete; no suspect identified
e70946ca16f5582efcbb35b763b63bf741b12cd39e0bacd4e06c5575ba91f0d6,2013-05,Bedfordshire Police,Bedfordshire Police,-0.471542,51.914571,On or near Shopping Area,E01015804,Luton 002C,Investigation complete; no suspect identified
7c10aa4bef95a4d6711f101624d9e14a0f600b7ce7d94646bb130558a0da158e,2013-05,Bedfordshire Police,Bedfordshire Police,-0.521206,51.906726,On or near ALL SAINTS ROAD,E01017579,Central Bedfordshire 026B,Local resolution
cc90d46c3dca7dda3225833b52d6648ad5c02468118333098d9799b7dbe72c40,2013-05,Bedfordshire Police,Bedfordshire Police,-0.431578,52.148551,On or near BARLEY WAY,E01017489,Bedford 007B,Investigation complete; no suspect identified
d855599dc7774b38ab16530243c75504533a17a1b0d7b1d92494ca60b1075f8c,2013-05,Bedfordshire Police,Bedfordshire Police,-0.412858,51.883681,On or near Parking Area,E01015741,Luton 018B,Investigation complete; no suspect identified
c891b828c5e4a6fbe2771f6c3b5c075ed60032687f99c2ed128788413dd93553,2013-05,Bedfordshire Police,Bedfordshire Police,-0.385147,51.873638,On or near AIRPORT WAY,E01015811,Luton 014G,Investigation complete; no suspect identified
0a2293b7ebdcc87630b29fd6ac57d1beab5645fd0ae83844a3ad97bfa4225617,2013-05,Bedfordshire Police,Bedfordshire Police,-0.527221,51.888153,On or near CHADWICK CLOSE,E01017568,Central Bedfordshire 029C,Investigation complete; no suspect identified
1d097c0bf77ace0bb2f212c349364ad01409700497f38a0e3ce0057b901905a3,2013-05,Bedfordshire Police,Bedfordshire Police,-0.469083,51.911212,On or near ANDOVER CLOSE,E01015752,Luton 005C,Investigation complete; no suspect identified
815b669299be073fad6e7b1b1e564d52d197f1c7670d7774b3ed506a933e306d,2013-05,Bedfordshire Police,Bedfordshire Police,-0.429327,51.919338,On or near MARKHAM ROAD,E01015746,Luton 004B,Investigation complete; no suspect identified
60eafb67dc5ca69d9dd6873deadb8beee51c38f8517dec5586d13ee138173457,2013-05,Bedfordshire Police,Bedfordshire Police,-0.298170,52.128062,On or near BEDFORD ROAD,E01017431,Central Bedfordshire 002B,Suspect charged
2e83781f6dcb913795e56e475088076ee3d501e857ed23046a4a7839681bd739,2013-05,Bedfordshire Police,Bedfordshire Police,-0.495042,51.895766,On or near POYNTERS ROAD,E01015761,Luton 009F,Investigation complete; no suspect identified
53f21ddbcbaa03d206a63b39c90bf3c68b597565cf01a94fc1d8aa3c585c7c5d,2013-05,Bedfordshire Police,Bedfordshire Police,-0.392759,51.894819,On or near ASHCROFT ROAD,E01015776,Luton 012C,Local resolution
30bf6ab2d1bba1b19502dfd0a6bd415f05717f644f79a6cc9f229899f40d7922,2013-05,Bedfordshire Police,Bedfordshire Police,-0.416859,51.878178,On or near GEORGE STREET WEST,E01015791,Luton 021C,Investigation complete; no suspect identified
419167156c8c10da38f6e322a5972f0c0eb9b53de4ac18976201503dcb1828dc,2013-05,Bedfordshire Police,Bedfordshire Police,-0.429694,51.877972,On or near DOWNS ROAD,E01015795,Luton 021F,Offender given a caution
4064f860a71dd53562da3625213a247dcd72bea9360fbe6f3020d567dafd0273,2013-05,Bedfordshire Police,Bedfordshire Police,-0.385147,51.873638,On or near AIRPORT WAY,E01015811,Luton 014G,Investigation complete; no suspect identified
606fb93e290ddd43ab9086fa777f2abd3a4a894321f2b5e9a3f12279b6db258f,2013-05,Bedfordshire Police,Bedfordshire Police,-0.233886,52.015711,On or near ST OLIVES,E01017446,Central Bedfordshire 014A,Offender given penalty notice
dae544afa961fe86f3acc6a9fb00fa67af6a5bf1bf4bfbac00edffcb0a8a4d9a,2013-05,Bedfordshire Police,Bedfordshire Police,-0.466146,52.135753,On or near Shopping Area,E01017469,Bedford 012D,Local resolution
a33b3b415ec23595090f2e49fa75b64dd5a076260e2ce2bc6550c6271b0f73bf,2013-05,Bedfordshire Police,Bedfordshire Police,-0.477301,52.141139,On or near LANSDOWNE ROAD,E01017501,Bedford 010E,Investigation complete; no suspect identified
6f7c712786ed5491fbb159f9332b840005bf5a24808b804de0d6809d2a75a012,2013-05,Bedfordshire Police,Bedfordshire Police,-0.483799,52.133976,On or near IDDESLEIGH ROAD,E01017536,Bedford 013B,Suspect charged
38db96d099608959df755202ae0b7d35d7e27737faadae2c5823a1f406b59f0c,2013-05,Bedfordshire Police,Bedfordshire Police,-0.540573,51.898066,On or near ENGLANDS AVENUE,E01017598,Central Bedfordshire 028E,Investigation complete; no suspect identified
ca80533ed059d38399effc97be3419bdfe35a130982dd65568fa18de591a3592,2013-05,Bedfordshire Police,Bedfordshire Police,-0.400814,51.884489,On or near HART LANE,E01015720,Luton 016B,Investigation complete; no suspect identified
e89318b527f56179aa93d051235d543ccb924029f01865c23b2bb2efa9c365d6,2013-05,Bedfordshire Police,Bedfordshire Police,-0.416286,51.887863,On or near CLARENDON ROAD,E01015740,Luton 012A,Investigation complete; no suspect identified
5fb347f038dad1e07c77133a2d8fa9c2a8d17a1a3202bb1d09527252daeb8abc,2013-05,Bedfordshire Police,Bedfordshire Police,-0.390527,51.897081,On or near MOBLEY GREEN,E01015776,Luton 012C,Investigation complete; no suspect identified
b6639b0a7b4866d8be742ea1ea54a45bf13548e7ebb7a502bae3b6e30c6f070c,2013-05,Bedfordshire Police,Bedfordshire Police,-0.382915,51.901410,On or near WEST WAY,E01015799,Luton 008C,Investigation complete; no suspect identified
44cbdc89c6e0ec708ba97987b751a72a833cfcacbd3a8ec3f862b8e111de5c22,2013-05,Bedfordshire Police,Bedfordshire Police,-0.223875,52.011289,On or near TANSY AVENUE,E01017447,Central Bedfordshire 014B,Investigation complete; no suspect identified
8d3c41c6c7d37d73566f3c7b449ebcfba8c32d3a1320f092b80e8b7d376f30c2,2013-05,Bedfordshire Police,Bedfordshire Police,-0.476637,52.135754,On or near GRAFTON ROAD,E01017471,Bedford 012F,Investigation complete; no suspect identified
9137d45fdd693e67ed445c63046c6afed3fc70949bb82961fc407ba9e19834af,2013-05,Bedfordshire Police,Bedfordshire Police,-0.442177,52.141364,On or near Further/Higher Educational Building,E01017483,Bedford 009B,Investigation complete; no suspect identified
d303e885da01bc41d2ed994fab1431f7c077437ea22f3062628d42026b51b9cc,2013-05,Bedfordshire Police,Bedfordshire Police,-0.603263,52.203847,On or near MEADWAY,E01017504,Bedford 002D,Investigation complete; no suspect identified
1090d95b39e08af4ff4284988768a07d054379d1c53051f503b9fb9f0543f680,2013-05,Bedfordshire Police,Bedfordshire Police,-0.480915,52.106210,On or near AMPTHILL ROAD,E01017550,Bedford 019E,Investigation complete; no suspect identified
d34a2c0915d545fe6eb1c8aee47a1a24785f64b9dc3b2c14c678d89bf5537133,2013-05,Bedfordshire Police,Bedfordshire Police,-0.431869,51.852609,On or near CRAWLEY CLOSE,E01017564,Central Bedfordshire 033D,Investigation complete; no suspect identified
43b31f2f01a2aeb3fa8061727f1699b42915dfae483261aeab14961f474c4c51,2013-05,Bedfordshire Police,Bedfordshire Police,-0.521693,51.890107,On or near Theatre/Concert Hall,E01017570,Central Bedfordshire 029E,Investigation complete; no suspect identified
9ed8c6efd4c69aeb2015c76eae602ed23c591fb0c2ca7fbf070680d8eb7905de,2013-05,Bedfordshire Police,Bedfordshire Police,-0.497205,51.874934,On or near NORFOLK ROAD,E01017594,Central Bedfordshire 030C,Investigation complete; no suspect identified
d1fc4a2dceb650f2bd7c757a8991082060f66bef1caf9546a28ce98edecd695c,2013-05,Bedfordshire Police,Bedfordshire Police,-0.443271,51.890363,On or near DUNSTABLE ROAD,E01015731,Luton 015C,Investigation complete; no suspect identified
205b4db535bf5534621a14d8d1d9c688ca6955b45b310cb26d7d72d20fcee895,2013-05,Bedfordshire Police,Bedfordshire Police,-0.413465,51.882952,On or near MIDLAND ROAD,E01015741,Luton 018B,Investigation complete; no suspect identified
e124ddc429024b51bb4d692cb92cab4ba10f4d7503cdf71933065ea372d8f94c,2013-05,Bedfordshire Police,Bedfordshire Police,-0.413465,51.882952,On or near MIDLAND ROAD,E01015741,Luton 018B,Investigation complete; no suspect identified
dedba473bf36f90cd2e02a63c97a6b7382c46ff4e085cb3bd78f4d8c79b82e58,2013-05,Bedfordshire Police,Bedfordshire Police,-0.452376,51.923959,On or near UNDERWOOD CLOSE,E01015773,Luton 003D,Investigation complete; no suspect identified
a0f1ae20cd901d338339a30cbd1285883677ca5adc710542eedeecdce75ab280,2013-05,Bedfordshire Police,Bedfordshire Police,-0.457320,51.923566,On or near WINCHESTER GARDENS,E01015774,Luton 003E,Suspect charged
1b16623824a9eebc93f0133c4830f82507091fe60b1a3106fed7f834e8311d26,2013-05,Bedfordshire Police,Bedfordshire Police,-0.413942,51.878903,On or near Shopping Area,E01015794,Luton 018F,Investigation complete; no suspect identified
80531fe9bfc778eaf58c9dd537d594c27734ff182410dca086673e425896d6ac,2013-05,Bedfordshire Police,Bedfordshire Police,-0.421460,51.877862,On or near BUXTON ROAD,E01015795,Luton 021F,Suspect charged
667d393b599d1c10b120c924a0cdca2b58a4ee6226fc44ca951d77d62b9137c1,2013-05,Bedfordshire Police,Bedfordshire Police,-0.397349,51.902650,On or near VENETIA ROAD,E01015796,Luton 012F,Local resolution
b39f48bdcad409c94df2bb3a50d34ed3f149a1f500b21a7ed953e6cd13c59093,2013-05,Bedfordshire Police,Bedfordshire Police,-0.380958,51.901266,On or near FIELD END CLOSE,E01015799,Luton 008C,Investigation complete; no suspect identified
3c9f48a933dc57632a2c6967115e412adb73a5479ea780cd0dc2cf7dec5355e3,2013-05,Bedfordshire Police,Bedfordshire Police,-0.273788,52.093621,On or near Supermarket,E01017422,Central Bedfordshire 004B,Suspect charged
97683430ef64196f38d4e61358f9aa505cc36853b5ce2920f708aaa93b9dfb39,2013-05,Bedfordshire Police,Bedfordshire Police,-0.466075,52.138251,On or near Nightclub,E01017469,Bedford 012D,Local resolution
49cc2a9db37743035a520c5c6984f29cfcb8d30f724a40655a76f3a66b4fe241,2013-05,Bedfordshire Police,Bedfordshire Police,-0.484683,51.890472,On or near SKIMPOT ROAD,E01017583,Central Bedfordshire 027B,Local resolution
516d0d10ab4ba18eff61e20fb8929dfdcc54dadd05fd7c6817884930b96d79ac,2013-05,Bedfordshire Police,Bedfordshire Police,-0.439945,51.919677,On or near CELANDINE DRIVE,E01015709,Luton 001D,Investigation complete; no suspect identified
256db93c6f6746eba0591eea93cc64dd57e77d6f133690b5e1b87a11736260e5,2013-05,Bedfordshire Police,Bedfordshire Police,-0.387936,51.903699,On or near HAYES CLOSE,E01015798,Luton 008B,Investigation complete; no suspect identified
ee700041f896f446ce3d37392d7368fd029f56a73c55f2b6d9af6d8d1fbbe2d7,2013-05,Bedfordshire Police,Bedfordshire Police,-0.264729,52.009515,On or near CRICKETER'S ROAD,E01017376,Central Bedfordshire 010A,Investigation complete; no suspect identified
843851e786b393c5e3d9cde8c8065cd4ed0b5298223fd55ef3654b9c4fe9f528,2013-05,Bedfordshire Police,Bedfordshire Police,-0.461515,52.135719,On or near ALBANY ROAD,E01017469,Bedford 012D,Offender given a drugs possession warning
7071f3c37d6e02b2e287e8704c0570a0a8ae3bbaa57ce88bf5ba6c811a38b0fd,2013-05,Bedfordshire Police,Bedfordshire Police,-0.471331,52.137510,On or near Bus/Coach Station,E01017471,Bedford 012F,Offender given penalty notice
a2a2bfd29afe0c16e991c64d7742d62e9cb92a6179f409e8c0df1314a47300bb,2013-05,Bedfordshire Police,Bedfordshire Police,-0.470685,52.141009,On or near BOSWELL PLACE,E01017502,Bedford 010F,Local resolution
526ea2031725b2495ece9bb4eeba08c8d2b9a3cf1210ac7efbfdec93198c352c,2013-05,Bedfordshire Police,Bedfordshire Police,-0.423888,52.144897,On or near BURY WALK,E01017527,Bedford 011D,Investigation complete; no suspect identified
a555e86968e9f840828f09e7ad52cd9f13b6171242bc02e2aa0c9b2f3b154843,2013-05,Bedfordshire Police,Bedfordshire Police,-0.529287,51.884061,On or near WEST STREET,E01017567,Central Bedfordshire 029B,Investigation complete; no suspect identified
802b252a332c25e89ecb349cc5447866092da2569954524ce2f8ed9f3a6fcfe7,2013-05,Bedfordshire Police,Bedfordshire Police,-0.647056,51.911432,On or near RICHMOND ROAD,E01017575,Central Bedfordshire 024C,Investigation complete; no suspect identified
d93315f1d40f46107bb25c30f04804df08d2fbe22579de27ac3a68bb1f50f26e,2013-05,Bedfordshire Police,Bedfordshire Police,-0.494440,51.892890,On or near WALGRAVE ROAD,E01017585,Central Bedfordshire 027D,Investigation complete; no suspect identified
9b79aefca3a09ad3254574f2aa0a2dd5490d7752cd2e3044f3205c6b558319f0,2013-05,Bedfordshire Police,Bedfordshire Police,-0.498934,51.907191,On or near CONWAY CLOSE,E01017600,Central Bedfordshire 025A,Investigation complete; no suspect identified
3807b80e497437ded7c9c6bc7c623e10713fb1a7006a62fa59c91308eb7ebbd6,2013-05,Bedfordshire Police,Bedfordshire Police,-0.408258,51.889706,On or near RICHMOND COURT,E01015778,Luton 012E,Investigation complete; no suspect identified
53a15b5d2e91b763f5543d7ebad124134f12b3a72d0079f95ac3c162cf2dec2e,2013-05,Bedfordshire Police,Bedfordshire Police,-0.413327,51.879443,On or near Supermarket,E01015794,Luton 018F,Offender given a caution
931d0a3ad3ea3284bc8991141d7981d011ace78cf90c8db84f1895cd08dc4ecb,2013-05,Bedfordshire Police,Bedfordshire Police,-0.498955,51.903064,On or near WHEATFIELD ROAD,E01015757,Luton 009B,Suspect charged
b93ed38a86c21791fd613dcc07819ed20ab0fb6b0500f5a81e5eadf523fd1747,2013-05,Bedfordshire Police,Bedfordshire Police,-0.439564,51.905915,On or near BLACK SWAN LANE,E01015766,Luton 006C,Investigation complete; no suspect identified
eb5e70c69c4e43914ccf9fd6b395c66524662496ccf59e6324ccf8f65303dfa5,2013-05,Bedfordshire Police,Bedfordshire Police,-0.389432,51.897614,On or near Supermarket,E01015813,Luton 008F,Suspect charged
e22ab7c1fa9052f9e96dfa21a00e42d5b50ea511a8d532755c0d67492e78946a,2013-05,Bedfordshire Police,Bedfordshire Police,-0.263900,52.086238,On or near Supermarket,E01017385,Central Bedfordshire 005C,Suspect charged
96fdc1a1a968e5f13d8368f4f044a53d55ff52188c4e444c7998f306a5cfb1cb,2013-05,Bedfordshire Police,Bedfordshire Police,-0.460347,52.157301,On or near CONWAY CRESCENT,E01017455,Bedford 005C,Investigation complete; no suspect identified
1911a54b87e25c3f01a3cd9c3b1e94baa2f26604fc4f26d376583f60b818bf6e,2013-05,Bedfordshire Police,Bedfordshire Police,-0.464227,52.137589,On or near GADSBY STREET,E01017469,Bedford 012D,Suspect charged
81518e6b7ac80fd69da4e90e538d925f4e05e02fb26552965f9ce3f7ce4320b4,2013-05,Bedfordshire Police,Bedfordshire Police,-0.481357,52.142630,On or near SHAKESPEARE ROAD,E01017499,Bedford 010C,Investigation complete; no suspect identified
d1b69fb7297ee75b233d45c474dff033d690cc11d560dfcf42cbfb3ad726ff63,2013-05,Bedfordshire Police,Bedfordshire Police,-0.661247,51.915308,On or near Parking Area,E01017555,Central Bedfordshire 021A,Investigation complete; no suspect identified
b86ee7ecfe0696470f63fb67801c9c634f98e7d3fdeab1635300202137d79e1f,2013-05,Bedfordshire Police,Bedfordshire Police,-0.522952,51.886274,On or near Parking Area,E01017568,Central Bedfordshire 029C,Offender given a caution
bba198c71e382131970d9dedd2adb2f558feb77ab34218e3195e09f1cd05a3b9,2013-05,Bedfordshire Police,Bedfordshire Police,-0.558618,51.929624,On or near PARKVIEW LANE,E01017615,Central Bedfordshire 019B,Offender given a caution
e16bb05d5f23e2524a8870095fc0be0fcd74b13bd5d1c853b31ff23d44095d7e,2013-05,Bedfordshire Police,Bedfordshire Police,-0.432983,51.879904,On or near ASHBURNHAM ROAD,E01015730,Luton 019D,Investigation complete; no suspect identified
1bf3f3fa823821ba579a86ae7a3a2c7c2045c6471b15a2255e3135eb83742d5e,2013-05,Bedfordshire Police,Bedfordshire Police,-0.404389,51.885697,On or near POMFRET AVENUE,E01015742,Luton 018C,Investigation complete; no suspect identified
8c5f82cd7be9b0f99c4e2e93461a4371f74861ae4ef84c8df63082fcfb03e5fa,2013-05,Bedfordshire Police,Bedfordshire Police,-0.403938,51.887337,On or near TREETOP CLOSE,E01015742,Luton 018C,Investigation complete; no suspect identified
cc92b6b73d8e9555c7d766477110f8ad7e8abd5c37350f02884912c3ebe19e42,2013-05,Bedfordshire Police,Bedfordshire Police,-0.425516,52.254028,On or near MILL HILL,E01017540,Bedford 001A,Investigation complete; no suspect identified
b3fd43d6e06c650d403ec5b2781cd9a0f4e05fefe4368ea8065eb7c1a56ca402,2013-05,Bedfordshire Police,Bedfordshire Police,-0.416100,51.874553,On or near KELVIN CLOSE,E01015791,Luton 021C,Suspect charged as part of another case
08fd3f10126d5b7ae6252762f9ad885ef041b1aeabc1f6adc634cf2156d08aea,2013-05,Bedfordshire Police,Bedfordshire Police,-0.273788,52.093621,On or near Supermarket,E01017422,Central Bedfordshire 004B,Suspect charged
d342b9703909ca311c9df3e45a3942f4101c64189755af1d45cd35567f2e7fc8,2013-05,Bedfordshire Police,Bedfordshire Police,-0.461181,52.140328,On or near A4280,E01017484,Bedford 009C,Local resolution
a84492039e251d7fc8551d9afb3a24b3aec4afc4602840ffa96ad969aaec3dec,2013-05,Bedfordshire Police,Bedfordshire Police,-0.408123,52.148057,On or near ST NEOTS ROAD,E01017527,Bedford 011D,Investigation complete; no suspect identified
13e5c4999e83e703c34f64d2845236daee8a619a37370d039e5b9cacacd1d5e3,2013-05,Bedfordshire Police,Bedfordshire Police,-0.477301,52.141139,On or near LANSDOWNE ROAD,E01017501,Bedford 010E,Investigation complete; no suspect identified
23cccdc59a0f3e8c2ef37a89f32c7c16ae390c623ad9ffe47e8f19da06bf961e,2013-05,Bedfordshire Police,Bedfordshire Police,-0.468839,52.137757,On or near Parking Area,E01017466,Bedford 012A,Investigation complete; no suspect identified
b7b3ca5049309d7659b830b7f47e259b528af9214c709b25c69fc745e7d76563,2013-05,Bedfordshire Police,Bedfordshire Police,-0.451998,51.905764,On or near HURST WAY,E01015765,Luton 006B,Investigation complete; no suspect identified
4bcfff21f68ce44fee4ded211b6d27e2ffe78eb624c01b590804f517916f11d9,2013-05,Bedfordshire Police,Bedfordshire Police,-0.463783,51.895668,On or near STONEYGATE ROAD,E01015712,Luton 011B,Investigation complete; no suspect identified
0868fef381df932068b99ab6676f438c7afa4373690a66f70895bac7cb8788e1,2013-05,Bedfordshire Police,Bedfordshire Police,-0.526574,51.905256,On or near BARLEYFIELD WAY,E01017578,Central Bedfordshire 026A,Investigation complete; no suspect identified
4980de480856a3181991bd94c009d3c5efcb7da400e07ce5e0be8cd97b962280,2013-05,Bedfordshire Police,Bedfordshire Police,-0.534352,51.890049,On or near MAIDENBOWER AVENUE,E01017596,Central Bedfordshire 028C,Investigation complete; no suspect identified
341dbfee87c59b455f0268323a3be76247a5477e9597de6c83efdd92ddd3b06b,2013-05,Bedfordshire Police,Bedfordshire Police,-0.444630,51.901927,On or near GARDENIA AVENUE,E01015785,Luton 006G,Investigation complete; no suspect identified
66592650f9af362a6e8899ce8372a27817fbfb86e6805a69fda7760bc7f435dc,2013-05,Bedfordshire Police,Bedfordshire Police,-0.408184,51.876155,On or near PARK TERRACE,E01015789,Luton 018E,Investigation complete; no suspect identified
7b23f36850cac5a7f15571510a53a5ce3b02e12cf744374b23f82dbb62d0caae,2013-05,Bedfordshire Police,Bedfordshire Police,-0.415830,51.877688,On or near CHAPEL STREET,E01015791,Luton 021C,Suspect charged
8b8b0542c35fe1a65a5ba687d33ab8c97543f0ee596b2f286d00f6aeb3508f41,2013-05,Bedfordshire Police,Bedfordshire Police,-0.267402,51.998405,On or near JUBILEE CRESCENT,E01017376,Central Bedfordshire 010A,Offender given a caution
4ee0a170d65af4a9cad5671e555322a73baac5508d59a16f24ca7102c97138c7,2013-05,Bedfordshire Police,Bedfordshire Police,-0.337582,52.036642,On or near NEW STREET,E01017439,Central Bedfordshire 011C,Suspect charged
e86fbe148cfdee178075251b9f3b1fcb7cca9acfdbf0c78b4c2ef28cc39511a5,2013-05,Bedfordshire Police,Bedfordshire Police,-0.466377,52.137122,On or near Shopping Area,E01017469,Bedford 012D,Suspect charged
6c074684ecc3b6d191e82fc7d09fc97bd190190b6f36899db651da51e806bd87,2013-05,Bedfordshire Police,Bedfordshire Police,-0.471331,52.137510,On or near Bus/Coach Station,E01017471,Bedford 012F,Investigation complete; no suspect identified
2711ed00edd43a5f4e641bb288c06f970091f50c15dbd8dd98717633f0e32c48,2013-05,Bedfordshire Police,Bedfordshire Police,-0.444822,52.125017,On or near GOODMAYES CLOSE,E01017519,Bedford 014B,Investigation complete; no suspect identified
04ec9266c5f69e0e0f7228161f9e8b032b691b5d08d811f1d46d1334082a738f,2013-05,Bedfordshire Police,Bedfordshire Police,-0.487565,51.892488,On or near POYNTERS ROAD,E01017583,Central Bedfordshire 027B,Investigation complete; no suspect identified
7dec4e058b0672a0649abfdce15337d7c0709ea6ad401b6f5ea30d41e6fe4d24,2013-05,Bedfordshire Police,Bedfordshire Police,-0.506319,51.911996,On or near ENFIELD CLOSE,E01017601,Central Bedfordshire 025B,Investigation complete; no suspect identified
142fce815bd758d7a2436ce0e5c1efa70217ce73f5c5802088a3ff8b77a350a1,2013-05,Bedfordshire Police,Bedfordshire Police,-0.489760,51.900716,On or near TREFOIL CLOSE,E01015759,Luton 009D,Investigation complete; no suspect identified
68d39bae6984b71ef393a37fae1e784111c3c6d1a865ad496803b00998b3abfe,2013-05,Bedfordshire Police,Bedfordshire Police,-0.485287,51.895839,On or near CHAPTER HOUSE ROAD,E01015763,Luton 013E,Investigation complete; no suspect identified
e77bbfedcd75315f6a2b0d6149e06210d81bd0ecabab8bbba50eb37253e595e1,2013-05,Bedfordshire Police,Bedfordshire Police,-0.418615,51.880279,On or near GORDON STREET,E01015794,Luton 018F,Investigation complete; no suspect identified
d64cc2a20432082154955f25e96adfd5e3cdf454199b2fce9bdfd9d772f41846,2013-05,Bedfordshire Police,Bedfordshire Police,-0.267402,51.998405,On or near JUBILEE CRESCENT,E01017376,Central Bedfordshire 010A,Investigation complete; no suspect identified
2fc513509aa031ea41aebc7cb3b671c50d0a00f21449f557abd2788ff2e1aa7f,2013-05,Bedfordshire Police,Bedfordshire Police,-0.263900,52.086238,On or near Supermarket,E01017385,Central Bedfordshire 005C,Suspect charged
f138560799579b68885471de109a46de906f282929fdf5376c43ad47021014cb,2013-05,Bedfordshire Police,Bedfordshire Police,-0.486830,52.079842,On or near Parking Area,E01017411,Central Bedfordshire 008B,Investigation complete; no suspect identified
a4c6daf565963369a554aa03d950c87b19535952f57a63d83d92428d3180655f,2013-05,Bedfordshire Police,Bedfordshire Police,-0.510703,52.130291,On or near MASTERS CLOSE,E01017461,Bedford 008C,Investigation complete; no suspect identified
d2527cbe720fc0daa84149fbb77225d1012810a80b0c467bce78fdab25f459ba,2013-05,Bedfordshire Police,Bedfordshire Police,-0.478111,52.142660,On or near WARWICK AVENUE,E01017501,Bedford 010E,Investigation complete; no suspect identified
6ec45291d45133186d3a04985f598de2eb59ffd8506aaa51f1783d2f9efead92,2013-05,Bedfordshire Police,Bedfordshire Police,-0.481810,52.136603,On or near CROWE ROAD,E01017536,Bedford 013B,Investigation complete; no suspect identified
d2e3982189cdf938e1b2c41133ca2ae246c5e930a01ef941490237a13e005e79,2013-05,Bedfordshire Police,Bedfordshire Police,-0.661247,51.915308,On or near Parking Area,E01017555,Central Bedfordshire 021A,Local resolution
317a81b7539db03cf70df19bc1661143c259ee6258a3396985bf0057c5b66f0a,2013-05,Bedfordshire Police,Bedfordshire Police,-0.430842,51.854600,On or near SUMMER STREET,E01017564,Central Bedfordshire 033D,Offender given a drugs possession warning
031f2b543cc76d115b88bc6e84d4df91311ccc762abe279cbe964c6c047785f7,2013-05,Bedfordshire Police,Bedfordshire Police,-0.499135,51.911617,On or near HOUGHTON PARK ROAD,E01017600,Central Bedfordshire 025A,Suspect charged
8e5cc33b0ca46b4343f2c70e2602a231ef9a046f12bb3a12bd5dd5b17a1d50ef,2013-05,Bedfordshire Police,Bedfordshire Police,-0.440623,51.875339,On or near Petrol Station,E01015736,Luton 020E,Suspect charged
da5cbcbc715912fb01111d538d8df111cefc543e409c89102c261d9cd5792a38,2013-05,Bedfordshire Police,Bedfordshire Police,-0.464457,51.901495,On or near ELY WAY,E01015751,Luton 005B,Investigation complete; no suspect identified
8ec6420b67ec719ebf1a27eb3ffc487715126d5cccf20a9ad2f4329f6ee628af,2013-05,Bedfordshire Police,Bedfordshire Police,-0.459056,51.914902,On or near MOXES WOOD,E01015802,Luton 003F,Investigation complete; no suspect identified
ba05f5b9d7d25e83575c5f93725355e6022d353628eef3c30496bfcf6ce9b145,2013-05,Bedfordshire Police,Bedfordshire Police,-0.372890,51.889213,On or near Supermarket,E01015808,Luton 014D,Investigation complete; no suspect identified
688bf7494f2ed9190328e7f6148abd175373788469a60f64432359e41d9bae1c,2013-05,Bedfordshire Police,Bedfordshire Police,-0.267862,52.061183,On or near DENNY CRESCENT,E01017414,Central Bedfordshire 010E,Investigation complete; no suspect identified
eed62157940b9c967e99f9fbd23cca53d061a7a0bc4e51f2cf9baadc21fc0497,2013-05,Bedfordshire Police,Bedfordshire Police,-0.447549,52.009037,On or near SILSOE ROAD,E01017445,Central Bedfordshire 017D,Offender given a drugs possession warning
302975b827ed87bb1a1f3acd529444f48c9309093ecf48acfad74a993871380d,2013-05,Bedfordshire Police,Bedfordshire Police,-0.507728,52.138903,On or near NODDERS WAY,E01017461,Bedford 008C,Suspect charged
3bcae610360de65990f63d609a0eacc805ec0cb21324071f49691de7123817ca,2013-05,Bedfordshire Police,Bedfordshire Police,-0.473696,52.138440,On or near BECKETT STREET,E01017471,Bedford 012F,Investigation complete; no suspect identified
f9259afde34f34746dd357a0ca975f673a77b24e8ca8a89b48800764ea14b9cc,2013-05,Bedfordshire Police,Bedfordshire Police,-0.495290,52.117283,On or near Supermarket,E01017505,Bedford 017A,Investigation complete; no suspect identified
3e9fb5f57277e94a088bf6523bef6edcc4c65c97c91d9f1317b2b78ee15c6b4f,2013-05,Bedfordshire Police,Bedfordshire Police,-0.422024,51.960485,On or near CHURCH ROAD,E01017559,Central Bedfordshire 018B,Offender given a drugs possession warning
a22fd20a8ee8e09fc28bf7bdf3eac796eedbb29941d123392d29f810763d1252,2013-05,Bedfordshire Police,Bedfordshire Police,-0.522882,51.904382,On or near ROMAN GARDENS,E01017579,Central Bedfordshire 026B,Investigation complete; no suspect identified
b011e689c9613b2568aef47337d8ddfc07100820ec866352915829d7e5154113,2013-05,Bedfordshire Police,Bedfordshire Police,-0.508656,51.881832,On or near BLOWS ROAD,E01017593,Central Bedfordshire 030B,Investigation complete; no suspect identified
e0739eb26c78ee56824c6bbb9bbe02233341dae662a76f9a0ce9d122563d3b6b,2013-05,Bedfordshire Police,Bedfordshire Police,-0.441419,51.878353,On or near WOODCOCK ROAD,E01015733,Luton 020B,Investigation complete; no suspect identified
f8e3e7dbb51f4f230a4958d5eea33b8b8d618ed0690851c818834a7919b320d3,2013-05,Bedfordshire Police,Bedfordshire Police,-0.401657,51.899615,On or near RYECROFT WAY,E01015796,Luton 012F,Investigation complete; no suspect identified
939044acb4c922edfc87cf7e524ed152b93fc397ea9f3be7a5aaaa1149fbad6b,2013-05,Bedfordshire Police,Bedfordshire Police,-0.392052,51.896293,On or near RICKYARD CLOSE,E01015776,Luton 012C,Investigation complete; no suspect identified
045f6158a3d17eafce99b4d576b7b4edbfce8c1fe1d60de854b7ab36d497afc5,2013-05,Bedfordshire Police,Bedfordshire Police,-0.392700,51.886680,On or near CRAWLEY GREEN ROAD,E01015780,Luton 016E,Investigation complete; no suspect identified
bc86e3378e1a8c7c8af035b3f294703f620456efb2df558825a5ca71ad68174f,2013-05,Bedfordshire Police,Bedfordshire Police,-0.378454,51.899379,On or near SALTDEAN CLOSE,E01015812,Luton 008E,Investigation complete; no suspect identified
294557f66e6994c698bebc4ca17c6ec2f9c507ee434efd6bae5e8399f1e68ea3,2013-05,Bedfordshire Police,Bedfordshire Police,-0.378454,51.899379,On or near SALTDEAN CLOSE,E01015812,Luton 008E,Suspect charged
44f4d765a483476b7833ebfc79c9525ffda36aed02c6b24160e0dadbcac3da0d,2013-05,Bedfordshire Police,Bedfordshire Police,-0.264398,52.087306,On or near CHURCH STREET,E01017385,Central Bedfordshire 005C,Suspect charged
3a911044266649578b7241f346b89c8bcea72181a70b41a831893a712466a868,2013-05,Bedfordshire Police,Bedfordshire Police,-0.491040,51.965732,On or near FOSTER ROAD,E01017409,Central Bedfordshire 017C,Investigation complete; no suspect identified
dfa7e757e96eac3f98afa22e66b8901758fafaf013ffee0dcc2ce796da1971ce,2013-05,Bedfordshire Police,Bedfordshire Police,-0.512932,52.140155,On or near GOLD LANE,E01017461,Bedford 008C,Investigation complete; no suspect identified
d80d7715aa6c3dd025abd83be4e582f25cf493baf2e1dc3dc753bb6e3f469cfa,2013-05,Bedfordshire Police,Bedfordshire Police,-0.486636,52.108450,On or near Shopping Area,E01017516,Bedford 018D,Offender given penalty notice
dc5e692263b801eb8bb1e48d7babd6384815d4d85818c14a8f9374a7d2f966c2,2013-05,Bedfordshire Police,Bedfordshire Police,-0.529225,51.889967,On or near WATERLOW ROAD,E01017568,Central Bedfordshire 029C,Investigation complete; no suspect identified
63bdcabc76c5834ce535d5339368060989c7423c1b91742b592044512b52ff22,2013-05,Bedfordshire Police,Bedfordshire Police,-0.522882,51.904382,On or near ROMAN GARDENS,E01017579,Central Bedfordshire 026B,Investigation complete; no suspect identified
28bd4bb25fb05b52a823d0dcbd6b798c7717f3640f442ef209b7d171be674775,2013-05,Bedfordshire Police,Bedfordshire Police,-0.530790,51.890544,On or near CROSS STREET NORTH,E01017599,Central Bedfordshire 028F,Investigation complete; no suspect identified
94fe09e2a65baf0f62ec1658133fde05010315a64aa71714b0aafb95b121021f,2013-05,Bedfordshire Police,Bedfordshire Police,-0.436390,51.887215,On or near DUNSTABLE ROAD,E01015726,Luton 015B,Investigation complete; no suspect identified
49e3a6b153d27542ad05dd79de23a5a227a1f830a414cd065c3d6748b8978109,2013-05,Bedfordshire Police,Bedfordshire Police,-0.474552,51.903847,On or near STONESDALE,E01015749,Luton 005A,Investigation complete; no suspect identified
30adde170a8d5e98c35414cb146f9c895b6e113702036bb668327557bfeb8ecb,2013-05,Bedfordshire Police,Bedfordshire Police,-0.434655,51.868579,On or near TINSLEY CLOSE,E01015732,Luton 020A,Offender given a caution
61769ab1f6bd12c93399602a7df4dbf8841fa70b93628a185c8c968be986c18d,2013-05,Bedfordshire Police,Bedfordshire Police,-0.418736,52.152525,On or near STRATHCONON ROAD,E01017493,Bedford 007F,Investigation complete; no suspect identified
f559dae7c3eb255d3704db380319a60d114e1a18a0d3b0b09da81bfb510ee303,2013-05,Bedfordshire Police,Bedfordshire Police,-0.664498,51.918923,On or near BASSETT ROAD,E01017555,Central Bedfordshire 021A,Investigation complete; no suspect identified
845d8bcb8385cb847434e6c41477ae3975af9a09e88f27c5dd7535c6a79baaed,2013-05,Bedfordshire Police,Bedfordshire Police,-0.394827,51.873878,On or near KIMPTON ROAD,E01015719,Luton 016A,Investigation complete; no suspect identified
2ac7fc4b77ee830977328ab9a6c5eadea24ff249d2338a9f980505ce3a2a4145,2013-05,Bedfordshire Police,Bedfordshire Police,-0.427079,51.880050,On or near BRANTWOOD ROAD,E01015729,Luton 019C,Investigation complete; no suspect identified
b8ce32154ccc88b67b9c73241c3713e6cf4de62dd1c50e3a2979fae15755cb08,2013-05,Bedfordshire Police,Bedfordshire Police,,,No location,,,Suspect charged
5ec54471736a5fff1c2c8305f120af9e2effafa135408a9bfc1b4a8130bab05d,2013-05,Bedfordshire Police,Bedfordshire Police,,,No location,,,Investigation complete; no suspect identified
5b309ada5106dcc16fbdb0d191e6b666a88ee94732da6e105b3c5b5936d42589,2013-05,Bedfordshire Police,Bedfordshire Police,,,No location,,,Investigation complete; no suspect identified
5b1227789533c9acfe472d14ad9710f0829f5e960800215a421caa628cbc19e1,2013-05,Bedfordshire Police,Bedfordshire Police,,,No location,,,Investigation complete; no suspect identified
40a4134025c88d3925f4560a0811b3f8436c3d5e70ba365efc69e70d0ac2ef8b,2013-05,Bedfordshire Police,Bedfordshire Police,,,No location,,,Investigation complete; no suspect identified
42216a35b49bcd921abe4f6e959ff4ae772d9205f851003cdb1413760cd9efdf,2013-05,Bedfordshire Police,Bedfordshire Police,,,No location,,,Investigation complete; no suspect identified
00b9dd4c10c6f5c0be5f457b5e3e9c9efb148c307d74aae9d0963fd708dd22fe,2013-05,Bedfordshire Police,Bedfordshire Police,,,No location,,,Investigation complete; no suspect identified
4a6e9b4d12cecfe263150b79ad661bd5501f96b14359255911e190f17840dfae,2013-05,Bedfordshire Police,Bedfordshire Police,-0.418251,51.884041,On or near VILLA ROAD,E01015741,Luton 018B,Suspect charged
81cc0b17f7c0d7770bc58127c1ae3a584c84c156fd4ce78740dff0cdf6c87e0d,2013-05,Bedfordshire Police,Bedfordshire Police,,,No location,,,Investigation complete; no suspect identified
942c686eadbf54076a8295ef0e34072c03657535d53f36a185147bd497587bc8,2013-05,Bedfordshire Police,Bedfordshire Police,-0.407685,51.876705,On or near GLOUCESTER ROAD,E01015789,Luton 018E,Suspect charged
f88321b5c26c4ec01c3d3f61874c1749c9d66878dfdb855f516dab035785d445,2013-05,Bedfordshire Police,Bedfordshire Police,,,No location,,,Investigation complete; no suspect identified
a51b51af091983a5646c089dfb3dc5571dbb766305b92dad88b1509a94263091,2013-05,Bedfordshire Police,Bedfordshire Police,,,No location,,,Investigation complete; no suspect identified
883cf5a860648c461d482ea298ea9e980dacaa3dd6d78cc501401055cc7d028d,2013-05,Bedfordshire Police,Bedfordshire Police,-0.295785,52.127390,On or near SWAN LANE,E01017432,Central Bedfordshire 002C,Suspect charged
e8ec5f582b049d6063e01d9b6a50f453f5a6cc27ca0e766dc064d16a9abd5685,2013-05,Bedfordshire Police,Bedfordshire Police,-0.461294,52.130681,On or near ROPE WALK,E01017522,Bedford 014E,Suspect charged
2e46258efea9f68a15de9e5611b358ec17120d96be7a2c4242ad080130ea8ad5,2013-05,Bedfordshire Police,Bedfordshire Police,-0.485488,51.888567,On or near KILN WAY,E01017583,Central Bedfordshire 027B,Suspect charged
4559a56cce1336d927ade45882610a2411a436846542822d6855cef89ff73546,2013-05,Bedfordshire Police,Bedfordshire Police,,,No location,,,Offender given a caution
9f62a2edb22a561da18e4ac80b761a7daf8d364e0dbb6c52031568ce87674ad2,2013-05,Bedfordshire Police,Bedfordshire Police,,,No location,,,Investigation complete; no suspect identified
f7613284721ea509f3db4df42bb98603c3a900e10829340c7efc42d40f03d7b7,2013-05,Bedfordshire Police,Bedfordshire Police,,,No location,,,Investigation complete; no suspect identified
270b59e1e28444d612f14317c2d772593c0e2171376d255a7a3bce2b498bf646,2013-05,Bedfordshire Police,Bedfordshire Police,-0.422560,51.873012,On or near HILLBOROUGH ROAD,E01015738,Luton 021A,Suspect charged
b7d6c01e6db316a62971d987628baf8e0d835dd258b728b1d585fbf1aa53ea52,2013-05,Bedfordshire Police,Bedfordshire Police,-0.495913,52.123494,On or near VINEYARD WAY,E01017509,Bedford 016A,Suspect charged
cd0859a19d7e7a0970eca35eb8b310f3b31d228c682c5088cf87843c45a55362,2013-05,Bedfordshire Police,Bedfordshire Police,,,No location,,,Investigation complete; no suspect identified
2548db3d96d091bfafa5d6adb2dac173e5d5d19b6c8731abc85d287ddd05b1d6,2013-05,Bedfordshire Police,Bedfordshire Police,,,No location,,,Investigation complete; no suspect identified
ce57557bebce37ca26cf3296f52d08c91fb108bc16ed7aebca35040b19ba3ca8,2013-05,Bedfordshire Police,Bedfordshire Police,,,No location,,,Investigation complete; no suspect identified
af49f90020ff61dd34cbdc87bdd2a86989aafd7bde01c3ee87878a37a8009714,2013-05,Bedfordshire Police,Bedfordshire Police,-0.529942,51.945032,On or near LUTON ROAD,E01017620,Central Bedfordshire 019C,Suspect charged
09c9b47c8663b7e921c57e94bd47282c75327f9b1daac7a02c6cb4d4bcf644f6,2013-05,Bedfordshire Police,Bedfordshire Police,-0.480469,52.126632,On or near STAFFORD ROAD,E01017512,Bedford 016D,Suspect charged
ae221076f01e7f3800c6c35a058e5d3604eedfba614c947ed55522f1ca261412,2013-05,Bedfordshire Police,Bedfordshire Police,,,No location,,,Investigation complete; no suspect identified
e76f384c32ca663f3ca535bb6b9b342ae6dea6e1dfa89b8f6d17c05025d2c053,2013-05,Bedfordshire Police,Bedfordshire Police,-0.473696,52.138440,On or near BECKETT STREET,E01017471,Bedford 012F,Suspect charged
1bf8a5456e956fcd988c06cb2f92659a657901592d5a708db1d7431dbf507c71,2013-05,Bedfordshire Police,Bedfordshire Police,-0.389432,51.897614,On or near Supermarket,E01015813,Luton 008F,Suspect charged
4ab088ee04576a405224a613635260c24347ff17d855caf8f972454b88159ddb,2013-05,Bedfordshire Police,Bedfordshire Police,-0.659876,51.915930,On or near LAKE STREET,E01017555,Central Bedfordshire 021A,Suspect charged
67994679d9f7387daf34474c4dea4d8e1a242377758c9d9136f0b1b3725385e4,2013-05,Bedfordshire Police,Bedfordshire Police,-0.382877,51.880216,On or near PERCIVAL WAY,E01015811,Luton 014G,Investigation complete; no suspect identified
8470f7de9b03a9553b50a16ed1a94aa56a22e1a727cffb46c759e916071f39ed,2013-05,Bedfordshire Police,Bedfordshire Police,-0.494445,52.032205,On or near PARK STREET,E01017374,Central Bedfordshire 012D,Investigation complete; no suspect identified
e64aae98ec15b94ea85907a40b9dfd452b06f6e1725452c12f519460965b4095,2013-05,Bedfordshire Police,Bedfordshire Police,-0.252554,52.083364,On or near SWANBOURNE CLOSE,E01017382,Central Bedfordshire 006B,Investigation complete; no suspect identified
2ba1dd26762c7d143768a61b6c76e0733583a3893eba87c9a1802d70683028f1,2013-05,Bedfordshire Police,Bedfordshire Police,-0.465331,52.158625,On or near HAWK DRIVE,E01017455,Bedford 005C,Investigation complete; no suspect identified
295fb6c8b2615e1ed6674d78370ffabacdcbc55d1bff81af3b61dc6705d9b8f2,2013-05,Bedfordshire Police,Bedfordshire Police,-0.493563,52.126063,On or near WELLS CLOSE,E01017511,Bedford 016C,Investigation complete; no suspect identified
4a19783f7d358ec247314a61bb6c7e86dda9721b02f723c55296cb59a8e380e0,2013-05,Bedfordshire Police,Bedfordshire Police,-0.539976,51.882423,On or near OAKWELL CLOSE,E01017566,Central Bedfordshire 028A,Investigation complete; no suspect identified
bb59070f345c5d4be13c28868eb7a314c6ea47197a89e0fcb5648a516755143c,2013-05,Bedfordshire Police,Bedfordshire Police,-0.522594,51.887888,On or near QUEENSWAY,E01017568,Central Bedfordshire 029C,Investigation complete; no suspect identified
741442faffb52613f40c942cb0e50680823806c22ad61e4393242098bcb84092,2013-05,Bedfordshire Police,Bedfordshire Police,-0.499992,51.897682,On or near Petrol Station,E01017584,Central Bedfordshire 027C,Investigation complete; no suspect identified
bd3e78b1c07d53f79be1da46cbf8ed31816a3e6ca41cd1e46580990be97877f0,2013-05,Bedfordshire Police,Bedfordshire Police,-0.429327,51.919338,On or near MARKHAM ROAD,E01015746,Luton 004B,Investigation complete; no suspect identified
31d0b9b02cc16caf78db35d5c8a02dba01aa54feaadaf1e730047290f9738d42,2013-05,Bedfordshire Police,Bedfordshire Police,-0.452156,51.918930,On or near NORTHWELL DRIVE,E01015770,Luton 001F,Investigation complete; no suspect identified
7da5333ff1c9050812923f0902b3bfe1a08818fae08c1d52d54624da5044b07a,2013-05,Bedfordshire Police,Bedfordshire Police,,,No location,,,Investigation complete; no suspect identified
6390bc614ed91f9e243fa9563cd72b50b0d49706b6ccda6ff2a70dfa81f6b988,2013-05,Bedfordshire Police,Bedfordshire Police,,,No location,,,Investigation complete; no suspect identified
10c3f187a26973eeea4da6f0deff22bfbc3fda2299f3dcc30d2874cdd3248e82,2013-05,Bedfordshire Police,Bedfordshire Police,-0.485287,51.895839,On or near CHAPTER HOUSE ROAD,E01015763,Luton 013E,Suspect charged
083eb8795a70c78f744417d907f829ff67e7ffeee407c4fc7f1cce21fce0e2ac,2013-05,Bedfordshire Police,Bedfordshire Police,-0.391348,51.891598,On or near YEOVIL ROAD,E01015776,Luton 012C,Investigation complete; no suspect identified
449c7404e0f06723d5358f95aff18524eb47fa68e94da982c88ddbe93bf47e43,2013-05,Bedfordshire Police,Bedfordshire Police,-0.389078,51.890443,On or near BURNHAM ROAD,E01015779,Luton 016D,Investigation complete; no suspect identified
841bc0c04586cbc78b9570674843d1617413aa1d00622e6269128c0291f4f1ad,2013-05,Bedfordshire Police,Bedfordshire Police,-0.417202,51.879154,On or near Shopping Area,E01015794,Luton 018F,Investigation complete; no suspect identified
2f12d1b6d02d552545f52cfb9e30f43df5ae95135e7bec85e1c8f8b5a0689faa,2013-05,Bedfordshire Police,Bedfordshire Police,-0.230639,52.080618,On or near DUNTON LANE,E01017389,Central Bedfordshire 006C,Investigation complete; no suspect identified
47eb6c9e63fce22fb4729292658a48360ede2c63a1b6eac34fec96c6b8fddf94,2013-05,Bedfordshire Police,Bedfordshire Police,-0.424279,52.024400,On or near Petrol Station,E01017445,Central Bedfordshire 017D,Offender given penalty notice
b1398975cf58430974ab3fd1c4907c548c545f80b1f2c5fac7b056839ade0c2b,2013-05,Bedfordshire Police,Bedfordshire Police,-0.495290,52.117283,On or near Supermarket,E01017505,Bedford 017A,Investigation complete; no suspect identified
7abae8c4475e0d6514c0909af4c46fc4cb23ce7a15880e76d3f9d19023592e1b,2013-05,Bedfordshire Police,Bedfordshire Police,-0.663068,51.916156,On or near HIGH STREET,E01017555,Central Bedfordshire 021A,Investigation complete; no suspect identified
f45c01c5f5d3061474ca535a9a55acb2e6c48c903e231005464ced78ed397ab6,2013-05,Bedfordshire Police,Bedfordshire Police,-0.503280,51.903703,On or near TUDOR DRIVE,E01017580,Central Bedfordshire 026C,Local resolution
de970b94db5a1e883138d216bd64aad397c8e6791077e1a0b04d166951ade591,2013-05,Bedfordshire Police,Bedfordshire Police,-0.509038,51.914179,On or near KENT ROAD,E01017619,Central Bedfordshire 025E,Suspect charged
c68f6fbe9f6d986f001ffd18f38dd1e1034a56eb8a75693c7948a06ff3141e59,2013-05,Bedfordshire Police,Bedfordshire Police,-0.429327,51.919338,On or near MARKHAM ROAD,E01015746,Luton 004B,Investigation complete; no suspect identified
63eb89aa65e1006a32051038212e8f74cd06d639729e66de962494cb5b908ed9,2013-05,Bedfordshire Police,Bedfordshire Police,-0.474559,51.902786,On or near BANK CLOSE,E01015749,Luton 005A,Suspect charged
0394ab43d2e990c86b9403db7786c13f6dd35a6ed5e96256c69eb1500a65c4cb,2013-05,Bedfordshire Police,Bedfordshire Police,-0.416859,51.878178,On or near GEORGE STREET WEST,E01015791,Luton 021C,Suspect charged
4e516bb3172880112017c2a8b71b4599c9fec8943d1bde12604860cd6e32a734,2013-05,Bedfordshire Police,Bedfordshire Police,-0.469760,51.915672,On or near THE PARADE,E01015804,Luton 002C,Suspect charged
5307a6d8098fdd1b61ce66c0b471eba2340600f55db062dfc731f4865a6a3e76,2013-05,Bedfordshire Police,Bedfordshire Police,-0.259735,52.085628,On or near THE DELLS,E01017383,Central Bedfordshire 005A,Investigation complete; no suspect identified
371cc7facd53c3ee0a622a84b51b4ba2007c78f069d4df7f6405c90e6a1e4015,2013-05,Bedfordshire Police,Bedfordshire Police,-0.282716,52.124197,On or near WILLOW RISE,E01017431,Central Bedfordshire 002B,Investigation complete; no suspect identified
b64e875187b2734f684b0e58064a517270ab17b885c93c90634cf4597b53d2df,2013-05,Bedfordshire Police,Bedfordshire Police,-0.475106,52.136525,On or near ALEXANDRA ROAD,E01017466,Bedford 012A,Investigation complete; no suspect identified
71cb55b5f3a048362f47bb5fa12b036cf4dc3bf01e9adc91c6792e88c2a62ddb,2013-05,Bedfordshire Police,Bedfordshire Police,-0.417579,52.153417,On or near POPPYFIELDS,E01017493,Bedford 007F,Suspect charged
13056bc6a6a7d8387e72bec0b61af90c049940d94a17ac2b764a2cec43fc9994,2013-05,Bedfordshire Police,Bedfordshire Police,-0.442953,52.152649,On or near ARROW LEYS,E01017532,Bedford 006D,Suspect charged
c32059dbb50d6a9f321b2dafe00ce5e936465604265fa7e7813bee392cceeac8,2013-05,Bedfordshire Police,Bedfordshire Police,-0.523237,51.886440,On or near ELEANOR'S CROSS,E01017568,Central Bedfordshire 029C,Investigation complete; no suspect identified
5526a85f0b993a5163da7008eed91d1c363ca2364460a1b08f3b8730095135a3,2013-05,Bedfordshire Police,Bedfordshire Police,-0.673565,51.916661,On or near NEW ROAD,E01017589,Central Bedfordshire 022A,Investigation complete; no suspect identified
6548d8c9a53bbcb1d4d4f0d5cdd8cced840017ba40e8821391bb145b24d34ef3,2013-05,Bedfordshire Police,Bedfordshire Police,-0.514922,51.911242,On or near RECREATION ROAD,E01017619,Central Bedfordshire 025E,Suspect charged
6f252dd655096c03f6fdd57391ce34c7308cd1b65450d87eff81cfaa4bbf3609,2013-05,Bedfordshire Police,Bedfordshire Police,-0.424957,51.872181,On or near Sports/Recreation Area,E01015735,Luton 020D,Investigation complete; no suspect identified
a7d3792136f1d59232d582c97b5287aa9524f400ccb5c8d5d6feb60ac3077f10,2013-05,Bedfordshire Police,Bedfordshire Police,-0.425970,51.911372,On or near GLENFIELD ROAD,E01015744,Luton 004A,Investigation complete; no suspect identified
b9d5e40d7eab4ebbfe3aacea399e98f0986e8be86d150ff2e7dd8316e40551d8,2013-05,Bedfordshire Police,Bedfordshire Police,-0.437887,51.896011,On or near FITZROY AVENUE,E01015786,Luton 010F,Investigation complete; no suspect identified
cbd96281363fef16220bb9fafeb1d6223b636e712be42324f349e9118b613390,2013-05,Bedfordshire Police,Bedfordshire Police,-0.414956,51.881048,On or near GUILDFORD STREET,E01015794,Luton 018F,Suspect charged
54fd310ab2b4068af0012c89d14dc415796e3ea5d56069a95eebeff153da7bcf,2013-05,Bedfordshire Police,Bedfordshire Police,-0.321411,52.140174,On or near STATION ROAD,E01017424,Central Bedfordshire 004D,Investigation complete; no suspect identified
ea56e1d74e2e1812be1607b414014f66dd6e820ab56aea03441adc153a05f259,2013-05,Bedfordshire Police,Bedfordshire Police,-0.231961,52.019827,On or near VAUGHAN ROAD,E01017446,Central Bedfordshire 014A,Suspect charged
507ad56f90c25bcac81c45d5fa927a720cb96de51e220cc8a65be7536db7712a,2013-05,Bedfordshire Police,Bedfordshire Police,-0.473690,52.133918,On or near PREBEND STREET,E01017466,Bedford 012A,Suspect charged
9d598f1240a1f8a91d05f729aa761a4b5996191a8604b44a8a9cb144d1eccbc0,2013-05,Bedfordshire Police,Bedfordshire Police,-0.415646,52.152295,On or near HAMMOND ROAD,E01017493,Bedford 007F,Investigation complete; no suspect identified
02ed94cb8336c01013580f727091912c30d22c7e1a278f043a896e1edad7e6f1,2013-05,Bedfordshire Police,Bedfordshire Police,-0.432707,52.156362,On or near HELMSLEY AVENUE,E01017531,Bedford 006C,Investigation complete; no suspect identified
c70d193994dd1ec2091df0795b912267b93815972d17c186ae7897c962dfcdad,2013-05,Bedfordshire Police,Bedfordshire Police,-0.533857,52.224664,On or near TYTHE CLOSE,E01017544,Bedford 001C,Investigation complete; no suspect identified
4cdc003c0be1a7b4cea31a320d2d6f159f5dd6d3a4d4e249630601ab106a53ba,2013-05,Bedfordshire Police,Bedfordshire Police,-0.522952,51.886274,On or near Parking Area,E01017568,Central Bedfordshire 029C,Offender given a drugs possession warning
64f6f9e388ac38a8c9d17cddbc09cd71ce03264c26160ea7dd9ccc184ac00f8f,2013-05,Bedfordshire Police,Bedfordshire Police,-0.635962,51.919648,On or near RYE CLOSE,E01017605,Central Bedfordshire 020C,Investigation complete; no suspect identified
4d1a4e8424e109a3808e2ed57afac2a3dba95e49a8728d9a314da839c98d5383,2013-05,Bedfordshire Police,Bedfordshire Police,-0.476391,51.893728,On or near Parking Area,E01015762,Luton 013D,Suspect charged
a31a805edb135f1d9d4deb85eebecb97c3dd930a9826f8a43bab99c9bbb2ce6f,2013-05,Bedfordshire Police,Bedfordshire Police,-0.451671,51.903018,On or near MARSH ROAD,E01015785,Luton 006G,Suspect charged
44381f5f2ea269707c29e674f665b720f55b1e5e149f8dd8b7dccafa5aa2c5d5,2013-05,Bedfordshire Police,Bedfordshire Police,-0.438395,51.887242,On or near HIGHFIELD ROAD,E01015726,Luton 015B,Investigation complete; no suspect identified
6d2bec8dcf8c8263d26d984e1cee137827e2728fae78b0cb231d8d1f742d1621,2013-05,Bedfordshire Police,Bedfordshire Police,-0.429382,51.914843,On or near CLAYDON CLOSE,E01015748,Luton 004D,Suspect charged as part of another case
a7a882c5270d9aa230a6feda571a7d8ed0e87bef44afd927bf84e2c4f30d9ab6,2013-05,Bedfordshire Police,Bedfordshire Police,-0.464924,51.907822,On or near NAPPSBURY ROAD,E01015754,Luton 005E,Suspect charged as part of another case
f5562aa7feaa9560abf78aeaabfc05e316cbeebe767483585557c19e001fd389,2013-05,Bedfordshire Police,Bedfordshire Police,-0.452003,51.914522,On or near SHERD CLOSE,E01015772,Luton 003C,Suspect charged as part of another case
ff633cbf1cc2598c237b2f9590aec8488443b1e1700e1b81e878c465f1836fcd,2013-05,Bedfordshire Police,Bedfordshire Police,-0.398629,51.894431,On or near KYNANCE CLOSE,E01015777,Luton 012D,Investigation complete; no suspect identified
330a69fc67a5dc32c33cbed3f6a628b16934752bc737e749d1b44e0d4ca9f1c4,2013-05,Bedfordshire Police,Bedfordshire Police,-0.469607,52.001808,On or near JOES CLOSE,E01017398,Central Bedfordshire 017A,Investigation complete; no suspect identified
a4ce02100b1bd52b9982215dc008b99456fe94c8dd06b5452e81f0f2e418caed,2013-05,Bedfordshire Police,Bedfordshire Police,-0.297240,52.138650,On or near COTTAGE ROAD,E01017436,Central Bedfordshire 001C,Investigation complete; no suspect identified
71549c12e0ed7f849d3e65267ece7a25d2c9cb0222b5c5dde6016ee23f9af185,2013-05,Bedfordshire Police,Bedfordshire Police,-0.468380,52.141320,On or near PRINCESS STREET,E01017502,Bedford 010F,Investigation complete; no suspect identified
7830ec7dd2541b67c6d444111042105ca1dbb00e14dc27f48dab22eefa8e9c62,2013-05,Bedfordshire Police,Bedfordshire Police,-0.423820,52.144734,On or near BURY WALK,E01017527,Bedford 011D,Investigation complete; no suspect identified
9f8bc7528bbab5204d23f11055546a4ff0e90dbf883005ca944a028ffe461251,2013-05,Bedfordshire Police,Bedfordshire Police,-0.504572,51.895888,On or near HUMPHRYS ROAD,E01017581,Central Bedfordshire 026D,Investigation complete; no suspect identified
ecc3b346f064f211d3a59f5dc80c5ce6d2e65804aaf0e276646b14ea5c849842,2013-05,Bedfordshire Police,Bedfordshire Police,-0.430487,51.890230,On or near ALTHORP ROAD,E01015704,Luton 010C,Investigation complete; no suspect identified
694775a1dda117991469cca32f1edb71f295adecf9028e33ee59784bb27d1894,2013-05,Bedfordshire Police,Bedfordshire Police,-0.442753,51.915839,On or near QUICKSWOOD,E01015709,Luton 001D,Suspect charged as part of another case
55f96a9b4f4016a43f61a67a9854186dbb7eae32e6af01bab6499dbf942d2de7,2013-05,Bedfordshire Police,Bedfordshire Police,-0.493484,51.904963,On or near PADDOCK CLOSE,E01015756,Luton 009A,Suspect charged
cce61f2174ac2af8034804413a182fdf51cb1389cec9ee98d0b0619824ce2adc,2013-05,Bedfordshire Police,Bedfordshire Police,-0.444016,51.903276,On or near GARDEN COURT,E01015767,Luton 006D,Suspect charged
0867e103ac257f09fc90a75682a09c4375c52fe179e45e2e1dd89ffd7f9cfedd,2013-05,Bedfordshire Police,Bedfordshire Police,-0.399951,51.885466,On or near ABBOTS WOOD ROAD,E01015780,Luton 016E,Investigation complete; no suspect identified
e99673b1793304d765e9593b8a5e823a3afaea50c93b0cb86a3f8d5298faa99f,2013-05,Bedfordshire Police,Bedfordshire Police,-0.428691,51.897156,On or near ST BERNARD'S CLOSE,E01015784,Luton 010E,Suspect charged
4f2d1ebd790b4ec4f54a81585957682037b83ee3002710f18297fb40392c91f7,2013-05,Bedfordshire Police,Bedfordshire Police,-0.446445,51.898597,On or near WALLER AVENUE,E01015787,Luton 015D,Investigation complete; no suspect identified
4367458e8326fde98f36f84d1268347994e507280113fb96b608f08c10c49d52,2013-05,Bedfordshire Police,Bedfordshire Police,-0.423397,51.877744,On or near NAPIER ROAD,E01015795,Luton 021F,Suspect charged
95ec1cf4d340aa3e2cbb8d9a7e66a5ba25bf3f82156224e1b4ad2f8c57f157e5,2013-05,Bedfordshire Police,Bedfordshire Police,-0.382392,51.881585,On or near PROVOST WAY,E01015811,Luton 014G,Investigation complete; no suspect identified
c248d723e72f508403c7946a0433122e30e95592a13abf82633aed4cc2998894,2013-05,Bedfordshire Police,Bedfordshire Police,-0.491476,51.967923,On or near STIVERS WAY,E01017409,Central Bedfordshire 017C,Investigation complete; no suspect identified
844811316f7784e60bc38e1a55b4e9861380b0f454600ae776485c8ba5488def,2013-05,Bedfordshire Police,Bedfordshire Police,-0.426518,52.028710,On or near Parking Area,E01017421,Central Bedfordshire 008E,Investigation complete; no suspect identified
324c75fa3be8b1432dd49b84509977249bf72c4391ec49f0730256844cee92c3,2013-05,Bedfordshire Police,Bedfordshire Police,-0.293362,52.136121,On or near ENGAYNE AVENUE,E01017433,Central Bedfordshire 001A,Suspect charged
668c202a158ecb1330c39d933187036bade604359bfa769ce97eb8c11bed1cf3,2013-05,Bedfordshire Police,Bedfordshire Police,-0.422368,51.920396,On or near LINKS WAY,E01017616,Central Bedfordshire 018D,Suspect charged as part of another case
62e0d5a98ace3267b61ccc1db68d96488887d4feb2817421b2587496804e14b4,2013-05,Bedfordshire Police,Bedfordshire Police,-0.429622,51.923388,On or near DANVERS DRIVE,E01015707,Luton 001B,Suspect charged as part of another case
988f95b7f5548a82dc42abd226b718766c1f1341a26518caf3c036856938cff0,2013-05,Bedfordshire Police,Bedfordshire Police,-0.419204,51.873012,On or near STOCKWOOD CRESCENT,E01015738,Luton 021A,Suspect charged
a37e98c8d3f3267bc1c3fc25fba6f147cbeb28cd1d7f4d597b0305a7e16b8071,2013-05,Bedfordshire Police,Bedfordshire Police,-0.415846,51.883433,On or near Nightclub,E01015741,Luton 018B,Investigation complete; no suspect identified
e33aa7bb59741f30096d1ff4170eccb027316acb43092a86a4905be6f57f53ad,2013-05,Bedfordshire Police,Bedfordshire Police,-0.487523,51.896767,On or near LEAGRAVE HIGH STREET,E01015763,Luton 013E,Suspect charged
8a9b9f06db1ce729f125f26ad72ac9c2e3b73ec52e41997b448e4d086b3e1ee0,2013-05,Bedfordshire Police,Bedfordshire Police,-0.417847,51.874442,On or near WINDSOR STREET,E01015791,Luton 021C,Investigation complete; no suspect identified
5a05e40b3206c6c8ae0f56185a5ebc0547f6ce0970f919fabb65891365e32ec4,2013-05,Bedfordshire Police,Bedfordshire Police,-0.414956,51.881048,On or near GUILDFORD STREET,E01015794,Luton 018F,Investigation complete; no suspect identified
dc9fd68ff9103f3fdb7a556b60481546af1830a35f981ef36461377eb89d93c6,2013-05,Bedfordshire Police,Bedfordshire Police,-0.382877,51.880216,On or near PERCIVAL WAY,E01015811,Luton 014G,Investigation complete; no suspect identified
7c3c63bec590a78ea021cc0a16b785f7a7493a0fe10fce391fec23a3b0b8cdfd,2013-05,Bedfordshire Police,Bedfordshire Police,-0.259712,52.013398,On or near GOTHIC WAY,E01017378,Central Bedfordshire 010C,Suspect charged
81e1b308982b62d8d990157dc9587da6a05b880d429967eaff5c74f410bd2ef7,2013-05,Bedfordshire Police,Bedfordshire Police,-0.447032,52.141680,On or near DAWLISH DRIVE,E01017483,Bedford 009B,Investigation complete; no suspect identified
df9f3279fffc16df36e7b58a10b07fcf97586447b440137bbffc63954ad2057b,2013-05,Bedfordshire Police,Bedfordshire Police,-0.434444,51.885094,On or near WARWICK ROAD EAST,E01015725,Luton 017E,Investigation complete; no suspect identified
4dfd3de766e41188a5384bfad7c20a37a0fac113a0721b026948e3451355f723,2013-05,Bedfordshire Police,Bedfordshire Police,-0.645763,51.907524,On or near COOPER DRIVE,E01033192,Central Bedfordshire 024F,Investigation complete; no suspect identified
0167af970db3758792dd1a9c26738c93df685e18f701871c99f246dcec93c809,2013-05,Bedfordshire Police,Bedfordshire Police,-0.645763,51.907524,On or near COOPER DRIVE,E01033192,Central Bedfordshire 024F,Suspect charged
99d33dbb89a897beb78288bb12ded83ee4c4e6cbdcc6d9efee8d0d1ea919e1c6,2013-05,Bedfordshire Police,Bedfordshire Police,-0.640100,51.914544,On or near MARLEY FIELDS,E01033193,Central Bedfordshire 024G,Investigation complete; no suspect identified
f22ba084d68e95c012c7ca612a78f20b01211f2f3f99a02ac7da876f58cc7ebb,2013-05,Bedfordshire Police,Bedfordshire Police,-0.638778,51.917397,On or near Sports/Recreation Area,E01033193,Central Bedfordshire 024G,Investigation complete; no suspect identified
59e8356aa7fc36245d1379a9b4db95bbfa00b16ca2aef388987c428ef78dd2a7,2013-05,Bedfordshire Police,Bedfordshire Police,-0.598240,52.034016,On or near Parking Area,E01033194,Central Bedfordshire 007G,Investigation complete; no suspect identified
8e137de4e9acbd94836e9a76d9d73b9ac22933232626d83ecebea99e196a274d,2013-05,Bedfordshire Police,Bedfordshire Police,-0.614874,52.066086,On or near TOWNSEND CLOSE,E01033194,Central Bedfordshire 007G,Local resolution
8813dba78476f5525ef58a671abbc8bd20197ed6669010477b5dd927cf46f701,2013-05,Bedfordshire Police,Bedfordshire Police,-0.597774,52.096868,On or near ASTWOOD ROAD,E01033194,Central Bedfordshire 007G,Investigation complete; no suspect identified
a93c3afc97e9f0a86dd20e46e553b2cda16566d55c9654dc305d55068bd901a1,2013-05,Bedfordshire Police,Bedfordshire Police,-0.596149,52.034683,On or near HILL CRESCENT,E01033194,Central Bedfordshire 007G,Investigation complete; no suspect identified
fe20ebec89706923f8fff340fcbb0b07da7c9763d7c54f1a63ee52faa8731183,2013-05,Bedfordshire Police,Bedfordshire Police,-0.611664,52.066561,On or near Petrol Station,E01033194,Central Bedfordshire 007G,Investigation complete; no suspect identified
ade59afc37814dfa3a8fe3e02c2a4c1eb110a8b7703fe60b045754eb959378f6,2013-05,Bedfordshire Police,Bedfordshire Police,-0.611664,52.066561,On or near Petrol Station,E01033194,Central Bedfordshire 007G,Investigation complete; no suspect identified
1d8d5d11d5c8137bdbec7e621528dc2d5df18331525aaaa1bcb401d84b8d1c74,2013-05,Bedfordshire Police,Bedfordshire Police,-0.627804,52.074986,On or near COLLEGE ROAD,E01033194,Central Bedfordshire 007G,Investigation complete; no suspect identified
4f55bddd367e899062037f3d300525af1938515cd48af64c16553c522c789393,2013-05,Bedfordshire Police,Bedfordshire Police,-0.594792,52.034253,On or near RIDGWAY ROAD,E01033194,Central Bedfordshire 007G,Suspect charged
20cf72052e0c43875d0ae61149ad93ac2e64d03d3a963e82bcd8e4540e81708f,2013-05,Bedfordshire Police,Bedfordshire Police,-0.610720,52.066424,On or near WILLOW SPRINGS,E01033194,Central Bedfordshire 007G,Investigation complete; no suspect identified
b5270a82a619d348ba00fee0e1fa061ce71f9f44fbc475c6eeef77ed83f47143,2013-05,Bedfordshire Police,Bedfordshire Police,-0.398841,52.161922,On or near TOP END,E01033432,Bedford 004G,Investigation complete; no suspect identified
0e8bbe83cb6bbef7d7997fb3036bf7fa6fd24c483cd83ab29f4715e5f35ad86d,2013-05,Bedfordshire Police,Bedfordshire Police,-0.418996,52.156332,On or near KENWYN CLOSE,E01033432,Bedford 004G,Investigation complete; no suspect identified
202d80d8499c9926798807037ed1d070bed5463c18dd9f050e401ad06d7b2b6e,2013-05,Bedfordshire Police,Bedfordshire Police,-0.422485,52.164327,On or near GREEN LANE,E01033432,Bedford 004G,Investigation complete; no suspect identified
6db3097819fdbbee1c0c1673a1386cd59ad6b42fe40e17756e7c548398e3ec93,2013-05,Bedfordshire Police,Bedfordshire Police,-0.449498,52.181759,On or near THURLEIGH ROAD,E01033432,Bedford 004G,Suspect charged
63a69a658b49d10b8e8af8f79b24bd4f7207c5923c46236fa78a3adb3f44f696,2013-05,Bedfordshire Police,Bedfordshire Police,-0.413462,51.901601,On or near BRADGERS HILL ROAD,E01015693,Luton 007A,Investigation complete; no suspect identified
d5e7bcd7b056774309584aaff7c66c514d8f9abf0e17e89e9142be495764e07c,2013-05,Bedfordshire Police,Bedfordshire Police,-0.419159,51.902055,On or near WESTLECOTE GARDENS,E01015694,Luton 007B,Investigation complete; no suspect identified
c7bfd96150fa81064ea504f67a278edf12d08d6946ae89b978023cd5ef0050c0,2013-05,Bedfordshire Police,Bedfordshire Police,-0.424318,51.898339,On or near FOUNTAINS ROAD,E01015695,Luton 007C,Suspect charged
4bc31285ccc6b05c97a60f73bba055cbd563a90881faa633fa74a3a78efff119,2013-05,Bedfordshire Police,Bedfordshire Police,-0.417033,51.897602,On or near GREENHILL AVENUE,E01015695,Luton 007C,Offender given a caution
09087d7e0d02d012638718ba4f08c6dffad09d5d3ca4300b19bda4fefa64f3a3,2013-05,Bedfordshire Police,Bedfordshire Police,-0.417033,51.897602,On or near GREENHILL AVENUE,E01015695,Luton 007C,Offender given a caution
02c2f5786e6558552739daebe6ffe0dbe554ee5fed6cf2075721d2d0417c0dbc,2013-05,Bedfordshire Police,Bedfordshire Police,-0.417033,51.897602,On or near GREENHILL AVENUE,E01015695,Luton 007C,Investigation complete; no suspect identified
7d851d6a84764b30064279392f4a113cd79b881e65296a494ef1a239815904a2,2013-05,Bedfordshire Police,Bedfordshire Police,-0.417033,51.897602,On or near GREENHILL AVENUE,E01015695,Luton 007C,Investigation complete; no suspect identified
90ff0766004e0d65ca5b8c88538c09a14df868fda94ed638275f22872e9e6ec6,2013-05,Bedfordshire Police,Bedfordshire Police,-0.414484,51.908097,On or near KIDNER CLOSE,E01015697,Luton 007E,Investigation complete; no suspect identified
2f2e6f3a0fd2597ba01cc4933c7c5878bd87ae232607de92a4711dfcabacea71,2013-05,Bedfordshire Police,Bedfordshire Police,-0.416940,51.905208,On or near OLD BEDFORD ROAD,E01015697,Luton 007E,Investigation complete; no suspect identified
bfc1629d35642c07a3d78848882381f1488b952d01cee44e935e1895cc2aa2fd,2013-05,Bedfordshire Police,Bedfordshire Police,-0.412843,51.905971,On or near ROBINSWOOD,E01015697,Luton 007E,Investigation complete; no suspect identified
937e058dc9eca500d9edc5f6944f301471698a240413d65508833ce8e788ecd1,2013-05,Bedfordshire Police,Bedfordshire Police,-0.415077,51.908582,On or near POMEROY GROVE,E01015697,Luton 007E,Investigation complete; no suspect identified
1f6affdd6741e0fb3ecb9995f0c53d605542fc9f8da72da25a4ca092b767ecd4,2013-05,Bedfordshire Police,Bedfordshire Police,-0.426237,51.885434,On or near WALDECK ROAD,E01015698,Luton 017A,Offender given a caution
b111bcac44c0465dfac5d76cee2bb12c2c4b7057b5ecc19627947f957f326c6e,2013-05,Bedfordshire Police,Bedfordshire Police,-0.425014,51.886335,On or near BISCOT ROAD,E01015698,Luton 017A,Investigation complete; no suspect identified
092d6aa845b19d5987c57754e335b0872d3fbba40563fd57ee3f036b95c72d44,2013-05,Bedfordshire Police,Bedfordshire Police,-0.426237,51.885434,On or near WALDECK ROAD,E01015698,Luton 017A,Offender given a caution
c549d9db5d594407205718a6a5177a3dd9180af8de2b2214a68b287d42bc829d,2013-05,Bedfordshire Police,Bedfordshire Police,-0.426237,51.885434,On or near WALDECK ROAD,E01015698,Luton 017A,Investigation complete; no suspect identified
abb990df29cb87f1ee098031cbfc307c6b44716fb05fe7f62734d0242e7434ed,2013-05,Bedfordshire Police,Bedfordshire Police,-0.426915,51.885569,On or near BURY PARK ROAD,E01015698,Luton 017A,Investigation complete; no suspect identified
99a1970e98791152eda3c46a66a136d79a8a323e5fbbad5a88a49dfa98387bec,2013-05,Bedfordshire Police,Bedfordshire Police,-0.424290,51.887935,On or near MALZEARD ROAD,E01015698,Luton 017A,Suspect charged
31eac3deb78100d79fff3c526a5a771281c6aef6fb62cc217a2a7e4f3b1fca7f,2013-05,Bedfordshire Police,Bedfordshire Police,-0.424290,51.887935,On or near MALZEARD ROAD,E01015698,Luton 017A,Investigation complete; no suspect identified
bd1fed89c5495cbd55914b062af559a883136d14491a5aa7dff7158123886d81,2013-05,Bedfordshire Police,Bedfordshire Police,-0.421705,51.882919,On or near TELFORD WAY,E01015699,Luton 017B,Investigation complete; no suspect identified
12d64e99739ec83f22a00b56aeb19d80d8137b44e05e2fadc4aea19802b32254,2013-05,Bedfordshire Police,Bedfordshire Police,-0.419485,51.882835,On or near NEW BEDFORD ROAD,E01015699,Luton 017B,Investigation complete; no suspect identified
2fece651446738bcb5bcb8e630de91c411b1da31ba36642f0a5795d7b046c4a8,2013-05,Bedfordshire Police,Bedfordshire Police,-0.423148,51.882776,On or near Supermarket,E01015699,Luton 017B,Local resolution
2469f2e06424f432875edb19585eb33c623e88ff070f9edfe920fbe59197cff5,2013-05,Bedfordshire Police,Bedfordshire Police,-0.423148,51.882776,On or near Supermarket,E01015699,Luton 017B,Suspect charged
b278f9f8b574829f1cc4cdbe8e0dcb384ba14611a654af646ce726446cadf530,2013-05,Bedfordshire Police,Bedfordshire Police,-0.422742,51.885648,On or near BROOK STREET,E01015699,Luton 017B,Investigation complete; no suspect identified
98314cb997158c77be8f5478f8436e5fb50fac126338a70c55d729c085227e3d,2013-05,Bedfordshire Police,Bedfordshire Police,-0.423148,51.882776,On or near Supermarket,E01015699,Luton 017B,Suspect charged
f89097886fbf8862a409ec36951aa3bdcbce5cadc60276de43f5e8cc34401b01,2013-05,Bedfordshire Police,Bedfordshire Police,-0.422742,51.885648,On or near BROOK STREET,E01015699,Luton 017B,Offender given a caution
2116390656f36ce53e439a9445284f8e2dc6a44bf90ef627904ba3a6a07d8b60,2013-05,Bedfordshire Police,Bedfordshire Police,-0.420744,51.883391,On or near Pedestrian Subway,E01015699,Luton 017B,Suspect charged
0d70f3f2f7574eee684e9196ed3cbacd7dba941e7ccf5220c347fe24c7f95faf,2013-05,Bedfordshire Police,Bedfordshire Police,-0.423148,51.882776,On or near Supermarket,E01015699,Luton 017B,Suspect charged
f550cbf731bde5af38c6c55a760239ada85e39675ab5425d8718841ac9f4dabc,2013-05,Bedfordshire Police,Bedfordshire Police,-0.421330,51.887392,On or near NEW BEDFORD ROAD,E01015699,Luton 017B,Suspect charged
6a21dfb075d39f1836fe7c5ade91b54325351e62e34f60ed25a93f789f4ea102,2013-05,Bedfordshire Police,Bedfordshire Police,-0.425541,51.884148,On or near MOOR STREET,E01015699,Luton 017B,Investigation complete; no suspect identified
89205e9549c1d7214fb17dc74a2a245001d4a3b29e28cdb642c76bab6e65b631,2013-05,Bedfordshire Police,Bedfordshire Police,-0.421330,51.887392,On or near NEW BEDFORD ROAD,E01015699,Luton 017B,Suspect charged
b83d582cf0696514aca6a184c63b839ed8e618f43ad5b9797f1e878f2e5d771c,2013-05,Bedfordshire Police,Bedfordshire Police,-0.421982,51.883309,On or near Shopping Area,E01015699,Luton 017B,Investigation complete; no suspect identified
6ec935ec7c3e47587b52a832ab515e6bc6f122e19857584a7396893db170b899,2013-05,Bedfordshire Police,Bedfordshire Police,-0.423148,51.882776,On or near Supermarket,E01015699,Luton 017B,Local resolution
6ec935ec7c3e47587b52a832ab515e6bc6f122e19857584a7396893db170b899,2013-05,Bedfordshire Police,Bedfordshire Police,-0.423148,51.882776,On or near Supermarket,E01015699,Luton 017B,Local resolution
f0bdb7e1c45bd87de913e3303cbf20f97ca285220d9b6f50648a99fca09ef218,2013-05,Bedfordshire Police,Bedfordshire Police,-0.425541,51.884148,On or near MOOR STREET,E01015699,Luton 017B,Offender given a caution
15af1ba110cf6f5b03f12e95d2bd5474f6d7aa77aa9167806efda422ab3951df,2013-05,Bedfordshire Police,Bedfordshire Police,-0.419485,51.882835,On or near NEW BEDFORD ROAD,E01015699,Luton 017B,Local resolution
18755cac46f63632a550b8bfa895ec143b7596e622b48207f4215b0873d62744,2013-05,Bedfordshire Police,Bedfordshire Police,-0.421330,51.887392,On or near NEW BEDFORD ROAD,E01015699,Luton 017B,Investigation complete; no suspect identified
d8ba07d16b3bca438cb2672d32038e4149f0ddbc6e985fc0bc165d9c3fafb882,2013-05,Bedfordshire Police,Bedfordshire Police,-0.426896,51.893194,On or near ALEXANDRA AVENUE,E01015700,Luton 010A,Investigation complete; no suspect identified
44f673535e97b2c7abf6b29f39f4d2e9281dddb6bc01a9dbb2de9452865a99ac,2013-05,Bedfordshire Police,Bedfordshire Police,-0.421182,51.892857,On or near NEW BEDFORD ROAD,E01015700,Luton 010A,Offender given a drugs possession warning
de3c88ed64988d8f68da16955c1a6eca1b77431d877cec53da74b8f57a7a233b,2013-05,Bedfordshire Police,Bedfordshire Police,-0.422885,51.892771,On or near PRIMROSE CLOSE,E01015700,Luton 010A,Investigation complete; no suspect identified
a8adcd5396ba9464c7866609452c66cc5b72382570900c9fa27a851e43d86d00,2013-05,Bedfordshire Police,Bedfordshire Police,-0.421182,51.892857,On or near NEW BEDFORD ROAD,E01015700,Luton 010A,Offender given a caution
2387ab1b66b1164743515a8c4465acb17308a4eded8ab8d28ca8cbbc114e520d,2013-05,Bedfordshire Police,Bedfordshire Police,-0.430458,51.892747,On or near Supermarket,E01015701,Luton 010B,Investigation complete; no suspect identified
25ea8714452f4241ec5e6ed3b161a8c91b238b9024a6d3c227503646d66fc3b5,2013-05,Bedfordshire Police,Bedfordshire Police,,,No location,,,Suspect charged
75337ec90296232b4274e790302a6f02c523367a3780f0eadb665a4da5ae654d,2013-05,Bedfordshire Police,Bedfordshire Police,-0.433307,51.894826,On or near ASCOT ROAD,E01015701,Luton 010B,Investigation complete; no suspect identified
4119f50b7c3ade9ca5540e983619c1261bdbad6371cfe26bee58842b160da406,2013-05,Bedfordshire Police,Bedfordshire Police,-0.433307,51.894826,On or near ASCOT ROAD,E01015701,Luton 010B,Investigation complete; no suspect identified
8033d3a093e911db5e3200afa6991f9e56e86035286a2aab3998901e71e1c51f,2013-05,Bedfordshire Police,Bedfordshire Police,-0.433307,51.894826,On or near ASCOT ROAD,E01015701,Luton 010B,Investigation complete; no suspect identified
e252d7205847e1fcd6c372fdb4985af9d1e003d1e831d79f0f2b42d10b643f3d,2013-05,Bedfordshire Police,Bedfordshire Police,-0.428831,51.891053,On or near BISCOT ROAD,E01015702,Luton 017C,Investigation complete; no suspect identified
00927fe92d7b3d57d2a3aa89a8b7919136221033d4279cf863a30f30606e1ab5,2013-05,Bedfordshire Police,Bedfordshire Police,-0.428727,51.888201,On or near COYNEY GREEN,E01015702,Luton 017C,Investigation complete; no suspect identified
5e8a1fd4281a524a2dd8b754a50ba1988bedcd4a9f7ec42e7be55fc6cc7eb551,2013-05,Bedfordshire Police,Bedfordshire Police,-0.428887,51.888608,On or near DORRINGTON CLOSE,E01015702,Luton 017C,Investigation complete; no suspect identified
71a0d8cd22375203b08e0e444b9bff4ec42f8187c07b2ece28819b86a1978060,2013-05,Bedfordshire Police,Bedfordshire Police,-0.427954,51.890789,On or near CHAUCER ROAD,E01015702,Luton 017C,Investigation complete; no suspect identified
79f5a5b005bebddb4ba76130437f3ac7aacd18003b838392e7e4ff654b44d69f,2013-05,Bedfordshire Police,Bedfordshire Police,-0.428831,51.891053,On or near BISCOT ROAD,E01015702,Luton 017C,Investigation complete; no suspect identified
5e87ef8dde7dd154a8655d4978d30b26d41311594c6a621411d17093945cb2b1,2013-05,Bedfordshire Police,Bedfordshire Police,-0.438132,51.890214,On or near STRATFORD ROAD,E01015703,Luton 015A,Investigation complete; no suspect identified
6620e96d3248db5bf76471f2ba1ebd3d6688eed7e7aa091afb11e275b9862952,2013-05,Bedfordshire Police,Bedfordshire Police,-0.431710,51.891837,On or near DANE ROAD,E01015704,Luton 010C,Suspect charged
373fd71db8cacd4944421404c117faacfde50b43468fb0e9360ad13da034469a,2013-05,Bedfordshire Police,Bedfordshire Police,-0.433151,51.890948,On or near LEAGRAVE ROAD,E01015704,Luton 010C,Investigation complete; no suspect identified
f93f0fc0450ea5dd231c4d8dd9fea6efaea22d6629c1d5094d1283c4c1226107,2013-05,Bedfordshire Police,Bedfordshire Police,-0.430764,51.886879,On or near BIRCH LINK,E01015705,Luton 017D,Investigation complete; no suspect identified
203444d9174bf4341308df9b17344d7d953b26d977a8ac2a5197cf06a9b849ff,2013-05,Bedfordshire Police,Bedfordshire Police,-0.430485,51.887388,On or near LEAGRAVE ROAD,E01015705,Luton 017D,Investigation complete; no suspect identified
642962138c10db05c1b297179937f769d8ba9390f62254e7ab30c70b93f8ba2a,2013-05,Bedfordshire Police,Bedfordshire Police,-0.430485,51.887388,On or near LEAGRAVE ROAD,E01015705,Luton 017D,Investigation complete; no suspect identified
0a7a363f9f22e7f4d2f2e510ba5ddcc8cf025c97d62b3d44bb9753ead4d34a68,2013-05,Bedfordshire Police,Bedfordshire Police,-0.429401,51.889721,On or near MILLINERS WAY,E01015705,Luton 017D,Suspect charged
f5c8c468f0377167b01eefeddabc2c981334fc34531f586de6fa2c9f8de8af78,2013-05,Bedfordshire Police,Bedfordshire Police,-0.429401,51.889721,On or near MILLINERS WAY,E01015705,Luton 017D,Investigation complete; no suspect identified
98b17a8d4f07afc88cdabc28b4835727309a00772931c43425cff721130217e1,2013-05,Bedfordshire Police,Bedfordshire Police,-0.430145,51.886305,On or near DUNSTABLE ROAD,E01015705,Luton 017D,Investigation complete; no suspect identified
c5da6eff3042ed5aab7bf5e9cbede959f386f487e7d660bc14bcaca62389004b,2013-05,Bedfordshire Police,Bedfordshire Police,-0.430806,51.889425,On or near THE RIDINGS,E01015705,Luton 017D,Investigation complete; no suspect identified
1d242e9404811519575acd2d3117149070d5118ba27ac7556d12d4c470b0b0e4,2013-05,Bedfordshire Police,Bedfordshire Police,-0.430145,51.886305,On or near DUNSTABLE ROAD,E01015705,Luton 017D,Suspect charged
bcf3758a33ddfd231a8dc075870ffa0e3e435ca73750adfd45987e8024870d48,2013-05,Bedfordshire Police,Bedfordshire Police,-0.429401,51.889721,On or near MILLINERS WAY,E01015705,Luton 017D,Investigation complete; no suspect identified
0066eda7ccf4ae24272fe30c8e508e32794182939d217b9a01296dcc515c1783,2013-05,Bedfordshire Police,Bedfordshire Police,-0.444598,51.922625,On or near KIRBY DRIVE,E01015706,Luton 001A,Investigation complete; no suspect identified
71ce1271bae5e2ac2b37611b2ccdba4516cc58f77e709ad3b8e899ebeaf5db5a,2013-05,Bedfordshire Police,Bedfordshire Police,-0.440415,51.922471,On or near ASHDALE GARDENS,E01015706,Luton 001A,Investigation complete; no suspect identified
f28143877a9463019b0a86120c65c771560542a3892a9b796b95b5e2542d62cc,2013-05,Bedfordshire Police,Bedfordshire Police,-0.437842,51.920359,On or near FREEMAN AVENUE,E01015706,Luton 001A,Investigation complete; no suspect identified
b5b95063460bc64540bd44885b1d44882e829b8e5e6fa7fa6739df4a2cf97c1f,2013-05,Bedfordshire Police,Bedfordshire Police,-0.437842,51.920359,On or near FREEMAN AVENUE,E01015706,Luton 001A,Investigation complete; no suspect identified
2790cf08f0dd56cde914a37f54b4064880704acd95a48c408ca4147db7740fae,2013-05,Bedfordshire Police,Bedfordshire Police,-0.442685,51.922033,On or near CARNEGIE GARDENS,E01015706,Luton 001A,Investigation complete; no suspect identified
968b5dc84b21b92dd17f3ca6751ead7b3a539dd4578ecc852fb9a800fe0d0499,2013-05,Bedfordshire Police,Bedfordshire Police,-0.442087,51.925019,On or near CATESBY GREEN,E01015706,Luton 001A,Investigation complete; no suspect identified
c6cb529d821c68a6af9f9224e70f19934a6fbdc764de2aee7f24f9f8e71a2433,2013-05,Bedfordshire Police,Bedfordshire Police,-0.440425,51.924710,On or near WOODMERE,E01015706,Luton 001A,Investigation complete; no suspect identified
33681d920b43065ae6f4c6255d932fa6fecfa5dc8a70da72ee5c722a3b79ee02,2013-05,Bedfordshire Police,Bedfordshire Police,-0.437842,51.920359,On or near FREEMAN AVENUE,E01015706,Luton 001A,Investigation complete; no suspect identified
90d0eb5e0bd7df1dea2298e711ab7a2670484e3a487cc61e89392a5864f6a44f,2013-05,Bedfordshire Police,Bedfordshire Police,-0.444598,51.922625,On or near KIRBY DRIVE,E01015706,Luton 001A,Suspect charged as part of another case
a0427b1a2ded9a21ccdfccc369eb83ca11395702c04cf2bfa148fc8aa4259562,2013-05,Bedfordshire Police,Bedfordshire Police,-0.444718,51.925045,On or near BURFORD CLOSE,E01015706,Luton 001A,Suspect charged as part of another case
c5692cd957a7bb3ba20a7a279e0ea1789461ff09dd0a2d2633839bdde63dc20b,2013-05,Bedfordshire Police,Bedfordshire Police,-0.427369,51.925031,On or near TURNPIKE DRIVE,E01015707,Luton 001B,Investigation complete; no suspect identified
43e5451be02a8b0448f445f3566e393448d710939a7b6d2ec1e781bcdec92db0,2013-05,Bedfordshire Police,Bedfordshire Police,-0.427369,51.925031,On or near TURNPIKE DRIVE,E01015707,Luton 001B,Investigation complete; no suspect identified
f03cfd4546672af9774fb4ac754a97d9cf0cac186af16f12eca8b53ea4d592fe,2013-05,Bedfordshire Police,Bedfordshire Police,-0.429622,51.923388,On or near DANVERS DRIVE,E01015707,Luton 001B,Investigation complete; no suspect identified
3f42dac5e08e50727bc1e02d8093ad224718551567cb2271713e3bc6ce0821b9,2013-05,Bedfordshire Police,Bedfordshire Police,-0.434585,51.922447,On or near DEXTER CLOSE,E01015707,Luton 001B,Investigation complete; no suspect identified
d5f74f0280bb45c4309bfe3fc49dc85180570b40ccb39028916547904a53c4ef,2013-05,Bedfordshire Police,Bedfordshire Police,-0.434585,51.922447,On or near DEXTER CLOSE,E01015707,Luton 001B,Investigation complete; no suspect identified
a2e3b4be745093a00aa7ec2a7289c1b7f7972054f16d9d9669266cab8e4bce39,2013-05,Bedfordshire Police,Bedfordshire Police,-0.434585,51.922447,On or near DEXTER CLOSE,E01015707,Luton 001B,Investigation complete; no suspect identified
18430e6122e9b5d688d5f80d0464577cd2f8278cb24d16cfc30496376fab2ad1,2013-05,Bedfordshire Police,Bedfordshire Police,-0.442245,51.922953,On or near ARBOUR CLOSE,E01015709,Luton 001D,Investigation complete; no suspect identified
22b69aeb53c6e65dbe8ba7cab272b45a0741909d2879ecefbbfba97912a5e247,2013-05,Bedfordshire Police,Bedfordshire Police,-0.436911,51.919520,On or near Petrol Station,E01015710,Luton 001E,Local resolution
22b69aeb53c6e65dbe8ba7cab272b45a0741909d2879ecefbbfba97912a5e247,2013-05,Bedfordshire Police,Bedfordshire Police,-0.436911,51.919520,On or near Petrol Station,E01015710,Luton 001E,Local resolution
6b978f08f7ce12ff6ef96bf8d5aec16cb92c68d6a4b9fb6e319f2ff00bd27227,2013-05,Bedfordshire Police,Bedfordshire Police,-0.436911,51.919520,On or near Petrol Station,E01015710,Luton 001E,Investigation complete; no suspect identified
ec0f800a943ef4c8e2716cb5821d41a0e5dc599ce4ed815fda3467c45f9d7675,2013-05,Bedfordshire Police,Bedfordshire Police,-0.431662,51.920358,On or near BRAMINGHAM BUSINESS PARK,E01015710,Luton 001E,Investigation complete; no suspect identified
5ac728c01adee76afcb745e11f6b1b466aa854ba74bb65364345dbe469d19051,2013-05,Bedfordshire Police,Bedfordshire Police,-0.436911,51.919520,On or near Petrol Station,E01015710,Luton 001E,Investigation complete; no suspect identified
7b7e6e96e08aae2b86b35d265e3face145ac2fcb024fc3671c7b2f616e3e0639,2013-05,Bedfordshire Police,Bedfordshire Police,-0.454961,51.893134,On or near FULBOURNE CLOSE,E01015711,Luton 011A,Offender given a drugs possession warning
0a88168defbbbe49785ef34fb889b690cad62d18d91ee76688b5325762a29f6e,2013-05,Bedfordshire Police,Bedfordshire Police,-0.456565,51.892993,On or near NEWBURY CLOSE,E01015711,Luton 011A,Investigation complete; no suspect identified
78ea903b967f1e2f7a3adfa017b23b31123b6338f61c6fff0eabe07032e7cfd2,2013-05,Bedfordshire Police,Bedfordshire Police,-0.463783,51.895668,On or near STONEYGATE ROAD,E01015712,Luton 011B,Investigation complete; no suspect identified
1d74ebd7bdacf8722e8fccce648704d333d6aa91c84345bb8b47eb23b9307bef,2013-05,Bedfordshire Police,Bedfordshire Police,-0.463783,51.895668,On or near STONEYGATE ROAD,E01015712,Luton 011B,Offender given a drugs possession warning
d935c87904287adc232061baee698c79c62b4e6d551af99ec0bb0348e61c0fcf,2013-05,Bedfordshire Police,Bedfordshire Police,-0.466665,51.890868,On or near HALFWAY AVENUE,E01015713,Luton 013A,Investigation complete; no suspect identified
6bf29bd12236c24f64ab0a03914d282f711782ae7ca5db0bc98a847a7a13c223,2013-05,Bedfordshire Police,Bedfordshire Police,-0.471930,51.890298,On or near STAVELEY ROAD,E01015713,Luton 013A,Investigation complete; no suspect identified
ad40ae2db737d7cea507d5856df92ca220a19249d6194d3663f61384de5b1f66,2013-05,Bedfordshire Police,Bedfordshire Police,-0.467498,51.892857,On or near Petrol Station,E01015713,Luton 013A,Investigation complete; no suspect identified
e1fb95d8124a154ac3efc62b4517397c0b8a7339f3fa7cb1085d9f1f3cb47c8e,2013-05,Bedfordshire Police,Bedfordshire Police,-0.467498,51.892857,On or near Petrol Station,E01015713,Luton 013A,Investigation complete; no suspect identified
b56306107a7ae207c0db12fcd1d3e880819c11af5f1fa2de610f2fed4856387a,2013-05,Bedfordshire Police,Bedfordshire Police,-0.466665,51.890868,On or near HALFWAY AVENUE,E01015713,Luton 013A,Investigation complete; no suspect identified
e422e44eb64262f98354fbba8d76c373edff4345979c87d6fdbeea7bb6d3f2b2,2013-05,Bedfordshire Police,Bedfordshire Police,-0.475446,51.893311,On or near LEWSEY ROAD,E01015713,Luton 013A,Suspect charged
dc46a7d190f96c28362463b7e36b99b2ea04b4d43546f292d31aeb804692f8db,2013-05,Bedfordshire Police,Bedfordshire Police,-0.475446,51.893311,On or near LEWSEY ROAD,E01015713,Luton 013A,Suspect charged
15c2244834164e73e74e8c56c2b1faf9d3470d1314925f78887708efd1d6d152,2013-05,Bedfordshire Police,Bedfordshire Police,-0.475446,51.893311,On or near LEWSEY ROAD,E01015713,Luton 013A,Suspect charged
0565bf667b8c905e720884458018429b504f4cb12d9222947f561259ea39b690,2013-05,Bedfordshire Police,Bedfordshire Police,-0.482133,51.889810,On or near CRADOCK ROAD,E01015714,Luton 013B,Investigation complete; no suspect identified
1d17879ea81ab1fe8516d1d35abc0362c86ac02eddde45e8702ef6c5a61c8ce7,2013-05,Bedfordshire Police,Bedfordshire Police,-0.471184,51.892159,On or near DERBY ROAD,E01015714,Luton 013B,Investigation complete; no suspect identified
61865e6a56e92e8a245476a3e113d08b084ecdf823334d47fe429025c8c4721b,2013-05,Bedfordshire Police,Bedfordshire Police,-0.476244,51.891209,On or near BAMPTON ROAD,E01015714,Luton 013B,Investigation complete; no suspect identified
bca9c8c6da46f61c8564af6fdfe839398651c487fa37b8b071b1f5eeeb27fa81,2013-05,Bedfordshire Police,Bedfordshire Police,-0.460173,51.890307,On or near LEICESTER ROAD,E01015715,Luton 011C,Local resolution
eb79e397ee6dc643f47d24ac033eb6999352485b03484a7b8d6177a8cea589da,2013-05,Bedfordshire Police,Bedfordshire Police,-0.458302,51.889374,On or near CARISBROOKE ROAD,E01015715,Luton 011C,Investigation complete; no suspect identified
1638134eb616f490cf9af1714c58cfbfb40f8af146e08775c3efe4e74c910984,2013-05,Bedfordshire Police,Bedfordshire Police,-0.458302,51.889374,On or near CARISBROOKE ROAD,E01015715,Luton 011C,Investigation complete; no suspect identified
6a03f907a864d943cafbb437848192fce578246168d33b5950b9c14ddcc92d30,2013-05,Bedfordshire Police,Bedfordshire Police,-0.458302,51.889374,On or near CARISBROOKE ROAD,E01015715,Luton 011C,Investigation complete; no suspect identified
774a877dc77fa5f92de18ddfab6bb2ebb3ed7561b302794ea9d9e35dbf375d35,2013-05,Bedfordshire Police,Bedfordshire Police,-0.465380,51.898728,On or near ST VINCENT GARDENS,E01015716,Luton 011D,Investigation complete; no suspect identified
f3baebb550e5d4d83d04b9f446df7ea4decd31e94854d51bc640a52a54aee558,2013-05,Bedfordshire Police,Bedfordshire Police,-0.465451,51.897902,On or near ANGEL CLOSE,E01015716,Luton 011D,Investigation complete; no suspect identified
cf6f813a090a42e832eaf5840dbdaa5ae720cd1388049410fe8be3d23d08998f,2013-05,Bedfordshire Police,Bedfordshire Police,-0.461452,51.897958,On or near VILLIERS CLOSE,E01015716,Luton 011D,Investigation complete; no suspect identified
9191b0d1c3d72ec995f88624bf39e4bd0d57b40e013d96ff3ae386ceef43d115,2013-05,Bedfordshire Police,Bedfordshire Police,-0.464771,51.899952,On or near SEAL CLOSE,E01015716,Luton 011D,Investigation complete; no suspect identified
5fb05a611059b68e917dcea37fb8096f309753305ffb7b0ffa9755883ebb73cc,2013-05,Bedfordshire Police,Bedfordshire Police,-0.464331,51.898355,On or near WRAYSBURY CLOSE,E01015716,Luton 011D,Investigation complete; no suspect identified
4f5ba37c86948db4432ba96bffd424ea4c488bd9531c41d3840037734e6c0b9e,2013-05,Bedfordshire Police,Bedfordshire Police,-0.465309,51.899510,On or near OUSELEY CLOSE,E01015716,Luton 011D,Investigation complete; no suspect identified
41e16b5c238c1fc7173eef0b119f75dc7f7a2e200cf6eab4fd7ac574f8ecd378,2013-05,Bedfordshire Police,Bedfordshire Police,-0.465169,51.896792,On or near RODEHEATH,E01015716,Luton 011D,Investigation complete; no suspect identified
399725ada01abe145f4b7f8433b8cb804346e9e1a2b9d591980c3580295ed0cc,2013-05,Bedfordshire Police,Bedfordshire Police,-0.452010,51.897402,On or near SEATON ROAD,E01015717,Luton 011E,Investigation complete; no suspect identified
e69b630da502b0aafca707235261f018920712b93b447fcdbcab2a8181152045,2013-05,Bedfordshire Police,Bedfordshire Police,-0.474841,51.895731,On or near CALNWOOD ROAD,E01015718,Luton 013C,Investigation complete; no suspect identified
bbe6a99968abd5f05d6e2d3c37b39b01c1cae1256ffb1a2d9a3bade39a0c84b3,2013-05,Bedfordshire Police,Bedfordshire Police,-0.477398,51.899208,On or near HOLGATE DRIVE,E01015718,Luton 013C,Investigation complete; no suspect identified
d0e99b7ccc8c53a2a2b19a3585add9a1ee77375543aec847c9d2fbcb6a59b675,2013-05,Bedfordshire Police,Bedfordshire Police,-0.474528,51.898982,On or near IMBERFIELD,E01015718,Luton 013C,Investigation complete; no suspect identified
6dd83dd03da7dde43c942ac7730dc947da1a4e73c7a2478f9711cb118b27aabe,2013-05,Bedfordshire Police,Bedfordshire Police,-0.474841,51.895731,On or near CALNWOOD ROAD,E01015718,Luton 013C,Investigation complete; no suspect identified
cff4d40aa3fed34e2322f062c5cbf506333290e76c1d1ea1c4e34d631c5a0805,2013-05,Bedfordshire Police,Bedfordshire Police,-0.474841,51.895731,On or near CALNWOOD ROAD,E01015718,Luton 013C,Investigation complete; no suspect identified
8552df53b2cd9a8e9876c086521ef02b51ac576dee08e7e25d5b4d914b527fc0,2013-05,Bedfordshire Police,Bedfordshire Police,-0.472686,51.895847,On or near FARINGDON ROAD,E01015718,Luton 013C,Investigation complete; no suspect identified
e9700b7f0982ccceed4c6ed772cc05baba9bb490c70e1e9aea5095bb403fe55a,2013-05,Bedfordshire Police,Bedfordshire Police,-0.477544,51.900055,On or near DENTON CLOSE,E01015718,Luton 013C,Suspect charged
c1439639dd76682afbdb5012d21a584cd2531b9ab63194ff696dc49d6f1876d8,2013-05,Bedfordshire Police,Bedfordshire Police,-0.477544,51.900055,On or near DENTON CLOSE,E01015718,Luton 013C,Suspect charged
bc6fc6d0f881b77f6803429c3ce8117c567c3137c74adc7c7f5e26313bdb43d9,2013-05,Bedfordshire Police,Bedfordshire Police,-0.395318,51.881726,On or near BEACONSFIELD,E01015719,Luton 016A,Investigation complete; no suspect identified
4d1eacd33305a52e922e2c2a542a1bbcbf20c71fe819ee891bae686015cb4bd2,2013-05,Bedfordshire Police,Bedfordshire Police,-0.400869,51.882116,On or near WHITECROFT ROAD,E01015720,Luton 016B,Investigation complete; no suspect identified
7c5b31a31d789d0a1d6fc258d96a54bff458c28f2064e1fe99e4b5876625b8d8,2013-05,Bedfordshire Police,Bedfordshire Police,-0.402038,51.884389,On or near TOWER ROAD,E01015720,Luton 016B,Investigation complete; no suspect identified
6b5954e6faa3741b6331dc633477373a9480ab1b5b4eaaa0e32d15a12b0d0a4b,2013-05,Bedfordshire Police,Bedfordshire Police,-0.401598,51.883277,On or near DERWENT ROAD,E01015720,Luton 016B,Investigation complete; no suspect identified
b5f1848365faaee5d2aa8081b3706838a6fe6f0638b1a2f56c43e0b0648b072e,2013-05,Bedfordshire Police,Bedfordshire Police,-0.401598,51.883277,On or near DERWENT ROAD,E01015720,Luton 016B,Suspect charged
f2fbddec3a3af05e5bdf0d596470c518dfabbfaaf775fd78e735cb7b08d182ad,2013-05,Bedfordshire Police,Bedfordshire Police,-0.386253,51.888993,On or near FERMOR CRESCENT,E01015721,Luton 014A,Investigation complete; no suspect identified
69a2c9957f3f7e9b667a696b1afd10a5982cd609235e3cb2376339361c5074e2,2013-05,Bedfordshire Police,Bedfordshire Police,-0.381727,51.886350,On or near MAULDEN CLOSE,E01015721,Luton 014A,Investigation complete; no suspect identified
c657d9b52eb45e16c3f1e22c32f3a1c0d7da1696aec9a3b9d25052b5f2a496bc,2013-05,Bedfordshire Police,Bedfordshire Police,-0.383519,51.884199,On or near MISTLETOE HILL,E01015721,Luton 014A,Investigation complete; no suspect identified
53f4a2dec78cf208e77a6731ed8a2c78da40abc2ad889c385e7973d69cf0428c,2013-05,Bedfordshire Police,Bedfordshire Police,-0.386034,51.884557,On or near POLZEATH CLOSE,E01015722,Luton 014B,Investigation complete; no suspect identified
defab4496998a95103f94d815273c75348735db7b714adbd59ac48086bc0423f,2013-05,Bedfordshire Police,Bedfordshire Police,-0.443305,51.886857,On or near KINGSWAY,E01015724,Luton 019A,Investigation complete; no suspect identified
8492052113da7898024c67b6ce784f90f0d68e0e0114ac7f3e8552d5d9f8a873,2013-05,Bedfordshire Police,Bedfordshire Police,-0.446715,51.884888,On or near FINWAY,E01015724,Luton 019A,Investigation complete; no suspect identified
146068377f9e1b5156171e811140a2129776db6cc35185fecbb8fe84785785da,2013-05,Bedfordshire Police,Bedfordshire Police,-0.435431,51.881367,On or near ST PETERS ROAD,E01015724,Luton 019A,Investigation complete; no suspect identified
0324ae527025e89e06750184f17365bd0b6aa41a10ae440ff85c7dcdacc4ea1b,2013-05,Bedfordshire Police,Bedfordshire Police,-0.450109,51.883377,On or near KENT ROAD,E01015724,Luton 019A,Investigation complete; no suspect identified
2b0bff697ff4452d145543e1889efdc3340ba5dd80258471a45d947985a40c83,2013-05,Bedfordshire Police,Bedfordshire Police,-0.436415,51.881479,On or near FERNDALE ROAD,E01015724,Luton 019A,Suspect charged
17653e7a39c2944fd40dc78168b2669b942de74cbc078905b94a064f73da1b77,2013-05,Bedfordshire Police,Bedfordshire Police,-0.436415,51.881479,On or near FERNDALE ROAD,E01015724,Luton 019A,Suspect charged
533ce988d05c628eab3a950a0b8c0ae6b6e653a22e6000ea13a50f0c81523294,2013-05,Bedfordshire Police,Bedfordshire Police,-0.434444,51.885094,On or near WARWICK ROAD EAST,E01015725,Luton 017E,Investigation complete; no suspect identified
ca192f8dd45c4d767267d3ab683702295d706e642075c1c02b0064cb0c2a1373,2013-05,Bedfordshire Police,Bedfordshire Police,-0.429545,51.886000,On or near BEECH ROAD,E01015725,Luton 017E,Investigation complete; no suspect identified
8300c40a255d284f927853557944f39d6e414f772965305c72c9e90dffc69501,2013-05,Bedfordshire Police,Bedfordshire Police,-0.431712,51.884266,On or near Sports/Recreation Area,E01015725,Luton 017E,Investigation complete; no suspect identified
cf2030d699e249d4b7abd7266adc38befe41a33ba0df951313c210dd6d2032b5,2013-05,Bedfordshire Police,Bedfordshire Police,-0.431991,51.886689,On or near Parking Area,E01015725,Luton 017E,Suspect charged
9d7908a5d7a714375667957c2f672d3570fa9d4fa015d986a47ff685842254f7,2013-05,Bedfordshire Police,Bedfordshire Police,-0.429545,51.886000,On or near BEECH ROAD,E01015725,Luton 017E,Suspect charged
d2d83018dc54448acb1274f270b4eb91fd16b475f09c379aa1d796b97d00ea30,2013-05,Bedfordshire Police,Bedfordshire Police,-0.431991,51.886689,On or near Parking Area,E01015725,Luton 017E,Suspect charged
f81c17db209314c9b8f2b16fc0f50cc6b380317e7bc6a0dd910a945b1741cbd4,2013-05,Bedfordshire Police,Bedfordshire Police,-0.436408,51.885435,On or near MAPLE ROAD WEST,E01015726,Luton 015B,Investigation complete; no suspect identified
67fc41803fdd2b25917140186446d3d9e9a9dab4466e3348f12e062d39ace67b,2013-05,Bedfordshire Police,Bedfordshire Police,-0.439963,51.888099,On or near MEDINA ROAD,E01015726,Luton 015B,Local resolution
d9cc526334073fd952bedea3bd244fd614170348c6bae844471464d1a7a8edd7,2013-05,Bedfordshire Police,Bedfordshire Police,-0.436408,51.885435,On or near MAPLE ROAD WEST,E01015726,Luton 015B,Investigation complete; no suspect identified
d6883685421ebbac35aa2f0292d0ec270fe5ba9e905756e94a10f1647b2a46ca,2013-05,Bedfordshire Police,Bedfordshire Police,-0.440733,51.888531,On or near BERESFORD ROAD,E01015726,Luton 015B,Investigation complete; no suspect identified
748d6d4c5d6ad05e4f078ef10121377d3a39fc123ba95adcf23f4687b01631f0,2013-05,Bedfordshire Police,Bedfordshire Police,-0.440733,51.888531,On or near BERESFORD ROAD,E01015726,Luton 015B,Investigation complete; no suspect identified
4dcf8730982f2488848827e6064a4e536dba408a5ae72b272745a8d7c3cdb628,2013-05,Bedfordshire Police,Bedfordshire Police,-0.458160,51.884607,On or near Sports/Recreation Area,E01015728,Luton 019B,Investigation complete; no suspect identified
395626fa03054b1536d80e1400e05f007be2b252310efe819bc471b434c086cb,2013-05,Bedfordshire Police,Bedfordshire Police,-0.458160,51.884607,On or near Sports/Recreation Area,E01015728,Luton 019B,Suspect charged
7a755015a1af7da77a6e410abbaf6fdf5b7572fe63ec40d8e94a9077f4993148,2013-05,Bedfordshire Police,Bedfordshire Police,-0.447592,51.883038,On or near HAREFIELD ROAD,E01015728,Luton 019B,Offender given a caution
2213c1a634c95cd6f74b969de6002eda25f468f21646a70d3a61016462d1775a,2013-05,Bedfordshire Police,Bedfordshire Police,-0.458160,51.884607,On or near Sports/Recreation Area,E01015728,Luton 019B,Investigation complete; no suspect identified
18e02a0d0db29189bd75062014d984b93854e6389e6e27487d1d20e9a1f5f930,2013-05,Bedfordshire Police,Bedfordshire Police,-0.423300,51.880917,On or near DUNSTABLE ROAD,E01015729,Luton 019C,Investigation complete; no suspect identified
dc04fbbd11f025e06d33ad8607e9942467cb65796608acac410935d535c3abfa,2013-05,Bedfordshire Police,Bedfordshire Police,-0.426106,51.882951,On or near Petrol Station,E01015729,Luton 019C,Investigation complete; no suspect identified
ebccc6d619d943ac1196d79ef3f0dbf1a24d7a3a398884b757e6b49d07bef64b,2013-05,Bedfordshire Police,Bedfordshire Police,-0.429552,51.880380,On or near BELMONT ROAD,E01015729,Luton 019C,Investigation complete; no suspect identified
7bb7c006dee60521ca812bf9f497b5a74eb4de7696af0de5761f484001dc0e4c,2013-05,Bedfordshire Police,Bedfordshire Police,-0.430665,51.880530,On or near DALE ROAD,E01015729,Luton 019C,Investigation complete; no suspect identified
01b3e480e614ca2494ec962d7e7a7db480bcc2396987fefedfb726d52ffb519d,2013-05,Bedfordshire Police,Bedfordshire Police,-0.428307,51.880238,On or near LYNDHURST ROAD,E01015729,Luton 019C,Investigation complete; no suspect identified
b69ac4d02324b854c487b8f64cd7ec500703458981e03654dc08377708ad6f40,2013-05,Bedfordshire Police,Bedfordshire Police,-0.429552,51.880380,On or near BELMONT ROAD,E01015729,Luton 019C,Suspect charged
a25c39e5fd0d95e4d830d13bf688160acab7eb3f28a23a972f7cecc0392feae1,2013-05,Bedfordshire Police,Bedfordshire Police,-0.432930,51.882682,On or near GRANVILLE ROAD,E01015730,Luton 019D,Investigation complete; no suspect identified
bc03293db1d55d84e2644fbbe68dc35c56a084de1051dbedd0f12eed29154c5b,2013-05,Bedfordshire Police,Bedfordshire Police,-0.432983,51.879904,On or near ASHBURNHAM ROAD,E01015730,Luton 019D,Investigation complete; no suspect identified
a2cfc6102a1f58a299de8f3452bf0a003ec22b7211b0ddbd32e194a436e023a4,2013-05,Bedfordshire Police,Bedfordshire Police,-0.443271,51.890363,On or near DUNSTABLE ROAD,E01015731,Luton 015C,Investigation complete; no suspect identified
412a695af46c700f455177dfb8242927384bbc1f847f213044b24cb8d288e2c5,2013-05,Bedfordshire Police,Bedfordshire Police,-0.448456,51.890450,On or near BEVERLEY ROAD,E01015731,Luton 015C,Investigation complete; no suspect identified
79019c82cbac139b538172ee2e041bf58e873b8a1d675e1686ac431e1d9dae5f,2013-05,Bedfordshire Police,Bedfordshire Police,-0.428200,51.859573,On or near Park/Open Space,E01015732,Luton 020A,Investigation complete; no suspect identified
cbf446ebff1a0fc69167ef7647402971b31f94a496df7b4881526841aa99ea72,2013-05,Bedfordshire Police,Bedfordshire Police,-0.434655,51.868579,On or near TINSLEY CLOSE,E01015732,Luton 020A,Investigation complete; no suspect identified
42e4a71a7342b75a9199616cab2174813b6efad9f79dea90aecdb68832aa8ee5,2013-05,Bedfordshire Police,Bedfordshire Police,-0.423771,51.876176,On or near WINSDON ROAD,E01015735,Luton 020D,Investigation complete; no suspect identified
1f9c8f120560d2ae0e1ae1d4b05f36958eef7402db2531229aa6947e106aff94,2013-05,Bedfordshire Police,Bedfordshire Police,-0.427756,51.874395,On or near HUNTS CLOSE,E01015735,Luton 020D,Investigation complete; no suspect identified
9e8ed33adadb2aaecb2050243107d5baf9165753b384c0a9c13ef31b033fe2c9,2013-05,Bedfordshire Police,Bedfordshire Police,-0.421995,51.875873,On or near STANLEY STREET,E01015735,Luton 020D,Investigation complete; no suspect identified
2e1d4cfc36a40d65ffd4b11369ae57ca56a3415a93250fe3d3dc61c5358a0fbb,2013-05,Bedfordshire Police,Bedfordshire Police,-0.422858,51.876110,On or near SALISBURY ROAD,E01015735,Luton 020D,Investigation complete; no suspect identified
ca3f47ac2f032b4fb3944c9ae58f97aee8a593577b42fa176931c311900b8350,2013-05,Bedfordshire Police,Bedfordshire Police,-0.425645,51.874528,On or near BONNICK CLOSE,E01015735,Luton 020D,Investigation complete; no suspect identified
22fe5f0098c1619993d0e3178ebae4587a5e809bd32403a4454988a043432691,2013-05,Bedfordshire Police,Bedfordshire Police,-0.436999,51.872180,On or near SOUTH DRIFT WAY,E01015736,Luton 020E,Suspect charged
72d89312d185db8088e8fcad0d3976ca3c0343474190b8c0c50c6838e63e6e9c,2013-05,Bedfordshire Police,Bedfordshire Police,-0.437810,51.875599,On or near ROSS CLOSE,E01015736,Luton 020E,Offender given a caution
920eeccdcdc569ff8e74c515aae45ca710b02e77b6f5e9c784c36dbaaba69a36,2013-05,Bedfordshire Police,Bedfordshire Police,-0.437518,51.870191,On or near Further/Higher Educational Building,E01015736,Luton 020E,Investigation complete; no suspect identified
0fb5e5eaf7fe5adeff40a74e13a7d93396158025c56c03a7714e53f5b0868a40,2013-05,Bedfordshire Police,Bedfordshire Police,-0.440555,51.874349,On or near CADES LANE,E01015736,Luton 020E,Local resolution
7389f3d842ad4d3ad5b88a2e1bf5f5c0359ab237a6bd11a8bb3b6e2b17775603,2013-05,Bedfordshire Police,Bedfordshire Police,-0.428919,51.871434,On or near THE CROSS WAY,E01015737,Luton 020F,Investigation complete; no suspect identified
2f559e258fd89b86866016c52829ab000e2672d6ea1b1a11a5c2f6c398e6a9bb,2013-05,Bedfordshire Police,Bedfordshire Police,-0.419204,51.873012,On or near STOCKWOOD CRESCENT,E01015738,Luton 021A,Investigation complete; no suspect identified
990e0e4882b2d02910ae094cd274f7a996bf43f08e31a287ae712f9fd139010b,2013-05,Bedfordshire Police,Bedfordshire Police,-0.421534,51.871191,On or near PARKLAND DRIVE,E01015738,Luton 021A,Investigation complete; no suspect identified
e74bab918e1d13bd8f3855998e23e217f058a6d1aeb1e4ae9c4616420da7f61b,2013-05,Bedfordshire Police,Bedfordshire Police,-0.419204,51.873012,On or near STOCKWOOD CRESCENT,E01015738,Luton 021A,Investigation complete; no suspect identified
12c3fa28ef035cad7a94f88bf6db278ba83813ac70c24279db4d22328a8af5ba,2013-05,Bedfordshire Police,Bedfordshire Police,-0.419204,51.873012,On or near STOCKWOOD CRESCENT,E01015738,Luton 021A,Investigation complete; no suspect identified
bb140e8911c1ddcbeed7bb8cde70ca3e25b91d9e168a624a853f1126e99f281e,2013-05,Bedfordshire Police,Bedfordshire Police,-0.421552,51.874824,On or near RUSSELL STREET,E01015738,Luton 021A,Suspect charged as part of another case
8fba71d867bf5161ae9a1e9bdf48531f12420a2bb644f5c75a7c4bc40e01eeba,2013-05,Bedfordshire Police,Bedfordshire Police,,,No location,,,Investigation complete; no suspect identified
28643378e86fcc3ca2a29231ec280c55c2badbe29bcf21e37c88dcd28ee5e11e,2013-05,Bedfordshire Police,Bedfordshire Police,-0.421889,51.874334,On or near BRECON CLOSE,E01015738,Luton 021A,Suspect charged
bab2ec9bae8a7ebdf6bab983a1c52af43bb226466a77f41108696a91e77142da,2013-05,Bedfordshire Police,Bedfordshire Police,-0.420082,51.887339,On or near CROMWELL HILL,E01015739,Luton 018A,Offender given a drugs possession warning
769d25d41444e2932c56285d06e9aeb7d9a6a24859a704ef125386b81f7b27e6,2013-05,Bedfordshire Police,Bedfordshire Police,-0.419000,51.885472,On or near MOORLAND GARDENS,E01015739,Luton 018A,Suspect charged
86975053cd8661f69a6ed54bbb9b2b9e0010290162e17614dd1a8354e1ef3353,2013-05,Bedfordshire Police,Bedfordshire Police,-0.419000,51.885472,On or near MOORLAND GARDENS,E01015739,Luton 018A,Suspect charged
c00e2b096f675b1f6a53ec34c0c68c2878c4edf342ce17496e3f29a933eaac28,2013-05,Bedfordshire Police,Bedfordshire Police,-0.419000,51.885472,On or near MOORLAND GARDENS,E01015739,Luton 018A,Offender given a caution
abb6fa05cc20ec19129ef8febf6aab317778c49c05aa4f3120556833f941b619,2013-05,Bedfordshire Police,Bedfordshire Police,-0.414923,51.886523,On or near WILLIAM STREET,E01015739,Luton 018A,Investigation complete; no suspect identified
0f61d343434d66d142161d6846c7ef791b85115685f0fd28403b943b3c367766,2013-05,Bedfordshire Police,Bedfordshire Police,-0.415470,51.886261,On or near FREDERICK STREET,E01015739,Luton 018A,Investigation complete; no suspect identified
8e47e6ce2f3e00d6ca9a23f16dffe14fb859d95aa3b4a579f4eac27d03dabc9c,2013-05,Bedfordshire Police,Bedfordshire Police,-0.414225,51.895209,On or near GREENSIDE PARK,E01015740,Luton 012A,Investigation complete; no suspect identified
07897e2e017fd5ce1be587813f068ce85fff47ee86ecc4e23722f0874115c983,2013-05,Bedfordshire Police,Bedfordshire Police,-0.415347,51.888930,On or near WENSLEYDALE,E01015740,Luton 012A,Offender given a caution
898b09c6465e0af38a3a98c29ad91e74eebfd5eeaf84ea6168cc50deb0f68670,2013-05,Bedfordshire Police,Bedfordshire Police,-0.414225,51.895209,On or near GREENSIDE PARK,E01015740,Luton 012A,Investigation complete; no suspect identified
7bb5694be69db335726d9ab7e16828d5a21095e84841674e849511b697098b74,2013-05,Bedfordshire Police,Bedfordshire Police,-0.416732,51.887986,On or near ARNCLIFFE CRESCENT,E01015740,Luton 012A,Investigation complete; no suspect identified
71f07e7701eebd7580ff79dc287aff083466402b1fbb8e60b299b7256a01dbc2,2013-05,Bedfordshire Police,Bedfordshire Police,-0.417542,51.888510,On or near THE WICKETS,E01015740,Luton 012A,Investigation complete; no suspect identified
82bf67c0d70ef5dbdd73d3aad73be520e9d1596d6062edf69a68efe69ce28fa9,2013-05,Bedfordshire Police,Bedfordshire Police,-0.413465,51.882952,On or near MIDLAND ROAD,E01015741,Luton 018B,Investigation complete; no suspect identified
9f5ea36b0141722c1a35c55750a475a9f595778a578d2f818c11956436e6668e,2013-05,Bedfordshire Police,Bedfordshire Police,-0.412997,51.887163,On or near HAVELOCK ROAD,E01015741,Luton 018B,Offender given a caution
33c770c0b4e5a98c0e8cf8f1557b2c280c0b01a83a2ffe85b60624404e6e9999,2013-05,Bedfordshire Police,Bedfordshire Police,-0.412888,51.885740,On or near ST MATTHEWS CLOSE,E01015741,Luton 018B,Investigation complete; no suspect identified
a6e4d7bbe44e6d6d0b2623dc22154b06b437a586286d5f1f84638d5b311b1c5d,2013-05,Bedfordshire Police,Bedfordshire Police,-0.414920,51.884977,On or near BOYLE CLOSE,E01015741,Luton 018B,Investigation complete; no suspect identified
f3e18159daaebb1973752fc9d09ab3ab5c74d9fecb185556ed798f34e8739ce2,2013-05,Bedfordshire Police,Bedfordshire Police,-0.410262,51.886433,On or near COBDEN STREET,E01015741,Luton 018B,Investigation complete; no suspect identified
9242ce82f58086c40cb1fba52f87da34f4bd549e6820096fc75173fd5cbe2807,2013-05,Bedfordshire Police,Bedfordshire Police,-0.410262,51.886433,On or near COBDEN STREET,E01015741,Luton 018B,Investigation complete; no suspect identified
45be5bcd9d4cbcfae90271f8f27de3896af11978028681b62b1f6c2503c5c2b3,2013-05,Bedfordshire Police,Bedfordshire Police,-0.414146,51.883842,On or near ALBION ROAD,E01015741,Luton 018B,Investigation complete; no suspect identified
1225101818e84e06d90713dc2fdca903aa704ca65a0731da7536feb561abe4a3,2013-05,Bedfordshire Police,Bedfordshire Police,-0.410894,51.883771,On or near DUKE STREET,E01015741,Luton 018B,Investigation complete; no suspect identified
d85686981703d56f967bfad19be5a1b3908db681c410d8ed8f777752fb5eeae7,2013-05,Bedfordshire Police,Bedfordshire Police,-0.404389,51.885697,On or near POMFRET AVENUE,E01015742,Luton 018C,Offender given a caution
1e12c522c4e171d2d429e99abd097daa2e0fa2cf61f5571f5323bc70c610dee3,2013-05,Bedfordshire Police,Bedfordshire Police,-0.406137,51.888841,On or near CHADWELL CLOSE,E01015742,Luton 018C,Investigation complete; no suspect identified
afa33fc0c34ba81ad325cd0de51d2e82b5f0168178cea651810641edb839f9fb,2013-05,Bedfordshire Police,Bedfordshire Police,-0.404168,51.889066,On or near WINCH STREET,E01015742,Luton 018C,Investigation complete; no suspect identified
f8c93d2cbd624c380ff2fcd3405bfa9f550a3c1b4aee5bebf489cc349f023e64,2013-05,Bedfordshire Police,Bedfordshire Police,-0.404279,51.887144,On or near Conference/Exhibition Centre,E01015742,Luton 018C,Investigation complete; no suspect identified
a83b6cb3b6edd53eef9a110145894ebf0ba330f88deb46db742318f702f32aa8,2013-05,Bedfordshire Police,Bedfordshire Police,-0.409929,51.882688,On or near CHURCH STREET,E01015743,Luton 018D,Suspect charged
7ca54cd1cab232e292b2f8a0ed1dd8d6a189ce70046d43b12859dcf2328dc8ed,2013-05,Bedfordshire Police,Bedfordshire Police,-0.409669,51.884708,On or near YORK STREET,E01015743,Luton 018D,Offender given a drugs possession warning
7d47501b1109f77e0631214671e4c869f6736f6f7c0a0728f896f138757270bc,2013-05,Bedfordshire Police,Bedfordshire Police,-0.409929,51.882688,On or near CHURCH STREET,E01015743,Luton 018D,Investigation complete; no suspect identified
d98fd8aef9acf7fc54c6c9010b657fd419b5eb804e9dfe7a9d1030aae864249c,2013-05,Bedfordshire Police,Bedfordshire Police,-0.407843,51.883757,On or near HARTLEY ROAD,E01015743,Luton 018D,Investigation complete; no suspect identified
4297e9e92a1a0dbbf78d7709383c246a3fc65cbb7e67e85858d0542f9691e069,2013-05,Bedfordshire Police,Bedfordshire Police,-0.434350,51.908723,On or near Supermarket,E01015744,Luton 004A,Investigation complete; no suspect identified
46b9a91e853ba40bcfe7dc9157c9b8b42820ac0c7096a3de1bb7ab69528e4736,2013-05,Bedfordshire Police,Bedfordshire Police,-0.425970,51.911372,On or near GLENFIELD ROAD,E01015744,Luton 004A,Suspect charged
caaa8a9759449ca776bc1577f32474bb4a50a099a6511bd841b147cb7d04352d,2013-05,Bedfordshire Police,Bedfordshire Police,-0.434350,51.908723,On or near Supermarket,E01015744,Luton 004A,Suspect charged as part of another case
b67841341bbb356c9765db3697febfcca9a7b3a0f673e810bc8a51a80edb7bb8,2013-05,Bedfordshire Police,Bedfordshire Police,-0.431154,51.906145,On or near TRURO GARDENS,E01015745,Luton 007F,Investigation complete; no suspect identified
db12463bbd1cf428e8d45ddb39eaee50029b6c47aa73d3b54e200220fd496dc1,2013-05,Bedfordshire Police,Bedfordshire Police,-0.425249,51.920776,On or near WARDEN HILL CLOSE,E01015746,Luton 004B,Investigation complete; no suspect identified
78e48c1a2ec4180f85fdfebfb2701542ff586615e028d92e7fb7c55d7dcf774d,2013-05,Bedfordshire Police,Bedfordshire Police,-0.423192,51.918474,On or near LINKS WAY,E01015746,Luton 004B,Investigation complete; no suspect identified
f8acbbc418ccfcf08d4231e49a02d661cffedde95cce8479709f7b1eed055394,2013-05,Bedfordshire Police,Bedfordshire Police,-0.429327,51.919338,On or near MARKHAM ROAD,E01015746,Luton 004B,Investigation complete; no suspect identified
57b5ec5bc7d671a8f0ac03e85ee31975e12e49c4f947c6a7efc8212d0b6590c2,2013-05,Bedfordshire Police,Bedfordshire Police,-0.424049,51.920562,On or near WARDEN HILL GARDENS,E01015746,Luton 004B,Suspect charged as part of another case
82e38778b7a4e952cbc0873577b031ada1f1652b7fd2fa2c23ed804cf058ef98,2013-05,Bedfordshire Police,Bedfordshire Police,-0.428290,51.915710,On or near HILL CLOSE,E01015748,Luton 004D,Suspect charged as part of another case
21f15e2346479be287fc9b1d65b47229f13d6a218e0cac6c613a0ec3056d82b5,2013-05,Bedfordshire Police,Bedfordshire Police,-0.437508,51.912811,On or near ST OLAM'S CLOSE,E01015748,Luton 004D,Suspect charged as part of another case
9042ef8ca57d69e5aad426cd18c316a93f1282a550247ff0ae8f564cdc826e92,2013-05,Bedfordshire Police,Bedfordshire Police,-0.474214,51.906108,On or near HELMSLEY CLOSE,E01015749,Luton 005A,Investigation complete; no suspect identified
1f9b22894b91b94e340ebf6af37a5dd5f41f47926ff1b2d68f60396307f4ea14,2013-05,Bedfordshire Police,Bedfordshire Police,-0.473333,51.905081,On or near HURLOCK WAY,E01015749,Luton 005A,Investigation complete; no suspect identified
c36b0219511f270590f2349b6dad4c1e5ea26c8619530a8afb750981e1847937,2013-05,Bedfordshire Police,Bedfordshire Police,-0.471187,51.905772,On or near THE GREEN,E01015749,Luton 005A,Investigation complete; no suspect identified
d4b5771a705a0149b16d2ed042e5f1a0f8ef92be25301f8f531df17f0ad17c39,2013-05,Bedfordshire Police,Bedfordshire Police,-0.477258,51.904628,On or near WITHY CLOSE,E01015749,Luton 005A,Investigation complete; no suspect identified
65b18555aa9a9f304bbc51fc20e7e47e4fc682588cc0b2b7338d3e406f148616,2013-05,Bedfordshire Police,Bedfordshire Police,-0.474559,51.902786,On or near BANK CLOSE,E01015749,Luton 005A,Investigation complete; no suspect identified
940de511c8db10c1e87d87c84de58574d6f9a70de1a8bbdf885c5e9bdf05cd12,2013-05,Bedfordshire Police,Bedfordshire Police,-0.473375,51.904695,On or near WHARFEDALE,E01015749,Luton 005A,Investigation complete; no suspect identified
fcc3cf5170434b5d651c021e276371d499e983130ee53a699a4312aefc4061ce,2013-05,Bedfordshire Police,Bedfordshire Police,-0.475615,51.904652,On or near WESTERDALE,E01015749,Luton 005A,Investigation complete; no suspect identified
d17092f3bd75f542be3de240bb4218f9b40c6d020c528e0419df51f7f7ae9a8d,2013-05,Bedfordshire Police,Bedfordshire Police,-0.472821,51.906441,On or near WETHERNE LINK,E01015749,Luton 005A,Investigation complete; no suspect identified
394fcf01fe11296134081294f3221ca4937a06ce009de601ccd67286f9bb87bf,2013-05,Bedfordshire Police,Bedfordshire Police,-0.474559,51.902786,On or near BANK CLOSE,E01015749,Luton 005A,Suspect charged
066ad1f4d3a5cceb5d1627ae722fad03da70f6ad516a4c280d6db4f3fb257b8f,2013-05,Bedfordshire Police,Bedfordshire Police,-0.459556,51.899003,On or near MORGAN CLOSE,E01015750,Luton 011F,Investigation complete; no suspect identified
5f5a460de949c111417521295a66e705dfc17d0caa8322e90c993c3d29e1beba,2013-05,Bedfordshire Police,Bedfordshire Police,-0.452389,51.900752,On or near BANBURY CLOSE,E01015750,Luton 011F,Investigation complete; no suspect identified
e0ba95985f9f757f597801670b8884c99fca3eced94a0b8d5627babb401c198f,2013-05,Bedfordshire Police,Bedfordshire Police,-0.454000,51.901654,On or near DORDANS ROAD,E01015750,Luton 011F,Investigation complete; no suspect identified
308843ff3bd283ec19aed742dbe88b15b4bbecf56f390c519d46fac25478637b,2013-05,Bedfordshire Police,Bedfordshire Police,-0.459556,51.899003,On or near MORGAN CLOSE,E01015750,Luton 011F,Investigation complete; no suspect identified
cdd11439c812da4f3fd1ad944a08a997bec0fbeb3bfc03b2cae6ae154ac67b90,2013-05,Bedfordshire Police,Bedfordshire Police,-0.462826,51.901995,On or near SCHOOL LANE,E01015750,Luton 011F,Investigation complete; no suspect identified
912bc90f9f18b8d316aee9e35e046aecafff71b15078bf3cfe7556d7390f0645,2013-05,Bedfordshire Police,Bedfordshire Police,-0.468164,51.907459,On or near ESKDALE,E01015751,Luton 005B,Investigation complete; no suspect identified
6cf903a801f282c097fd03a6f6ef81e9faa739a607a368f696ff6435b480ed0c,2013-05,Bedfordshire Police,Bedfordshire Police,-0.468532,51.902618,On or near ORCHARD WAY,E01015751,Luton 005B,Investigation complete; no suspect identified
8503c21cfd486a05cfa48c721531dbd93e20cef00a04b0fea16b4d345b16310d,2013-05,Bedfordshire Police,Bedfordshire Police,-0.468532,51.902618,On or near ORCHARD WAY,E01015751,Luton 005B,Investigation complete; no suspect identified
341f812be477111a570c165eedcff5193583c86bd18d3e882e32318bf2f41b70,2013-05,Bedfordshire Police,Bedfordshire Police,-0.468532,51.902618,On or near ORCHARD WAY,E01015751,Luton 005B,Investigation complete; no suspect identified
07599f5b014a0217719c0ae292985ecd891ca9527b958a1ccd26e50680b134c5,2013-05,Bedfordshire Police,Bedfordshire Police,-0.468532,51.902618,On or near ORCHARD WAY,E01015751,Luton 005B,Investigation complete; no suspect identified
aa02932f219ac7fe4c346fd4bc0b0a8ebc1079ecb6d2aed58b1e007ef746d023,2013-05,Bedfordshire Police,Bedfordshire Police,-0.468371,51.903928,On or near MAYNE AVENUE,E01015751,Luton 005B,Offender given a caution
ca9ff7dfcf0e195d773d9c4e5b82240c01c2b81f09fce2d6f91e681a4e4f0116,2013-05,Bedfordshire Police,Bedfordshire Police,-0.469881,51.906556,On or near TEESDALE,E01015751,Luton 005B,Investigation complete; no suspect identified
c5fdeb712a88d696c5f092fc69c325aee19f435c1979d1cfe504b978cf33f088,2013-05,Bedfordshire Police,Bedfordshire Police,-0.476807,51.911078,On or near HASKETON DRIVE,E01015752,Luton 005C,Investigation complete; no suspect identified
b18fd068fdd444a97e15d5980efa98bbd72dac452c1a91337a4631af19a4e88e,2013-05,Bedfordshire Police,Bedfordshire Police,-0.474470,51.909690,On or near HILLCROFT CLOSE,E01015752,Luton 005C,Investigation complete; no suspect identified
80116d2172779ed025a0332cfff034ad109ca216a5bd5fb02143dd5f14c5978e,2013-05,Bedfordshire Police,Bedfordshire Police,-0.477464,51.907562,On or near LISTON CLOSE,E01015753,Luton 005D,Investigation complete; no suspect identified
003492c44b3bfeb43d4986c904ee49e1a86030a07fa1d67e90e362ed24d48ac0,2013-05,Bedfordshire Police,Bedfordshire Police,-0.471567,51.909122,On or near CHAWORTH GREEN,E01015754,Luton 005E,Investigation complete; no suspect identified
15cc293c4a9fc94888bcfe796e10675e4b5d2b49afc7b794f9f721f29d9d783e,2013-05,Bedfordshire Police,Bedfordshire Police,-0.464924,51.907822,On or near NAPPSBURY ROAD,E01015754,Luton 005E,Investigation complete; no suspect identified
09cf44682d0e15c7b971e77bd2ba89d4818dbe6500f8a272767bdc95adc4bbd6,2013-05,Bedfordshire Police,Bedfordshire Police,-0.471567,51.909122,On or near CHAWORTH GREEN,E01015754,Luton 005E,Investigation complete; no suspect identified
1a52fd1c546e6a0e6af149d2a0a24439bf4ce665566857409201ca0d5d8b1bdb,2013-05,Bedfordshire Police,Bedfordshire Police,-0.459246,51.905527,On or near STATION ROAD,E01015755,Luton 005F,Suspect charged
3c3f61c1d8d3745beff2cfadac7c5918b41d1a40de284b9635cf15c16e966a0e,2013-05,Bedfordshire Police,Bedfordshire Police,-0.460776,51.903721,On or near COMPTON AVENUE,E01015755,Luton 005F,Investigation complete; no suspect identified
8d18bc532557dc58357457290335c5991b7e6c80b1c1015338bfdd7568534cae,2013-05,Bedfordshire Police,Bedfordshire Police,-0.465961,51.906837,On or near VINCENT ROAD,E01015755,Luton 005F,Investigation complete; no suspect identified
de9dd35daea7f564d522844dd49878999cade346006f4e7a3804e197da100bff,2013-05,Bedfordshire Police,Bedfordshire Police,-0.488405,51.903423,On or near PEREGRINE ROAD,E01015756,Luton 009A,Investigation complete; no suspect identified
c9bbd56490531afec5dc1983508d936e9c4ddc9cf7aa16eb20236f43656d5f3e,2013-05,Bedfordshire Police,Bedfordshire Police,-0.485222,51.902978,On or near FINCH CLOSE,E01015756,Luton 009A,Investigation complete; no suspect identified
78bb46a84474b6ca8ce42e41e80134b696a3b9c2803157b43582c7cf629b542b,2013-05,Bedfordshire Police,Bedfordshire Police,-0.485734,51.905016,On or near COLTSFOOT GREEN,E01015756,Luton 009A,Investigation complete; no suspect identified
a23b5bacf27f6f85f4a52f1e7c287ad84ac997fc0fb62e48bcb25ce80f5130c7,2013-05,Bedfordshire Police,Bedfordshire Police,-0.483118,51.903292,On or near HOLKHAM CLOSE,E01015758,Luton 009C,Investigation complete; no suspect identified
62a7032213ed5fb8ed7b4e6a0576fb364c2e06085b1ee5a4c489a3cf030e6c1b,2013-05,Bedfordshire Police,Bedfordshire Police,-0.483118,51.903292,On or near HOLKHAM CLOSE,E01015758,Luton 009C,Investigation complete; no suspect identified
e6d32808d5b041d94949dc65409e51fdfb52b3feaaec9c51798d80dfe240edd5,2013-05,Bedfordshire Police,Bedfordshire Police,-0.491799,51.901893,On or near WEDGEWOOD ROAD,E01015759,Luton 009D,Investigation complete; no suspect identified
c9e8cb072d25db713d6a075cffc22fe91b22c9c6425ea7ce54df31b0534da59c,2013-05,Bedfordshire Police,Bedfordshire Police,-0.493755,51.902952,On or near RADNOR ROAD,E01015759,Luton 009D,Investigation complete; no suspect identified
f0883189af49c580b206cfc37962efe2206678da7b4acba2ae236a11ad64d9ef,2013-05,Bedfordshire Police,Bedfordshire Police,-0.492061,51.899289,On or near BALDOCK CLOSE,E01015759,Luton 009D,Investigation complete; no suspect identified
d569928e2381d2f8a879e99f17d167670be14b930b1d023df245093aec0409fb,2013-05,Bedfordshire Police,Bedfordshire Police,-0.485868,51.898454,On or near ANGUS CLOSE,E01015760,Luton 009E,Investigation complete; no suspect identified
820e198e98eb8cb97a2d6b826717af8c9cd8b71202efd25b7ac34964d3ad690f,2013-05,Bedfordshire Police,Bedfordshire Police,-0.484938,51.901895,On or near ROYDON CLOSE,E01015760,Luton 009E,Investigation complete; no suspect identified
4adcda37326a6117bad0de28354a13d7dbcd7e520b1aee41d0d739342a798725,2013-05,Bedfordshire Police,Bedfordshire Police,-0.479161,51.898637,On or near HOLGATE DRIVE,E01015760,Luton 009E,Investigation complete; no suspect identified
25ec109f13468b08ff0e1a547b6c5569916a8ec06c955fc5b9cc5be05fccbae7,2013-05,Bedfordshire Police,Bedfordshire Police,-0.494494,51.897369,On or near RODNEY CLOSE,E01015761,Luton 009F,Investigation complete; no suspect identified
660a9ae686caeca698ef7cad77d95fcf17da78420072dfeb978430559a414b94,2013-05,Bedfordshire Police,Bedfordshire Police,-0.494741,51.899125,On or near ALBERMARLE CLOSE,E01015761,Luton 009F,Investigation complete; no suspect identified
be11374faaa169a63d285623b353255c0057b594e3f03fd6badd844bba2e8487,2013-05,Bedfordshire Police,Bedfordshire Police,-0.478191,51.896386,On or near Parking Area,E01015762,Luton 013D,Offender given a drugs possession warning
6605473df6c11ac543f54e5306968a01d52ffa4e95bc38a41c0fe3f6068875a0,2013-05,Bedfordshire Police,Bedfordshire Police,-0.484883,51.891446,On or near A505,E01015762,Luton 013D,Investigation complete; no suspect identified
6bf764f57f00a10033d23c6d16d3db9d134343008c103d17e7f193f9d9d980b7,2013-05,Bedfordshire Police,Bedfordshire Police,-0.478191,51.896386,On or near Parking Area,E01015762,Luton 013D,Investigation complete; no suspect identified
feeaaa6d38af4b7cc60ab38d2aa9374acd264905d55fdb10ab5e0ae98a7ad355,2013-05,Bedfordshire Police,Bedfordshire Police,-0.485287,51.895839,On or near CHAPTER HOUSE ROAD,E01015763,Luton 013E,Investigation complete; no suspect identified
ff16e75e05cda7f1eff27c8bd394d042b6e280a7e4d21a7b31764c8ab6979fc9,2013-05,Bedfordshire Police,Bedfordshire Police,-0.446894,51.910867,On or near Supermarket,E01015764,Luton 006A,Investigation complete; no suspect identified
41edaca9e518e4d4ae0c1e143ad2b3cf648c9022539a4fdd848e4cc9c4365984,2013-05,Bedfordshire Police,Bedfordshire Police,-0.442831,51.906462,On or near NEVILLE ROAD,E01015764,Luton 006A,Investigation complete; no suspect identified
281b739894c09093722dde745c4171da4368b6f620bc4ed49ca07c67c61c2e5a,2013-05,Bedfordshire Police,Bedfordshire Police,-0.442831,51.906462,On or near NEVILLE ROAD,E01015764,Luton 006A,Investigation complete; no suspect identified
26f20df4188f8ac13cce46023bcea1b6a27fe2322c675b410a52092dc34dc800,2013-05,Bedfordshire Police,Bedfordshire Police,-0.442831,51.906462,On or near NEVILLE ROAD,E01015764,Luton 006A,Investigation complete; no suspect identified
44da3e885f7565e1bf442d7097929779721932a2c0ed517f8f5d5cd55192771e,2013-05,Bedfordshire Police,Bedfordshire Police,-0.453318,51.904181,On or near Supermarket,E01015765,Luton 006B,Investigation complete; no suspect identified
37299a2be9252c8310b2bc1ad96a983af764b3a91c265c611fb451f3271ab8ca,2013-05,Bedfordshire Police,Bedfordshire Police,-0.458437,51.906226,On or near Petrol Station,E01015765,Luton 006B,Investigation complete; no suspect identified
669637e5b35d707a6e015c1b9c69e91b15a02d60165adbbf9e2895ec76192227,2013-05,Bedfordshire Police,Bedfordshire Police,-0.458437,51.906226,On or near Petrol Station,E01015765,Luton 006B,Investigation complete; no suspect identified
4e58627eca46d432cbadb6024342bee10a0cdd072ec9f453b53d11b4f3f6956c,2013-05,Bedfordshire Police,Bedfordshire Police,-0.458437,51.906226,On or near Petrol Station,E01015765,Luton 006B,Investigation complete; no suspect identified
fd9e5f162e8ee7cef9f68ccb9e6cbddb3f6d857d0fea794c4c27214f18553447,2013-05,Bedfordshire Police,Bedfordshire Police,-0.458437,51.906226,On or near Petrol Station,E01015765,Luton 006B,Investigation complete; no suspect identified
e0559d94f5ef4f11c6376d7c57e6ea7569fd6236c39c027e384e8633c2d8968f,2013-05,Bedfordshire Police,Bedfordshire Police,-0.453591,51.903402,On or near ARCHWAY ROAD,E01015765,Luton 006B,Local resolution
48ae94c985f6bd6867af781b292d6705b7c35898fabbc487254bbecbcdc50c73,2013-05,Bedfordshire Police,Bedfordshire Police,-0.455413,51.904973,On or near HEWLETT ROAD,E01015765,Luton 006B,Suspect charged
48ae94c985f6bd6867af781b292d6705b7c35898fabbc487254bbecbcdc50c73,2013-05,Bedfordshire Police,Bedfordshire Police,-0.455413,51.904973,On or near HEWLETT ROAD,E01015765,Luton 006B,Suspect charged
48ae94c985f6bd6867af781b292d6705b7c35898fabbc487254bbecbcdc50c73,2013-05,Bedfordshire Police,Bedfordshire Police,-0.455413,51.904973,On or near HEWLETT ROAD,E01015765,Luton 006B,Suspect charged
48ae94c985f6bd6867af781b292d6705b7c35898fabbc487254bbecbcdc50c73,2013-05,Bedfordshire Police,Bedfordshire Police,-0.455413,51.904973,On or near HEWLETT ROAD,E01015765,Luton 006B,Suspect charged
375a978ae52de8b387fbeba86d444aabcd61760f225d0095b08504e597a8bade,2013-05,Bedfordshire Police,Bedfordshire Police,-0.455413,51.904973,On or near HEWLETT ROAD,E01015765,Luton 006B,Suspect charged
375a978ae52de8b387fbeba86d444aabcd61760f225d0095b08504e597a8bade,2013-05,Bedfordshire Police,Bedfordshire Police,-0.455413,51.904973,On or near HEWLETT ROAD,E01015765,Luton 006B,Suspect charged
375a978ae52de8b387fbeba86d444aabcd61760f225d0095b08504e597a8bade,2013-05,Bedfordshire Police,Bedfordshire Police,-0.455413,51.904973,On or near HEWLETT ROAD,E01015765,Luton 006B,Suspect charged
375a978ae52de8b387fbeba86d444aabcd61760f225d0095b08504e597a8bade,2013-05,Bedfordshire Police,Bedfordshire Police,-0.455413,51.904973,On or near HEWLETT ROAD,E01015765,Luton 006B,Suspect charged
0d07d58229d9abcf050237d5b9ae6bfb0f8cbddbe774c1b0153144a6e9d03272,2013-05,Bedfordshire Police,Bedfordshire Police,-0.455413,51.904973,On or near HEWLETT ROAD,E01015765,Luton 006B,Investigation complete; no suspect identified
b41af36bb36b86a4284ecf9c2c62955cd7f8865dce20d6445dc70f71d7173e5d,2013-05,Bedfordshire Police,Bedfordshire Police,-0.453318,51.904181,On or near Supermarket,E01015765,Luton 006B,Suspect charged
f7c242d44fb0af0cc411a4eb7b7b0b865c9ed64b4415a5da9d676716a5ba2090,2013-05,Bedfordshire Police,Bedfordshire Police,-0.446819,51.905876,On or near WESTMORLAND AVENUE,E01015767,Luton 006D,Investigation complete; no suspect identified
710aa82faea4978f0c0f5749f3834e8d0343a49164bb9532e8eec931480e4b39,2013-05,Bedfordshire Police,Bedfordshire Police,-0.449684,51.903333,On or near STANMORE CRESCENT,E01015767,Luton 006D,Investigation complete; no suspect identified
a04fc9de74bc9f93a1f021cff5b51b3909efa3e71c509770daf750fc4c9e322b,2013-05,Bedfordshire Police,Bedfordshire Police,-0.436972,51.911060,On or near CATSBROOK ROAD,E01015768,Luton 006E,Investigation complete; no suspect identified
b09b6574e2f4c400f55d8831289b16bb44ede435275b8e506ce3311d73a51d50,2013-05,Bedfordshire Police,Bedfordshire Police,-0.442318,51.912443,On or near HOMERTON ROAD,E01015768,Luton 006E,Suspect charged as part of another case
a4c8d557ab1776a4628d0945f55ec3a67e7d660767d244ca9c030c837ff143fe,2013-05,Bedfordshire Police,Bedfordshire Police,-0.444229,51.913521,On or near AILSWORTH ROAD,E01015768,Luton 006E,Suspect charged as part of another case
ee5fc086e65e85b34d842829cd258c235eefa9b05442af3c9f3b570bd609f5dc,2013-05,Bedfordshire Police,Bedfordshire Police,-0.444229,51.913521,On or near AILSWORTH ROAD,E01015768,Luton 006E,Suspect charged as part of another case
cca798df0388eedc91e795649836ced27dd81c9f4972b686171f071d2c2a0971,2013-05,Bedfordshire Police,Bedfordshire Police,-0.451631,51.916442,On or near BURNT CLOSE,E01015769,Luton 003A,Investigation complete; no suspect identified
ec97f344639ed819e8dc9170686b83e2aa84004f2a7d3c71d111b109dc539442,2013-05,Bedfordshire Police,Bedfordshire Police,-0.446724,51.918742,On or near BROMPTON CLOSE,E01015770,Luton 001F,Offender given a drugs possession warning
ff65e86add1b6dd03f2598a0d49944acb643435c5bc543db907c05e9d8a0b23a,2013-05,Bedfordshire Police,Bedfordshire Police,-0.447144,51.917533,On or near BENSON CLOSE,E01015770,Luton 001F,Suspect charged as part of another case
a9b19b599071d17d3ecc480d6caa3aef17780da8ff1c53e5f1af1557b0f193d9,2013-05,Bedfordshire Police,Bedfordshire Police,-0.447144,51.917533,On or near BENSON CLOSE,E01015770,Luton 001F,Suspect charged as part of another case
2d07c388ed16eae439f850b76a466fbbc0629d9d8c415680246985017ef6c7c8,2013-05,Bedfordshire Police,Bedfordshire Police,-0.456324,51.914417,On or near LITTLE WOOD CROFT,E01015771,Luton 003B,Investigation complete; no suspect identified
6de028b524e67ee33214f58cd13e6b5d2fb133f576aadee057255754d19f6e5e,2013-05,Bedfordshire Police,Bedfordshire Police,-0.454506,51.916983,On or near VADIS CLOSE,E01015771,Luton 003B,Investigation complete; no suspect identified
fd2ccf3fe5e2cd47bfbc909db8beab7f1a284dd3811e5fba87becae4c8a9019d,2013-05,Bedfordshire Police,Bedfordshire Police,-0.456784,51.917984,On or near FITZWARIN CLOSE,E01015771,Luton 003B,Investigation complete; no suspect identified
43e8e4616d6946229ccc9795f2721066662d9be096fbb8d7117e8ccc0d1c08d2,2013-05,Bedfordshire Police,Bedfordshire Police,-0.457428,51.918694,On or near WALEYS CLOSE,E01015771,Luton 003B,Investigation complete; no suspect identified
03fbe6a2c5313800968d7a8f6c79b576b7972d8094dce4c0461555f79300a602,2013-05,Bedfordshire Police,Bedfordshire Police,-0.455795,51.916289,On or near THRALES CLOSE,E01015771,Luton 003B,Investigation complete; no suspect identified
cc9d976630e5fc6131024ee8797c205962ea532369304abb7b259cf4d83d5bb2,2013-05,Bedfordshire Police,Bedfordshire Police,-0.457428,51.918694,On or near WALEYS CLOSE,E01015771,Luton 003B,Suspect charged
14433c325959586698691426ec72af15ae97b2de9c99f2bbdb8df91bc4d5729f,2013-05,Bedfordshire Police,Bedfordshire Police,-0.454506,51.916983,On or near VADIS CLOSE,E01015771,Luton 003B,Investigation complete; no suspect identified
37f11aef2a347c5d2c75d22c06f86e23f8deba222fe0e2f32e51d8c0f9fab6ae,2013-05,Bedfordshire Police,Bedfordshire Police,-0.453943,51.913064,On or near AXE CLOSE,E01015772,Luton 003C,Investigation complete; no suspect identified
6a61eef2ba7ba2566f69915361834b958662aa649cb86a464cacd56e0f73f223,2013-05,Bedfordshire Police,Bedfordshire Police,-0.453967,51.914044,On or near FLINT CLOSE,E01015772,Luton 003C,Offender given a drugs possession warning
7bf02aa0b6e6eb36a7d687000ccbf484a926da3ec4caece3d49c3811dd2fcc35,2013-05,Bedfordshire Police,Bedfordshire Police,-0.453967,51.914044,On or near FLINT CLOSE,E01015772,Luton 003C,Offender given a drugs possession warning
d4f725241128574ddfde4887e6f46065a2a14212f188542fe7a752d0a5c09ac9,2013-05,Bedfordshire Police,Bedfordshire Police,-0.453943,51.913064,On or near AXE CLOSE,E01015772,Luton 003C,Investigation complete; no suspect identified
cb174f3cbd6d421b44cf477872f7e82f0700141c08e2ed120b0b30422177e8c6,2013-05,Bedfordshire Police,Bedfordshire Police,-0.455504,51.912069,On or near ARROW CLOSE,E01015772,Luton 003C,Investigation complete; no suspect identified
67de7d542dad4c8020ef67c3b331b39c924251a4be5c518209878533294c1213,2013-05,Bedfordshire Police,Bedfordshire Police,-0.452003,51.914522,On or near SHERD CLOSE,E01015772,Luton 003C,Investigation complete; no suspect identified
8f4e8d4c5049a00b55faae7bf6e6d696ea422a8413b60f3fb6e2f433a111b083,2013-05,Bedfordshire Police,Bedfordshire Police,-0.453967,51.914044,On or near FLINT CLOSE,E01015772,Luton 003C,Investigation complete; no suspect identified
8260da45702a22e5fce6221c34cdbd881f7575bf03a48cb5161522802b676ed5,2013-05,Bedfordshire Police,Bedfordshire Police,-0.455829,51.920813,On or near DENHAM CLOSE,E01015773,Luton 003D,Investigation complete; no suspect identified
434c032f4cdf9ec2af44eb717645a8f23f4b8c74b396c6806564fdd52c21b9f2,2013-05,Bedfordshire Police,Bedfordshire Police,-0.456147,51.921707,On or near WEXHAM CLOSE,E01015773,Luton 003D,Investigation complete; no suspect identified
30b168791456f96071e6def604f282bd4210f0e558e207154327e58452af9e43,2013-05,Bedfordshire Police,Bedfordshire Police,-0.457971,51.921956,On or near Pedestrian Subway,E01015773,Luton 003D,Investigation complete; no suspect identified
821e36b54ad180e9bc112a4e89c595afece01c2c718c8188a763f13c1d073385,2013-05,Bedfordshire Police,Bedfordshire Police,-0.454939,51.923867,On or near OLYMPIC CLOSE,E01015773,Luton 003D,Offender given a drugs possession warning
76c0d6b26d1ade47c845721d56655ec7f6070efb58fce70017f8c155084b5858,2013-05,Bedfordshire Police,Bedfordshire Police,-0.457320,51.923566,On or near WINCHESTER GARDENS,E01015774,Luton 003E,Investigation complete; no suspect identified
7c08edbbad6fc2bf2e6be342ba2765ccb0651efbda32a49991d1f534289d841a,2013-05,Bedfordshire Police,Bedfordshire Police,-0.409031,51.895786,On or near FELSTEAD WAY,E01015775,Luton 012B,Investigation complete; no suspect identified
9e419a03030b6686df4542e5586bf3c77333ae6d6e2c9cd60035a555b1575779,2013-05,Bedfordshire Police,Bedfordshire Police,-0.407584,51.897259,On or near GREEN OAKS,E01015775,Luton 012B,Investigation complete; no suspect identified
2afee8277ccbbb4ef6af813c23447a3cfd3c4195a05a82c199e6bcda2c06058b,2013-05,Bedfordshire Police,Bedfordshire Police,-0.392759,51.894819,On or near ASHCROFT ROAD,E01015776,Luton 012C,Local resolution
25d6d1ddfe8f86e5ce2a3110906e2100f18385126e683c2d22327729a2a26310,2013-05,Bedfordshire Police,Bedfordshire Police,-0.391348,51.891598,On or near YEOVIL ROAD,E01015776,Luton 012C,Suspect charged
b8589da9758147ea7ef4942c14aba57fbe7688737d16d2c3ee4e0eb4143f9894,2013-05,Bedfordshire Police,Bedfordshire Police,-0.396978,51.893860,On or near MORETON ROAD,E01015776,Luton 012C,Investigation complete; no suspect identified
ca3c3fabffbaff3b4f36e3d5528e94e72b9d0fc098981ad9743c3b1f97bc3d63,2013-05,Bedfordshire Police,Bedfordshire Police,-0.403741,51.890859,On or near TALBOT ROAD,E01015777,Luton 012D,Suspect charged
00ab829df27dda5d8e98d4badf6e6cc01d85f0f0b2a986aebf3c818e0639880c,2013-05,Bedfordshire Police,Bedfordshire Police,-0.401224,51.892155,On or near HITCHIN ROAD,E01015777,Luton 012D,Investigation complete; no suspect identified
cc37d36876e8c104e1ac7fb25e244f01571b28987bc268eb7519fc857556028c,2013-05,Bedfordshire Police,Bedfordshire Police,-0.400994,51.895794,On or near A505,E01015777,Luton 012D,Investigation complete; no suspect identified
b165819a2cbea0bd04ec62b1bc4c7502df716eb9b02d2c5990a9af8f5980dbf5,2013-05,Bedfordshire Police,Bedfordshire Police,-0.399951,51.885466,On or near ABBOTS WOOD ROAD,E01015780,Luton 016E,Investigation complete; no suspect identified
96d853284909a1f5fccba8175c9ec219bc3e4b559d680d1989ac9d8d84415d1f,2013-05,Bedfordshire Police,Bedfordshire Police,-0.402594,51.887957,On or near HART LANE,E01015780,Luton 016E,Investigation complete; no suspect identified
6ed8c69e24b4312574161b1e4b5a3281c2f5fb789a48b8eac6ec47605948fabd,2013-05,Bedfordshire Police,Bedfordshire Police,-0.397327,51.889360,On or near BLOOMFIELD AVENUE,E01015780,Luton 016E,Investigation complete; no suspect identified
061cb34d31cd5ba5262348f1d309b4bb0f4305bb7c3f6f6d89781e37f2bbdadc,2013-05,Bedfordshire Police,Bedfordshire Police,-0.399951,51.885466,On or near ABBOTS WOOD ROAD,E01015780,Luton 016E,Suspect charged
ecce63fa3df55c6a1deb5f1187ef5fc5a9cb61d67b25ddbd709a32bf66a089c2,2013-05,Bedfordshire Police,Bedfordshire Police,-0.398187,51.886449,On or near ABBEY DRIVE,E01015781,Luton 016F,Suspect charged
26f435d5f10c1821dc51bcb4da2597837c451eb15e8358e3c6f86dccd3de3424,2013-05,Bedfordshire Police,Bedfordshire Police,-0.436159,51.902660,On or near TRINITY ROAD,E01015782,Luton 010D,Investigation complete; no suspect identified
760f325b231a83fe6ffa6a3503c53a1fd831c68cfb7b1a219426c91a9881d3db,2013-05,Bedfordshire Police,Bedfordshire Police,-0.428691,51.897156,On or near ST BERNARD'S CLOSE,E01015784,Luton 010E,Investigation complete; no suspect identified
cd541ceeb9be6593a8cfc64345614af3599799c6655a235294ade4347a395d9e,2013-05,Bedfordshire Police,Bedfordshire Police,-0.428691,51.897156,On or near ST BERNARD'S CLOSE,E01015784,Luton 010E,Suspect charged
0ddf4ceb801abd67611a7e3623729ecf30d2c11cff7d8f54c4137f3b39f1d8a3,2013-05,Bedfordshire Police,Bedfordshire Police,-0.428691,51.897156,On or near ST BERNARD'S CLOSE,E01015784,Luton 010E,Suspect charged
7611e4356c28101541477eb95fa56349488d83f8e9fe8842c82587d28150984f,2013-05,Bedfordshire Police,Bedfordshire Police,-0.447110,51.901663,On or near NORTON ROAD,E01015785,Luton 006G,Investigation complete; no suspect identified
92a05f3c0f87927cf6c4a5b6ba9741e85391a51bac81d65c79aec845ca720382,2013-05,Bedfordshire Police,Bedfordshire Police,-0.446750,51.899869,On or near CUFFLEY CLOSE,E01015785,Luton 006G,Investigation complete; no suspect identified
5769cf97961056f0fc77af8cdc603616f079aa4128e4ad7c700f74c4942d303f,2013-05,Bedfordshire Police,Bedfordshire Police,-0.451671,51.903018,On or near MARSH ROAD,E01015785,Luton 006G,Offender given a caution
237d6a2190d13f3a07ddb94fb6f5cc69c159992699cd1d4137b717da4a30f231,2013-05,Bedfordshire Police,Bedfordshire Police,-0.451671,51.903018,On or near MARSH ROAD,E01015785,Luton 006G,Investigation complete; no suspect identified
2d0a86bfa84047b41261a8000d453ea8734f6ec3380feaed683ec6fa65a3926b,2013-05,Bedfordshire Police,Bedfordshire Police,-0.449415,51.900146,On or near LEAFIELD,E01015785,Luton 006G,Suspect charged
1d1e84e912dc4d8739853e6deb0686b9b1e19341aee4836dde61b9df98c5e293,2013-05,Bedfordshire Police,Bedfordshire Police,-0.450566,51.894164,On or near LARKSPUR GARDENS,E01015787,Luton 015D,Investigation complete; no suspect identified
3cfb2c2a43b0fa63ce9cd71850bbd86c89e69625b91f341d36d5f723797d6261,2013-05,Bedfordshire Police,Bedfordshire Police,-0.451500,51.892369,On or near Petrol Station,E01015787,Luton 015D,Investigation complete; no suspect identified
b5ec7bdfc5cb142d03d74f8c2afcd518588523c700662ea2842dabb97d8d1d8d,2013-05,Bedfordshire Police,Bedfordshire Police,-0.450566,51.894164,On or near LARKSPUR GARDENS,E01015787,Luton 015D,Suspect charged
d4c5b90072b8c1cfe3551e2bf014ff71b72e8d92cc0a78fb44d60cd522f19582,2013-05,Bedfordshire Police,Bedfordshire Police,-0.451500,51.892369,On or near Petrol Station,E01015787,Luton 015D,Investigation complete; no suspect identified
f068d41acbee5158dd6b1e60d05f3d31b3e894b314fc41d59db9f149e67e4313,2013-05,Bedfordshire Police,Bedfordshire Police,-0.406447,51.873515,On or near PARK STREET,E01015789,Luton 018E,Investigation complete; no suspect identified
9a0a84afe3d51c4036d44a3bd4a07ba273ade7f60e9efd6c2860ecd65393c00a,2013-05,Bedfordshire Police,Bedfordshire Police,-0.409241,51.873364,On or near KINGSLAND ROAD,E01015789,Luton 018E,Investigation complete; no suspect identified
fe8faf22d018792b7bce907134ee5d77108f4fecc4eee7d05b353ea120d93518,2013-05,Bedfordshire Police,Bedfordshire Police,-0.410801,51.877341,On or near Supermarket,E01015789,Luton 018E,Investigation complete; no suspect identified
b06160fd8e112fd7e9c95556670191ca3aab89a237c25c75b796a07da4975f13,2013-05,Bedfordshire Police,Bedfordshire Police,-0.409241,51.873364,On or near KINGSLAND ROAD,E01015789,Luton 018E,Investigation complete; no suspect identified
9e8045d3a9c2655fd03dda20d76943386a3465155982919e3bd51308b3683771,2013-05,Bedfordshire Police,Bedfordshire Police,-0.408256,51.874519,On or near BAILEY STREET,E01015789,Luton 018E,Investigation complete; no suspect identified
ae6f5cdb64b626cb1c824706fc27d611553b0f6176b6fe54529cf7c21283c435,2013-05,Bedfordshire Police,Bedfordshire Police,-0.410801,51.877341,On or near Supermarket,E01015789,Luton 018E,Local resolution
cdd8ae7ac116ff155f1880a9ca1e9c9db669699915d724678374fa744385ee51,2013-05,Bedfordshire Police,Bedfordshire Police,-0.410780,51.874230,On or near ESSEX CLOSE,E01015789,Luton 018E,Investigation complete; no suspect identified
a9dcb23ac26b4acbc46d1e4a63ad4e1fd815e5e14659a729d28f594d87fe0213,2013-05,Bedfordshire Police,Bedfordshire Police,-0.408027,51.878140,On or near Pedestrian Subway,E01015789,Luton 018E,Investigation complete; no suspect identified
63f109caf62d9a38b01f67d4f0134089cded391130750886dab4ba4e422df444,2013-05,Bedfordshire Police,Bedfordshire Police,-0.410101,51.875362,On or near CHEQUER STREET,E01015789,Luton 018E,Offender given a caution
7a562ded3b463b6afeae657f66967207fb5b0fb56d82f6ff065acf1a53b8563c,2013-05,Bedfordshire Police,Bedfordshire Police,-0.409226,51.878740,On or near ST MARY'S ROAD,E01015789,Luton 018E,Investigation complete; no suspect identified
531968b71d8c25aee7257626b940738dd7bca71f5373b490e3389c592551cbf2,2013-05,Bedfordshire Police,Bedfordshire Police,-0.411422,51.877862,On or near Further/Higher Educational Building,E01015789,Luton 018E,Investigation complete; no suspect identified
75ace822c31dd5041fe690ff8b206d16777497061f40866bde9f0b59b8754261,2013-05,Bedfordshire Police,Bedfordshire Police,-0.410801,51.877341,On or near Supermarket,E01015789,Luton 018E,Investigation complete; no suspect identified
4681ffe7b45513a110f8cf39d59d457425011a530c98a26dfef62b2a99af496f,2013-05,Bedfordshire Police,Bedfordshire Police,-0.410801,51.877341,On or near Supermarket,E01015789,Luton 018E,Investigation complete; no suspect identified
b43a9055b48f5297870eebd80b7b77eef7a3c990fe09236572bbca14604d93f9,2013-05,Bedfordshire Police,Bedfordshire Police,-0.408027,51.878140,On or near Pedestrian Subway,E01015789,Luton 018E,Local resolution
f96060af3af101585b9b796b2bf2ea77904123ed34d6430b6e2e48c8543550b8,2013-05,Bedfordshire Police,Bedfordshire Police,-0.408027,51.878140,On or near Pedestrian Subway,E01015789,Luton 018E,Investigation complete; no suspect identified
8e461956efec9735cf01b9b2b6e245d76827813955d715db284951dee0ea9fa1,2013-05,Bedfordshire Police,Bedfordshire Police,-0.410028,51.876189,On or near PARK VIADUCT,E01015789,Luton 018E,Investigation complete; no suspect identified
b1cdab27fa735c455171a159730aa65973e968afe45cce4a3fe9e111c03b1282,2013-05,Bedfordshire Police,Bedfordshire Police,-0.410780,51.874230,On or near ESSEX CLOSE,E01015789,Luton 018E,Suspect charged
0e30aab18797f8bc75e5913f4b096d9aec6fe5e85e803245fb5c485bb6ce2ba0,2013-05,Bedfordshire Police,Bedfordshire Police,-0.408184,51.876155,On or near PARK TERRACE,E01015789,Luton 018E,Investigation complete; no suspect identified
a69ab0662dc3cd049c82a7ed8caaa8bb955821950866c8750165bbb622548497,2013-05,Bedfordshire Police,Bedfordshire Police,-0.407685,51.876705,On or near GLOUCESTER ROAD,E01015789,Luton 018E,Suspect charged
0fce3b8957388b2b7af397fd7ab85bc07150e3ac432b6234019b622b7c0c3f22,2013-05,Bedfordshire Police,Bedfordshire Police,-0.407685,51.876705,On or near GLOUCESTER ROAD,E01015789,Luton 018E,Suspect charged
5bc58501166905b37033b2bd56741f2647bfcc09b1ae1299e6c6dfb2080e2cf2,2013-05,Bedfordshire Police,Bedfordshire Police,-0.400385,51.871175,On or near Sports/Recreation Area,E01015790,Luton 021B,Investigation complete; no suspect identified
b6f437aaea65c278eab11f90dbbbe87cedb2978b4afdb13fca3e73e95ead8d42,2013-05,Bedfordshire Police,Bedfordshire Police,-0.400412,51.874916,On or near KIMPTON ROAD,E01015790,Luton 021B,Investigation complete; no suspect identified
f5a99ae09d4bbf4a7f401786caa81683f0bde8722f31976d92b773d78f43c454,2013-05,Bedfordshire Police,Bedfordshire Police,-0.406423,51.871311,On or near ALTON ROAD,E01015790,Luton 021B,Investigation complete; no suspect identified
92cc9008a1011e82203684196abfd2d8cd4dfa82a872d9eb59120ea612021997,2013-05,Bedfordshire Police,Bedfordshire Police,-0.408840,51.871973,On or near SEYMOUR AVENUE,E01015790,Luton 021B,Investigation complete; no suspect identified
263475748e095aad23d004c0a688f2665d9ed680d1d35ea7627e0af197d621bf,2013-05,Bedfordshire Police,Bedfordshire Police,-0.419078,51.875375,On or near ELIZABETH STREET,E01015791,Luton 021C,Investigation complete; no suspect identified
6883296124f18316977e3179f691c1435dc18c100760e365061057c11c2cecb2,2013-05,Bedfordshire Police,Bedfordshire Police,-0.417031,51.877002,On or near CHAPEL VIADUCT,E01015791,Luton 021C,Investigation complete; no suspect identified
cb22584141f3d4b20a796e41ee90d5d7249aa959f36d97649114ace6a034bcf9,2013-05,Bedfordshire Police,Bedfordshire Police,-0.416100,51.874553,On or near KELVIN CLOSE,E01015791,Luton 021C,Investigation complete; no suspect identified
4227886151afc7b634efa243084f155c7bf264d6f4141ee06e9a70180b1cf8e3,2013-05,Bedfordshire Police,Bedfordshire Police,-0.419078,51.875375,On or near ELIZABETH STREET,E01015791,Luton 021C,Investigation complete; no suspect identified
0358b73692e1fbfe1b10dda744262e95e2ade5cf83001a09f579b0be8e917495,2013-05,Bedfordshire Police,Bedfordshire Police,-0.417563,51.875904,On or near CHAPEL STREET,E01015791,Luton 021C,Investigation complete; no suspect identified
d777d6c1cabe123b4260291371134a39355d046c47010abd12453b9416b888f0,2013-05,Bedfordshire Police,Bedfordshire Police,-0.416240,51.875094,On or near CASTLE STREET,E01015791,Luton 021C,Offender given a caution
d4cccb6175fc2cb10f09d3f559c13174487c640752c96ce37d90067909f9096c,2013-05,Bedfordshire Police,Bedfordshire Police,-0.416240,51.875094,On or near CASTLE STREET,E01015791,Luton 021C,Investigation complete; no suspect identified
d0014cfcd172a9ce9f99b05a07e7d18393d7cd5e8ed364b5aa75cbe10a728ee2,2013-05,Bedfordshire Police,Bedfordshire Police,-0.415830,51.877688,On or near CHAPEL STREET,E01015791,Luton 021C,Offender given a caution
d307833787ed5f43bec0678704b133e79dcb0f9a99624afc730093ca9aeb3fe9,2013-05,Bedfordshire Police,Bedfordshire Police,-0.419078,51.875375,On or near ELIZABETH STREET,E01015791,Luton 021C,Investigation complete; no suspect identified
e09c6314ba77154046accc3fadb6e1d6632cf02ac723c821b81200b1a4dc9cad,2013-05,Bedfordshire Police,Bedfordshire Police,-0.416240,51.875094,On or near CASTLE STREET,E01015791,Luton 021C,Local resolution
3ccb26867f2c24e0d55654eeddefee1d9365571becf2e11bef67f92aec479dfa,2013-05,Bedfordshire Police,Bedfordshire Police,-0.416240,51.875094,On or near CASTLE STREET,E01015791,Luton 021C,Offender given penalty notice
67340dadd01e15f430fb7711e4ac99ebf0f1ac86349a870bd3f4f06c380ca9fd,2013-05,Bedfordshire Police,Bedfordshire Police,-0.413089,51.877138,On or near PARK STREET WEST,E01015791,Luton 021C,Investigation complete; no suspect identified
ff416f337e025459f4021cb8d8bff23cb6c23bcc128007a609773309db1cd710,2013-05,Bedfordshire Police,Bedfordshire Police,-0.417486,51.873124,On or near Petrol Station,E01015791,Luton 021C,Investigation complete; no suspect identified
bd26d477a0dfa593469fdbd30e997a446c3eae2e3fafe5378e23e306a1d34af8,2013-05,Bedfordshire Police,Bedfordshire Police,-0.417486,51.873124,On or near Petrol Station,E01015791,Luton 021C,Investigation complete; no suspect identified
737e7d4248b9d5001508064fec532083cd90a4a37a11aebe0b0b3f7adf937b7a,2013-05,Bedfordshire Police,Bedfordshire Police,-0.416240,51.875094,On or near CASTLE STREET,E01015791,Luton 021C,Offender given a caution
ddc267e2216a2c8439f6c962d1209b186b5f1eec7c395a7812c796e74af80eeb,2013-05,Bedfordshire Police,Bedfordshire Police,-0.416240,51.875094,On or near CASTLE STREET,E01015791,Luton 021C,Suspect charged as part of another case
d9ef8a7c40063b60d877c5da59306cf424d59a9ebe28d1d38abcd68c16863e79,2013-05,Bedfordshire Police,Bedfordshire Police,-0.416240,51.875094,On or near CASTLE STREET,E01015791,Luton 021C,Suspect charged as part of another case
3a6a4d16de7a8c70f5d9f18bd52f20beb8ecc254c7178ee69d7ff52d9700a968,2013-05,Bedfordshire Police,Bedfordshire Police,-0.419078,51.875375,On or near ELIZABETH STREET,E01015791,Luton 021C,Investigation complete; no suspect identified
f1b0038d97fd93aea89565e93893e165463c39d250c59c307ff5e930555913c9,2013-05,Bedfordshire Police,Bedfordshire Police,-0.416240,51.875094,On or near CASTLE STREET,E01015791,Luton 021C,Offender given penalty notice
433fed50da23903c72fd6b3041072143ed64c1f67d46e0fbff7c26d3964a9fb6,2013-05,Bedfordshire Police,Bedfordshire Police,-0.417348,51.877474,On or near STUART STREET,E01015791,Luton 021C,Investigation complete; no suspect identified
26bc282cdeae8a2f4f895ceda0143ee3d0eb6149f9d9b8c968463f8a94a46f0e,2013-05,Bedfordshire Police,Bedfordshire Police,-0.417847,51.874442,On or near WINDSOR STREET,E01015791,Luton 021C,Suspect charged
429fa06f0c115e3580256a126100175b6c44d970d9bd144ed7b678ec2c867370,2013-05,Bedfordshire Police,Bedfordshire Police,-0.419078,51.875375,On or near ELIZABETH STREET,E01015791,Luton 021C,Suspect charged
216cae460be1a3200c10c5d8bcd57e073305267ccc08ead623590626f5f763d0,2013-05,Bedfordshire Police,Bedfordshire Police,-0.416859,51.878178,On or near GEORGE STREET WEST,E01015791,Luton 021C,Offender given penalty notice
f0b5e7597bb338260a4e180b4446207697751522833efc07f5f37ae77507b707,2013-05,Bedfordshire Police,Bedfordshire Police,-0.416240,51.875094,On or near CASTLE STREET,E01015791,Luton 021C,Investigation complete; no suspect identified
b43bc2bbdd8f33b811a914d8bb1aec8835ea5ceaaf0893ea5b2bacae4eb71c11,2013-05,Bedfordshire Police,Bedfordshire Police,-0.416859,51.878178,On or near GEORGE STREET WEST,E01015791,Luton 021C,Suspect charged
996fed51e7cdb6d686d83ae38107fa813780d6dabb1815737a9c643580e569d1,2013-05,Bedfordshire Police,Bedfordshire Police,-0.413380,51.873806,On or near NEW TOWN ROAD,E01015791,Luton 021C,Suspect charged
0a8d6b50bc838456f000dcdb9154304f092d3059747f58523e3989a35497977e,2013-05,Bedfordshire Police,Bedfordshire Police,-0.415161,51.873578,On or near HIBBERT STREET,E01015791,Luton 021C,Suspect charged as part of another case
bbad6315a378ae842e521fa3af4e1f0627f273edcc552c311b36819820da97b7,2013-05,Bedfordshire Police,Bedfordshire Police,-0.411681,51.872147,On or near MAY STREET,E01015792,Luton 021D,Investigation complete; no suspect identified
4cf1fe07d6d7ebacf9a0d004588cd9832e612a42d48ec556d552bebb89a73cc1,2013-05,Bedfordshire Police,Bedfordshire Police,-0.411084,51.873829,On or near SURREY STREET,E01015792,Luton 021D,Investigation complete; no suspect identified
ab498bd1b7b924c6b41902b7da14c04bd87f2da628338268b563cff09a788029,2013-05,Bedfordshire Police,Bedfordshire Police,-0.414163,51.871380,On or near COWPER STREET,E01015792,Luton 021D,Investigation complete; no suspect identified
7c86d7901c74a5c82e972d15713755cf1d3c7f3080a7361cca3c7e48838eff50,2013-05,Bedfordshire Police,Bedfordshire Police,-0.416526,51.869434,On or near ORMSBY CLOSE,E01015793,Luton 021E,Suspect charged
2c269d10e6d97af7b769ef5a24971edfe04b08b522c5e06d495bffeaf1bc4885,2013-05,Bedfordshire Police,Bedfordshire Police,-0.416526,51.869434,On or near ORMSBY CLOSE,E01015793,Luton 021E,Suspect charged
60b17b0c1d36cabe9d5aa3f582c061aeb19eaae9551d73d7cfe724e84f3e66df,2013-05,Bedfordshire Police,Bedfordshire Police,-0.412168,51.867819,On or near CUTENHOE ROAD,E01015793,Luton 021E,Investigation complete; no suspect identified
ac9e80189c6aabb06b0ea7c0497b52705c9294e83257cfa02d7254dc9bc3ab22,2013-05,Bedfordshire Police,Bedfordshire Police,-0.415986,51.869103,On or near TENNYSON ROAD,E01015793,Luton 021E,Local resolution
587b2a45f2be3c48588c6981916b28074837524ef8ab49eafb8319bc7c521899,2013-05,Bedfordshire Police,Bedfordshire Police,-0.416526,51.869434,On or near ORMSBY CLOSE,E01015793,Luton 021E,Investigation complete; no suspect identified
2e65530ef200709522fa42cf3f424653094fe662637181ef508ece6ba55cac59,2013-05,Bedfordshire Police,Bedfordshire Police,-0.413327,51.879443,On or near Supermarket,E01015794,Luton 018F,Investigation complete; no suspect identified
e42d84bbbe0cd5f907e7ce31b01d91f59d9444998411a6a38d46dfd6dc59b42f,2013-05,Bedfordshire Police,Bedfordshire Police,-0.419390,51.880559,On or near ALMA STREET,E01015794,Luton 018F,Investigation complete; no suspect identified
e9cd304198a651462ebbac029cce9c2e4fc7c09edcb8920a5f1326b9003f9f15,2013-05,Bedfordshire Police,Bedfordshire Police,-0.414197,51.879077,On or near Parking Area,E01015794,Luton 018F,Offender given a caution
376ae3775c6ccd53278a200a7e8b567a03f15912a020c11f3fae85b056572b2d,2013-05,Bedfordshire Police,Bedfordshire Police,-0.416084,51.880380,On or near Shopping Area,E01015794,Luton 018F,Offender given a caution
d0bb92bc1bca49934c3c8f8be771cb4ab158df79e0261193b36ec86b266d034f,2013-05,Bedfordshire Police,Bedfordshire Police,-0.421059,51.881040,On or near CARDIGAN STREET,E01015794,Luton 018F,Investigation complete; no suspect identified
328a89613839180f3c74eadb62a2f748b492c1750da38bc3341a26bdfd29f7ed,2013-05,Bedfordshire Police,Bedfordshire Police,-0.418615,51.880279,On or near GORDON STREET,E01015794,Luton 018F,Offender given a caution
e338400748474ef02d531a008f724bb4688377de9c2537762e679fab6a17e2d0,2013-05,Bedfordshire Police,Bedfordshire Police,-0.416881,51.881685,On or near BRIDGE STREET,E01015794,Luton 018F,Investigation complete; no suspect identified
147f6e14f1ee1a7555172064e947530b05d2b046b131dd75c0046972de6b35c8,2013-05,Bedfordshire Police,Bedfordshire Police,-0.417202,51.879154,On or near Shopping Area,E01015794,Luton 018F,Investigation complete; no suspect identified
9a8e97adfd712fe6437ef86c3abd8764ffa394c450cb17bfc99ddf3ac3188964,2013-05,Bedfordshire Police,Bedfordshire Police,-0.413327,51.879443,On or near Supermarket,E01015794,Luton 018F,Suspect charged
45045fbbe3c63629118ab749e06be1eb9a6af885847877a6dd691c1f2d24367b,2013-05,Bedfordshire Police,Bedfordshire Police,-0.413942,51.878903,On or near Shopping Area,E01015794,Luton 018F,Investigation complete; no suspect identified
16ccc5f1e94532c1557016b152b26a9a8b61be6fcbe2d4f4dadcb7e96e028d5d,2013-05,Bedfordshire Police,Bedfordshire Police,-0.419390,51.880559,On or near ALMA STREET,E01015794,Luton 018F,Investigation complete; no suspect identified
ef6b88d86397a4b4602494d870bd7b9e5c905eb90aab9cbbc8888b6a2ce7ec2b,2013-05,Bedfordshire Police,Bedfordshire Police,-0.418624,51.881682,On or near NEW BEDFORD ROAD,E01015794,Luton 018F,Investigation complete; no suspect identified
cc2470fd571ea0d6bd90cd5df699b49625702b317f342f21ff83bb42ff92ca51,2013-05,Bedfordshire Police,Bedfordshire Police,-0.413327,51.879443,On or near Supermarket,E01015794,Luton 018F,Offender given a caution
9c6c742c24bc0cb8ce609c69398a0d22d2fb285345e5602ee443e6b54b873515,2013-05,Bedfordshire Police,Bedfordshire Police,-0.418624,51.881682,On or near NEW BEDFORD ROAD,E01015794,Luton 018F,Investigation complete; no suspect identified
8726a855352e7c2dc9417d527d8507892a752aee6b551e485fd54d1080ec9a89,2013-05,Bedfordshire Police,Bedfordshire Police,-0.413942,51.878903,On or near Shopping Area,E01015794,Luton 018F,Investigation complete; no suspect identified
1cebb43fed5fa989b451abd5997dbbe5326e9a0175d46f984fa53aaeb3d9a993,2013-05,Bedfordshire Police,Bedfordshire Police,-0.417049,51.880213,On or near Pedestrian Subway,E01015794,Luton 018F,Investigation complete; no suspect identified
a7ff6381da4b1c0e8963f5ae5ecc853972dd9ebbd4202bdd81ad64a61067d5d4,2013-05,Bedfordshire Police,Bedfordshire Police,-0.417049,51.880213,On or near Pedestrian Subway,E01015794,Luton 018F,Investigation complete; no suspect identified
d516b9cad0cb0e45cc8857611bd67f2d9fec80b30cce30487699514e636f52fc,2013-05,Bedfordshire Police,Bedfordshire Police,-0.413327,51.879443,On or near Supermarket,E01015794,Luton 018F,Investigation complete; no suspect identified
3dbff176d888255c5c117c4de71d776dd99aaa223f54758f4f1816e70939445c,2013-05,Bedfordshire Police,Bedfordshire Police,-0.413942,51.878903,On or near Shopping Area,E01015794,Luton 018F,Suspect charged
c34ea7e58c42d652820282e635b7841d4f2ec775d7060d62480393da4821469c,2013-05,Bedfordshire Police,Bedfordshire Police,-0.422643,51.880198,On or near DUNSTABLE ROAD,E01015794,Luton 018F,Investigation complete; no suspect identified
189a2714803d9caab1b21309238dd1b1c8dad8c68ad2c9f812ef3c939e439a2c,2013-05,Bedfordshire Police,Bedfordshire Police,-0.422814,51.878195,On or near ROTHESAY ROAD,E01015794,Luton 018F,Investigation complete; no suspect identified
50af615ec90ff84d872108b1b495936f9088df1c415d50c73b696ca08db50efd,2013-05,Bedfordshire Police,Bedfordshire Police,-0.416881,51.881685,On or near BRIDGE STREET,E01015794,Luton 018F,Investigation complete; no suspect identified
d5f48334d00294513e62c86a4f28383d7061a5dce677f0f2d97dfa50b463566d,2013-05,Bedfordshire Police,Bedfordshire Police,-0.415025,51.880320,On or near Parking Area,E01015794,Luton 018F,Suspect charged
4fbf470f4eb32074c38d94cd114f9c922de99c2a6b421c89846a96e6498e61b8,2013-05,Bedfordshire Police,Bedfordshire Police,-0.414197,51.879077,On or near Parking Area,E01015794,Luton 018F,Investigation complete; no suspect identified
a6efa7b7801ecd683cc33cdcf8a33dd24af334f4b2275b384c969a6e54dde913,2013-05,Bedfordshire Police,Bedfordshire Police,-0.417049,51.880213,On or near Pedestrian Subway,E01015794,Luton 018F,Local resolution
0cec6e3e118355803399d43f4d1934d198e5458b6cef430175d4c81821ecc673,2013-05,Bedfordshire Police,Bedfordshire Police,-0.423014,51.879133,On or near CARDIFF ROAD,E01015794,Luton 018F,Local resolution
b9f952dea7be553e43e92760b422f3e168488f3927a83965fe582640b7f77c5e,2013-05,Bedfordshire Police,Bedfordshire Police,-0.418057,51.880874,On or near MANCHESTER STREET,E01015794,Luton 018F,Investigation complete; no suspect identified
0541d957c505b355e8f0232c1f48fdffb2d24ac0a90e938b799078fdc6e2de57,2013-05,Bedfordshire Police,Bedfordshire Police,-0.413942,51.878903,On or near Shopping Area,E01015794,Luton 018F,Investigation complete; no suspect identified
ca871dc5b555fb9dd27c53a90373227723657bc788584f0391707dc74a97658f,2013-05,Bedfordshire Police,Bedfordshire Police,-0.413327,51.879443,On or near Supermarket,E01015794,Luton 018F,Local resolution
bec96e0f8d389438fa79a2c6990ebdfe2084548902f724a8883d0ea832891cf3,2013-05,Bedfordshire Police,Bedfordshire Police,-0.413942,51.878903,On or near Shopping Area,E01015794,Luton 018F,Suspect charged
b1ca65bf3506b67c3517fc6d80374cdcbb28e3cff56fc11ebd1929b72bc076a1,2013-05,Bedfordshire Police,Bedfordshire Police,-0.418426,51.879044,On or near PEEL STREET,E01015794,Luton 018F,Investigation complete; no suspect identified
0a8e60384c366bdf5fae32716cd8c3dcc02e578170b5cdc4cc6ccee5bcfbfe50,2013-05,Bedfordshire Police,Bedfordshire Police,-0.413942,51.878903,On or near Shopping Area,E01015794,Luton 018F,Investigation complete; no suspect identified
78dbcbc39949b3797cffd81f53c8b0a6e5dc24f7cf035fa5dc8bfd1e9d73074c,2013-05,Bedfordshire Police,Bedfordshire Police,-0.418057,51.880874,On or near MANCHESTER STREET,E01015794,Luton 018F,Investigation complete; no suspect identified
3c332591185501900e54ec435884de258c4861526e27eef12516fdcad5e0ac05,2013-05,Bedfordshire Police,Bedfordshire Police,-0.420224,51.880804,On or near INKERMAN STREET,E01015794,Luton 018F,Investigation complete; no suspect identified
7def10c5301b312cf52a6a6c7390214e0d8c4b71b249e070a766456dc1f3177c,2013-05,Bedfordshire Police,Bedfordshire Police,-0.414818,51.880021,On or near SILVER STREET,E01015794,Luton 018F,Local resolution
6b4a27be9557abd1bea4a6a3d9d9714b9620c9e91bfe3f79784bab39e8c806a5,2013-05,Bedfordshire Police,Bedfordshire Police,-0.415025,51.880320,On or near Parking Area,E01015794,Luton 018F,Investigation complete; no suspect identified
5c632310de05a252ada2768ee304835f88763412dd139755c6b1001056b67f3d,2013-05,Bedfordshire Police,Bedfordshire Police,-0.419089,51.878379,On or near Nightclub,E01015794,Luton 018F,Investigation complete; no suspect identified
996c8a74c16e2476d62345303b404efd911a1e85e5e61f5f602fdc23989252ad,2013-05,Bedfordshire Police,Bedfordshire Police,-0.423788,51.879422,On or near CARDIFF GROVE,E01015794,Luton 018F,Investigation complete; no suspect identified
c8a6460947648f6d74b8f386be2b1bca2ce6e6509f75dc7b44ea1f2b218e63f0,2013-05,Bedfordshire Police,Bedfordshire Police,-0.415298,51.882059,On or near Parking Area,E01015794,Luton 018F,Suspect charged
e3f17e968c6e8bb5b6ed5f08f8737e8aa6515129d12c7c671576ade2578709a0,2013-05,Bedfordshire Police,Bedfordshire Police,-0.413327,51.879443,On or near Supermarket,E01015794,Luton 018F,Investigation complete; no suspect identified
bea8a55dac114e38bde442ccd550fca704b4bac6498150ce64e1f9661e83f789,2013-05,Bedfordshire Police,Bedfordshire Police,-0.418624,51.881682,On or near NEW BEDFORD ROAD,E01015794,Luton 018F,Investigation complete; no suspect identified
169c0effaac92f9d2f827cde80591c28bfe8593b390cece1ee7a14d599750e38,2013-05,Bedfordshire Police,Bedfordshire Police,-0.413327,51.879443,On or near Supermarket,E01015794,Luton 018F,Offender given a caution
b4ca1f21670050dca18a98a253e176d45fcf5b09795aee100443ef25699879b1,2013-05,Bedfordshire Police,Bedfordshire Police,-0.413942,51.878903,On or near Shopping Area,E01015794,Luton 018F,Suspect charged
c15d116c26dd01c68c87780537a28ca856678606d56aa7de77a8c3af88fe06e7,2013-05,Bedfordshire Police,Bedfordshire Police,-0.413327,51.879443,On or near Supermarket,E01015794,Luton 018F,Offender given a caution
583cd3a90e80fb5cdf0ab22054df6fa4a220bbbbc924a0b15a333a9b1c05600a,2013-05,Bedfordshire Police,Bedfordshire Police,-0.413942,51.878903,On or near Shopping Area,E01015794,Luton 018F,Suspect charged
9eb3ae1900171b25d14b0197c9bea4bf063b52c60bf8a2329495db4428e65938,2013-05,Bedfordshire Police,Bedfordshire Police,-0.417729,51.878208,On or near KING STREET,E01015794,Luton 018F,Investigation complete; no suspect identified
d6ce7a0958bc34d29a55d5cdf6d8c08da5834ff0554e0b05be054af5a68b623c,2013-05,Bedfordshire Police,Bedfordshire Police,-0.423014,51.879133,On or near CARDIFF ROAD,E01015794,Luton 018F,Investigation complete; no suspect identified
5e3ea112000143d2a84cc8aa3677ff40994f6149b8ab7c9945cee8daac90dae7,2013-05,Bedfordshire Police,Bedfordshire Police,-0.418426,51.879044,On or near PEEL STREET,E01015794,Luton 018F,Investigation complete; no suspect identified
dd9bb6a5a4d66722f415781a0185777a9e7d9ba0edb13543d1ab30dffc13168b,2013-05,Bedfordshire Police,Bedfordshire Police,-0.413327,51.879443,On or near Supermarket,E01015794,Luton 018F,Suspect charged
45b40fffae3c484551cb74498667d9ef42f97b6341df4c4a36e74096d0788d3c,2013-05,Bedfordshire Police,Bedfordshire Police,-0.417202,51.879154,On or near Shopping Area,E01015794,Luton 018F,Investigation complete; no suspect identified
4ea47c6e97344dfe133c698fa802fd229caaa520648a64f93ff012a490b8d465,2013-05,Bedfordshire Police,Bedfordshire Police,-0.413327,51.879443,On or near Supermarket,E01015794,Luton 018F,Suspect charged
4ea47c6e97344dfe133c698fa802fd229caaa520648a64f93ff012a490b8d465,2013-05,Bedfordshire Police,Bedfordshire Police,-0.413327,51.879443,On or near Supermarket,E01015794,Luton 018F,Suspect charged
89e9ca0853553e191e89e9ff2a2016d55a08c326c28e5c5f5b2f87de861c456b,2013-05,Bedfordshire Police,Bedfordshire Police,-0.413993,51.880351,On or near CHEAPSIDE,E01015794,Luton 018F,Suspect charged
2a6d279e69126024a1cfeed0aa8fcca7e3be2eb57a89fd45c1d9bee7ddd3bd1b,2013-05,Bedfordshire Police,Bedfordshire Police,-0.416881,51.881685,On or near BRIDGE STREET,E01015794,Luton 018F,Investigation complete; no suspect identified
3c982e77ffab08fc4cd2d2bb09570ce34991fa1df5b51073f68dc9cdefac0fda,2013-05,Bedfordshire Police,Bedfordshire Police,-0.422814,51.878195,On or near ROTHESAY ROAD,E01015794,Luton 018F,Suspect charged
e2b2eee690045e7fe04c48bb068012e6477d82d5b075ef4d14f4d10eb9669b7b,2013-05,Bedfordshire Police,Bedfordshire Police,-0.413942,51.878903,On or near Shopping Area,E01015794,Luton 018F,Investigation complete; no suspect identified
d80002e937c10a606de542cac1c7feaacdd8cd068880a51febc5ad2681b50469,2013-05,Bedfordshire Police,Bedfordshire Police,-0.413942,51.878903,On or near Shopping Area,E01015794,Luton 018F,Offender given a caution
f6e9ea1b5c10c9121b46223c0e5ac93a22b4830b21b4625004ed08108e8ec174,2013-05,Bedfordshire Police,Bedfordshire Police,-0.416881,51.881685,On or near BRIDGE STREET,E01015794,Luton 018F,Suspect charged
2c7428135b491a6a48fb997c6a4060eeab4f07cafdd9fecbbd8e10bb8c77396b,2013-05,Bedfordshire Police,Bedfordshire Police,-0.416881,51.881685,On or near BRIDGE STREET,E01015794,Luton 018F,Suspect charged
059c4545d7b531b777efe75ae314e9b1c895896c5e254ae941b92704277b1046,2013-05,Bedfordshire Police,Bedfordshire Police,-0.414956,51.881048,On or near GUILDFORD STREET,E01015794,Luton 018F,Investigation complete; no suspect identified
226f47bc3fbc747acf4e9d1b887a3ee5e4a575c36fd2faea615dc8b8488e97cd,2013-05,Bedfordshire Police,Bedfordshire Police,-0.419476,51.879769,On or near UPPER GEORGE STREET,E01015794,Luton 018F,Suspect charged
cac7debd8a467105528b03996e765a775e0ee733fe217d73a29410f184d2c790,2013-05,Bedfordshire Police,Bedfordshire Police,-0.420495,51.880124,On or near ALMA LINK,E01015794,Luton 018F,Investigation complete; no suspect identified
cb88f7d3173b8e531f6e6132001e18a2393e5a525eee89b0630d0daede89651c,2013-05,Bedfordshire Police,Bedfordshire Police,-0.423788,51.879422,On or near CARDIFF GROVE,E01015794,Luton 018F,Investigation complete; no suspect identified
2971c7f321495550f96ff2283ebdccea4b99615ce11710336b08e1e5eddd803d,2013-05,Bedfordshire Police,Bedfordshire Police,-0.418342,51.882685,On or near MILL STREET,E01015794,Luton 018F,Investigation complete; no suspect identified
85b0d7a630e4c7eefee1ed423700345ad1ea92cf85a48b9649a49e6251bc4759,2013-05,Bedfordshire Police,Bedfordshire Police,,,No location,,,Investigation complete; no suspect identified
372ded395418ae0c5722243324bd32d8d7c468e21b4131eb403ecd4aefc57315,2013-05,Bedfordshire Police,Bedfordshire Police,,,No location,,,Local resolution
d4d64378c38ff9aaded258e015c07a38b41cc3914a822f625344feb3402ae4d2,2013-05,Bedfordshire Police,Bedfordshire Police,-0.423397,51.877744,On or near NAPIER ROAD,E01015795,Luton 021F,Investigation complete; no suspect identified
a6bee31b7d083ee744eb6522a5db4fddb81479b647ac9f536d9351e6120dd163,2013-05,Bedfordshire Police,Bedfordshire Police,-0.419905,51.875000,On or near WINDSOR STREET,E01015795,Luton 021F,Investigation complete; no suspect identified
dede8db812602607cc4b50ab8973f1f6f99e06ddc6662cf39aac73df6bf3b3f7,2013-05,Bedfordshire Police,Bedfordshire Police,-0.420178,51.876325,On or near DUMFRIES STREET,E01015795,Luton 021F,Investigation complete; no suspect identified
22fbaf015ffc408b492a39a29eaebf8c189e479080a41084d261354f50624a97,2013-05,Bedfordshire Police,Bedfordshire Police,-0.427713,51.878530,On or near DOWNS ROAD,E01015795,Luton 021F,Suspect charged
538ac03fabe4984b840d5c3c8e6d975b2090eece1b9e4cb9429c5af269c88815,2013-05,Bedfordshire Police,Bedfordshire Police,-0.429694,51.877972,On or near DOWNS ROAD,E01015795,Luton 021F,Investigation complete; no suspect identified
49e3910eeeb168f68369aa12ccaf268cc3ae310ab54f9adebcc378191e2d2eaa,2013-05,Bedfordshire Police,Bedfordshire Police,-0.419783,51.876806,On or near WINDSOR WALK,E01015795,Luton 021F,Investigation complete; no suspect identified
42ec2faa6b9eb94d1ce26ee352ea27b56caf671b1d886fda4c83c5e68b107eb4,2013-05,Bedfordshire Police,Bedfordshire Police,-0.421460,51.877862,On or near BUXTON ROAD,E01015795,Luton 021F,Suspect charged
ab2f4d438e382332f5b9b791a32c234b90c892821bc74a129b5e9aaeceee9a90,2013-05,Bedfordshire Police,Bedfordshire Police,-0.419905,51.875000,On or near WINDSOR STREET,E01015795,Luton 021F,Investigation complete; no suspect identified
86c07d6851d560618f94c02bf80c3cb98c2a823516cf8cfd735332167ce5cbab,2013-05,Bedfordshire Police,Bedfordshire Police,-0.429694,51.877972,On or near DOWNS ROAD,E01015795,Luton 021F,Investigation complete; no suspect identified
2fcb928e6a7e91504e8891977bf1ea2389c59ff5397766293f5fd6e43b23dc96,2013-05,Bedfordshire Police,Bedfordshire Police,-0.419783,51.876806,On or near WINDSOR WALK,E01015795,Luton 021F,Investigation complete; no suspect identified
f7479c5e57aec6ef5aefc451b35198aa7ff33e06338ef6a1b56710658dc698f2,2013-05,Bedfordshire Police,Bedfordshire Police,-0.419783,51.876806,On or near WINDSOR WALK,E01015795,Luton 021F,Investigation complete; no suspect identified
d73ca1848a1ff3b835ffd72f7244e82699800395966605cef039b71899708ba5,2013-05,Bedfordshire Police,Bedfordshire Police,-0.427713,51.878530,On or near DOWNS ROAD,E01015795,Luton 021F,Investigation complete; no suspect identified
93300338adc2c82e7efa543ead6a8afa59e35bc943c0428e76ee5911f850eee4,2013-05,Bedfordshire Police,Bedfordshire Police,-0.429694,51.877972,On or near DOWNS ROAD,E01015795,Luton 021F,Investigation complete; no suspect identified
bdd8c4da7c633656bee728087d09f0f72e3d1d3a08fa80dbcdabd0f194bda263,2013-05,Bedfordshire Police,Bedfordshire Police,-0.397349,51.902650,On or near VENETIA ROAD,E01015796,Luton 012F,Investigation complete; no suspect identified
667d393b599d1c10b120c924a0cdca2b58a4ee6226fc44ca951d77d62b9137c1,2013-05,Bedfordshire Police,Bedfordshire Police,-0.397349,51.902650,On or near VENETIA ROAD,E01015796,Luton 012F,Local resolution
667d393b599d1c10b120c924a0cdca2b58a4ee6226fc44ca951d77d62b9137c1,2013-05,Bedfordshire Police,Bedfordshire Police,-0.397349,51.902650,On or near VENETIA ROAD,E01015796,Luton 012F,Local resolution
e1bba480183410d2d146fa0408492da5a4588f515f135dbbb6837998d6f02395,2013-05,Bedfordshire Police,Bedfordshire Police,-0.383926,51.908086,On or near JAYWOOD,E01015797,Luton 008A,Investigation complete; no suspect identified
ca32bc9849deb7b6e7faceb819ba168cabf2957e534eef8f4eaf70af633a7d90,2013-05,Bedfordshire Police,Bedfordshire Police,-0.388850,51.905366,On or near SWIFTS GREEN CLOSE,E01015798,Luton 008B,Investigation complete; no suspect identified
116864129db52cf24283ebcac50c795cdd08739719f8a77ab6e8249a9d2a93af,2013-05,Bedfordshire Police,Bedfordshire Police,-0.390639,51.901677,On or near HAWTHORN AVENUE,E01015798,Luton 008B,Suspect charged
ba7ff2527e5492bf40dddf9c6bfda8abb496755c7cccdb0970fa18f682cab0c5,2013-05,Bedfordshire Police,Bedfordshire Police,-0.381076,51.900431,On or near WANDON CLOSE,E01015799,Luton 008C,Investigation complete; no suspect identified
48f6143b9f4f7a6fb279ba68ad3420f930cadbc22498fc535d47c7ab6f6937af,2013-05,Bedfordshire Police,Bedfordshire Police,-0.380254,51.902650,On or near PEVENSEY CLOSE,E01015799,Luton 008C,Investigation complete; no suspect identified
c4a9af7f3924674d24be28653828a0635c6a2147a9282e7bea8f3fa1155fa082,2013-05,Bedfordshire Police,Bedfordshire Police,-0.459509,51.918649,On or near Pedestrian Subway,E01015802,Luton 003F,Local resolution
76e28516f282cca86268b89870e7eb20cbb2525e5875345944a8d34cea03af7a,2013-05,Bedfordshire Police,Bedfordshire Police,-0.461504,51.915168,On or near PLANTATION ROAD,E01015802,Luton 003F,Suspect charged
c52745704c7718b5310d0222a2e84b8a32f0c0a59d221c932626a387c1a9b014,2013-05,Bedfordshire Police,Bedfordshire Police,-0.459051,51.915478,On or near LITTLE BERRIES,E01015802,Luton 003F,Investigation complete; no suspect identified
e6db46efce21fbf951e865f349332c4b401180a5b6338ee8099da494a8f0478d,2013-05,Bedfordshire Police,Bedfordshire Police,-0.459117,51.916090,On or near BAGWICKS CLOSE,E01015802,Luton 003F,Investigation complete; no suspect identified
f69e27467a74fd62e4b2bc0fd97386dae77a2a5a757fc356d0937022b81b1240,2013-05,Bedfordshire Police,Bedfordshire Police,-0.458994,51.913319,On or near HONITON MEWS,E01015802,Luton 003F,Investigation complete; no suspect identified
655fa1ab3345a6d373d36488e21b3e91b6e186be452dd4d5e20c5edd0555f640,2013-05,Bedfordshire Police,Bedfordshire Police,-0.465908,51.915639,On or near THIRD AVENUE,E01015804,Luton 002C,Investigation complete; no suspect identified
23682feeed1ae92e29405890e6f662194b722bf4f48948d789dd261b62a66b90,2013-05,Bedfordshire Police,Bedfordshire Police,-0.471542,51.914571,On or near Shopping Area,E01015804,Luton 002C,Local resolution
02146b90c943cd7eb3e87aa0e1a803e911833fe53cfa2ecc8775e840eb7df1b6,2013-05,Bedfordshire Police,Bedfordshire Police,-0.471542,51.914571,On or near Shopping Area,E01015804,Luton 002C,Investigation complete; no suspect identified
9c994409e7db5248ac23fc3fa86acc159d96e367f4bb733c8585020d5eec977b,2013-05,Bedfordshire Police,Bedfordshire Police,-0.471542,51.914571,On or near Shopping Area,E01015804,Luton 002C,Offender given penalty notice
558415346b20c214134cea04881fdd39a9f79610b78a307129729dfeb1303e69,2013-05,Bedfordshire Police,Bedfordshire Police,-0.467682,51.918621,On or near PENNINE AVENUE,E01015804,Luton 002C,Suspect charged
558415346b20c214134cea04881fdd39a9f79610b78a307129729dfeb1303e69,2013-05,Bedfordshire Police,Bedfordshire Police,-0.467682,51.918621,On or near PENNINE AVENUE,E01015804,Luton 002C,Suspect charged
558415346b20c214134cea04881fdd39a9f79610b78a307129729dfeb1303e69,2013-05,Bedfordshire Police,Bedfordshire Police,-0.467682,51.918621,On or near PENNINE AVENUE,E01015804,Luton 002C,Suspect charged
14200b6cd2183b9b9321cd9c4e71d2cf15b96cc4f847c7d36f7c003477f92db3,2013-05,Bedfordshire Police,Bedfordshire Police,-0.367358,51.889901,On or near BELSHAM PLACE,E01015808,Luton 014D,Investigation complete; no suspect identified
bbde497e19f3262801b5802eee829131795791b28710e32cb331e816d49d8a73,2013-05,Bedfordshire Police,Bedfordshire Police,-0.372890,51.889213,On or near Supermarket,E01015808,Luton 014D,Suspect charged
7d14716e78308271e59968eaf2836e4c97a50fc39c49ad0f1e85698f00c6ee7e,2013-05,Bedfordshire Police,Bedfordshire Police,-0.361458,51.889504,On or near ENNISMORE GREEN,E01015810,Luton 014F,Investigation complete; no suspect identified
9d5fe578b802364bdde66e1e660f9de0971691ed10f6dc757d814354ebe98190,2013-05,Bedfordshire Police,Bedfordshire Police,-0.385147,51.873638,On or near AIRPORT WAY,E01015811,Luton 014G,Investigation complete; no suspect identified
a4e7bf1828528a08004f184bf887e7d84f38d7798dac5d9b2411d01f18ac6b5d,2013-05,Bedfordshire Police,Bedfordshire Police,-0.385147,51.873638,On or near AIRPORT WAY,E01015811,Luton 014G,Investigation complete; no suspect identified
a655c895096e6cc5002c6079c232803bcd1555a4d61f24674aee7117118302cd,2013-05,Bedfordshire Police,Bedfordshire Police,-0.376861,51.883082,On or near PRINCE WAY,E01015811,Luton 014G,Investigation complete; no suspect identified
b71ccdae489bc05739c7a1e7440dc41e2a5d8e575ba4aa066c95019331fcd97d,2013-05,Bedfordshire Police,Bedfordshire Police,-0.375044,51.880683,On or near Airport/Airfield,E01015811,Luton 014G,Local resolution
604a40a7bad633d5f6cab20511d233e8b2af117f8734e39cfcc36984eef2f318,2013-05,Bedfordshire Police,Bedfordshire Police,-0.385147,51.873638,On or near AIRPORT WAY,E01015811,Luton 014G,Local resolution
e1cb387d5e263a7ae6ed1f446e8bc2c2afcee7191d26528b5767a8e130ac0cb3,2013-05,Bedfordshire Police,Bedfordshire Police,-0.385147,51.873638,On or near AIRPORT WAY,E01015811,Luton 014G,Investigation complete; no suspect identified
084d0c2d96894b511286e0c4ab6f6146a51228d5b7200ba446b12ae366e1dd41,2013-05,Bedfordshire Police,Bedfordshire Police,-0.375470,51.889411,On or near FELTON CLOSE,E01015811,Luton 014G,Investigation complete; no suspect identified
01bfe3f864fc010fc5f428740ed641c6609f4e91fc5f140e615932233c4f6be9,2013-05,Bedfordshire Police,Bedfordshire Police,-0.385147,51.873638,On or near AIRPORT WAY,E01015811,Luton 014G,Local resolution
30bb03574a47e0b13ee1d15cf775477ee22febd425e82f61ea960ca9e52d0779,2013-05,Bedfordshire Police,Bedfordshire Police,-0.385147,51.873638,On or near AIRPORT WAY,E01015811,Luton 014G,Offender given a caution
4c706f21ef04297089149055fc0858ff77e507148ce2f1b590ac0f84f0fe5d02,2013-05,Bedfordshire Police,Bedfordshire Police,-0.372992,51.878766,On or near Parking Area,E01015811,Luton 014G,Local resolution
d38ab61728060a2e8fbe6168f0a5944db511dc615cabd7ca90c7619959345f5f,2013-05,Bedfordshire Police,Bedfordshire Police,-0.382877,51.880216,On or near PERCIVAL WAY,E01015811,Luton 014G,Investigation complete; no suspect identified
08fc882897cdee120d0c6351f951f4d1e3fb83880c424ecbfe658c3bd43f46c2,2013-05,Bedfordshire Police,Bedfordshire Police,-0.382877,51.880216,On or near PERCIVAL WAY,E01015811,Luton 014G,Offender given a caution
1e687905995b5d9f79d555397c656fd854ee6561c05fb75dc97f229bf15de485,2013-05,Bedfordshire Police,Bedfordshire Police,-0.487273,52.025711,On or near WARREN ROAD,E01017372,Central Bedfordshire 012B,Investigation complete; no suspect identified
6dd225edd8914d8aabed42657ea413164bb6fe0ca1b754973478fb52bf855adf,2013-05,Bedfordshire Police,Bedfordshire Police,-0.257559,52.024543,On or near THE HERMITAGE,E01017377,Central Bedfordshire 010B,Investigation complete; no suspect identified
52fd0fa91a3904a50d273b9c0e628aef4167a3e686308326d01421fc07743996,2013-05,Bedfordshire Police,Bedfordshire Police,-0.262392,52.024335,On or near THE POPLARS,E01017377,Central Bedfordshire 010B,Investigation complete; no suspect identified
c8d7f39d3279885693d102e7be4b18978c574cdd5ce30484598e8dba675c9053,2013-05,Bedfordshire Police,Bedfordshire Police,-0.263900,52.086238,On or near Supermarket,E01017385,Central Bedfordshire 005C,Suspect charged
025c6247277715cafe7b3300f4c5971bb3de8284c5efa93b2107ecbc1b5e02ed,2013-05,Bedfordshire Police,Bedfordshire Police,-0.266216,52.086353,On or near Parking Area,E01017385,Central Bedfordshire 005C,Investigation complete; no suspect identified
1dda18031f0f877553411efc190798c574cba67ee24e01324715b645cd16d56b,2013-05,Bedfordshire Police,Bedfordshire Police,-0.266216,52.086353,On or near Parking Area,E01017385,Central Bedfordshire 005C,Investigation complete; no suspect identified
9ea84a0bb92b389de8597d8e77ec6e7ca70d914f3585ffc1c83e6fd1d9a345ef,2013-05,Bedfordshire Police,Bedfordshire Police,-0.262992,52.087438,On or near WELLS COURT,E01017385,Central Bedfordshire 005C,Local resolution
33394f20cbc20962ee6b92a6a7c34d42835f4be5fbe1d993d6bb0bb1b1cd3e2b,2013-05,Bedfordshire Police,Bedfordshire Police,-0.262992,52.087438,On or near WELLS COURT,E01017385,Central Bedfordshire 005C,Suspect charged
0f611846782f3d7b507b647277633e147a207834a6614a982e35851fd61fa357,2013-05,Bedfordshire Police,Bedfordshire Police,-0.262992,52.087438,On or near WELLS COURT,E01017385,Central Bedfordshire 005C,Investigation complete; no suspect identified
b5c5dc9baccc3be059ae01dcdc5bc8f18e6f850743291c826cd2dff0c6dfa25a,2013-05,Bedfordshire Police,Bedfordshire Police,-0.262992,52.087438,On or near WELLS COURT,E01017385,Central Bedfordshire 005C,Investigation complete; no suspect identified
10dbb8b8754bac8731344419efd6fa85240b1100f0363f57441ca44c0c79ef39,2013-05,Bedfordshire Police,Bedfordshire Police,-0.261628,52.084972,On or near Parking Area,E01017385,Central Bedfordshire 005C,Investigation complete; no suspect identified
1df1c3c17a1c4bccbb2474e658a16cfcaafe612138dcbd54ff86391bd5572dbd,2013-05,Bedfordshire Police,Bedfordshire Police,-0.267517,52.088934,On or near THE CLOSE,E01017385,Central Bedfordshire 005C,Investigation complete; no suspect identified
7b10fe9e76b3a82090a6caaa9d9a42501cc8a2a05db907cb463fb2104bcd5713,2013-05,Bedfordshire Police,Bedfordshire Police,-0.260019,52.092960,On or near WINSTON CRESCENT,E01017388,Central Bedfordshire 005F,Investigation complete; no suspect identified
dd9cdd5bcace8a64721edc40462238a3d7fa9a8596ccaa4a12f67f5488188532,2013-05,Bedfordshire Police,Bedfordshire Police,-0.260019,52.092960,On or near WINSTON CRESCENT,E01017388,Central Bedfordshire 005F,Investigation complete; no suspect identified
4f9f6181d4257ca71ff5e730778401d3196736ae6e83c9f32191a8417d32ab43,2013-05,Bedfordshire Police,Bedfordshire Police,-0.246913,52.082812,On or near KINGSFIELD ROAD,E01017389,Central Bedfordshire 006C,Suspect charged
e8c529c546ebc87d2f3d4a4e0023fb260e3c68eb495f38ea5cb9bdb82ce9b92f,2013-05,Bedfordshire Police,Bedfordshire Police,-0.246913,52.082812,On or near KINGSFIELD ROAD,E01017389,Central Bedfordshire 006C,Suspect charged
9dc4be69e7d36dc5eb38e0fd843ba47f237f9fa64ca1c5e69b98f949e5e8793d,2013-05,Bedfordshire Police,Bedfordshire Police,-0.246776,52.098977,On or near Hospital,E01017390,Central Bedfordshire 006D,Investigation complete; no suspect identified
f1c3e16f917f4cee09cbfb1b4835fe25945b8d802f62ecfe00873bd82234f538,2013-05,Bedfordshire Police,Bedfordshire Police,-0.248563,52.085040,On or near ROSEMARY CLOSE,E01017390,Central Bedfordshire 006D,Investigation complete; no suspect identified
d2d10cc9e0a1f9ed99de02a17ec7d402a27b7801b16fbf10ebfe74fdfc5ce2a8,2013-05,Bedfordshire Police,Bedfordshire Police,-0.296012,52.039824,On or near BILBERRY ROAD,E01017391,Central Bedfordshire 013A,Offender given a caution
bc7fb19d2edeedbe52a5c08af12573ee386b9c276d9b0a9413179e165d645178,2013-05,Bedfordshire Police,Bedfordshire Police,-0.307610,52.037708,On or near MANOR CLOSE,E01017392,Central Bedfordshire 013B,Investigation complete; no suspect identified
e0d66a4063b3fb0b83bab94e6b2506195724bd9a8603df5e9279c2655205720a,2013-05,Bedfordshire Police,Bedfordshire Police,-0.345324,52.010981,On or near ST MARY'S PLACE,E01017393,Central Bedfordshire 013C,Investigation complete; no suspect identified
781d2de70a16a8d38022a69aa2b0d7d91d7469c6213ae1efbe00dda12789fb19,2013-05,Bedfordshire Police,Bedfordshire Police,-0.343646,52.014599,On or near HIGH STREET,E01017393,Central Bedfordshire 013C,Investigation complete; no suspect identified
2afe90badc0b4bf05f72bca0c8296af584f6f75e91599cdd7e25ffecd97f6762,2013-05,Bedfordshire Police,Bedfordshire Police,-0.602178,52.073201,On or near Supermarket,E01017397,Central Bedfordshire 007F,Investigation complete; no suspect identified
ad04b834ce81cf319873e67a3ae7282b8c4707b3b12c513ea0d1c9387fb9f0b0,2013-05,Bedfordshire Police,Bedfordshire Police,-0.491034,52.004908,On or near THE AVENUE,E01017400,Central Bedfordshire 015B,Investigation complete; no suspect identified
e150ea2f185f083241f05b161586af59f0b0a09c8f0d96cb49b69bbc62be3171,2013-05,Bedfordshire Police,Bedfordshire Police,-0.495010,52.004518,On or near Supermarket,E01017401,Central Bedfordshire 015C,Investigation complete; no suspect identified
d812d1ee68f86878adb29f4b0bfc7ca4677f5da2d6e66918f0e147bad419d05a,2013-05,Bedfordshire Police,Bedfordshire Police,-0.486564,51.999663,On or near WATER LANE,E01017402,Central Bedfordshire 015D,Investigation complete; no suspect identified
6b03d69fa0bf9c7cfa0624736b98ee7ef252079f5eef68888d2b8c1583c47511,2013-05,Bedfordshire Police,Bedfordshire Police,-0.495462,51.997996,On or near VICARAGE HILL,E01017403,Central Bedfordshire 016A,Investigation complete; no suspect identified
c80b6e3e8a6cd326d6f4f5538af7ecf7ffd6f4478523aaf318e221c1d88916b8,2013-05,Bedfordshire Police,Bedfordshire Police,-0.496282,52.002655,On or near Supermarket,E01017405,Central Bedfordshire 016C,Suspect charged
c80b6e3e8a6cd326d6f4f5538af7ecf7ffd6f4478523aaf318e221c1d88916b8,2013-05,Bedfordshire Police,Bedfordshire Police,-0.496282,52.002655,On or near Supermarket,E01017405,Central Bedfordshire 016C,Suspect charged
a681db624edafccf349679a4eff031bd45f6c070287678597f38c47273cbb364,2013-05,Bedfordshire Police,Bedfordshire Police,-0.497593,52.002214,On or near CONISTON ROAD,E01017405,Central Bedfordshire 016C,Investigation complete; no suspect identified
1ebe736a9e6ed1aefb0a5f793528f7cda680300cb687662c909ef36e6b126b7d,2013-05,Bedfordshire Police,Bedfordshire Police,-0.496714,52.001492,On or near Sports/Recreation Area,E01017405,Central Bedfordshire 016C,Local resolution
afee0514de1e7b385ec24a513dc244a9eae8580c193ab344e2febf238c494816,2013-05,Bedfordshire Police,Bedfordshire Police,-0.499884,52.003834,On or near MALHAM CLOSE,E01017407,Central Bedfordshire 016E,Investigation complete; no suspect identified
e15c1f1273ffa847d66054c2444b74fb9814dae4fb0ff8fb367b517662b73442,2013-05,Bedfordshire Police,Bedfordshire Police,-0.491290,51.967390,On or near ROBINSON CRESCENT,E01017409,Central Bedfordshire 017C,Investigation complete; no suspect identified
9c81a73bb29c1dcf64650bbb4dd4214f61feb51ba1ec3676d65eb990da90e1b0,2013-05,Bedfordshire Police,Bedfordshire Police,-0.488043,51.966989,On or near GOSWELL END ROAD,E01017409,Central Bedfordshire 017C,Investigation complete; no suspect identified
8bca16cea2e8f2fceda3cb8153fb3e55384d2878f90663effb858eb6594202e5,2013-05,Bedfordshire Police,Bedfordshire Police,-0.303887,52.055197,On or near GILPIN CLOSE,E01017412,Central Bedfordshire 004A,Investigation complete; no suspect identified
e2d86668a36528b110f33ea05174d1da728ca2ff0b3499088f28d3490cbb9f36,2013-05,Bedfordshire Police,Bedfordshire Police,-0.326145,52.086383,On or near Park/Open Space,E01017412,Central Bedfordshire 004A,Investigation complete; no suspect identified
124e431af0051bfad08552c7fcd20eb709a34e7fad05fd5bdf757de1d9c963b4,2013-05,Bedfordshire Police,Bedfordshire Police,-0.272176,52.059025,On or near TITHE FARM CLOSE,E01017414,Central Bedfordshire 010E,Suspect charged
a1cdf707383f26e68b233058091ea6bba785ca9fe78d9231b6597d029a321e9e,2013-05,Bedfordshire Police,Bedfordshire Police,-0.284121,52.027459,On or near THE GARDENS,E01017415,Central Bedfordshire 010F,Investigation complete; no suspect identified
5c44f6c063a2dc2b9c4b061574114cd631a1a6df116ce361a564cf5abf634669,2013-05,Bedfordshire Police,Bedfordshire Police,-0.285749,52.030630,On or near Playing Field,E01017415,Central Bedfordshire 010F,Investigation complete; no suspect identified
be86a78fdf07c0285248b17ce296316074a0d4df0a851bef87b53fbba892aa30,2013-05,Bedfordshire Police,Bedfordshire Police,-0.549755,52.060969,On or near THE GREEN,E01017418,Central Bedfordshire 009C,Investigation complete; no suspect identified
07998ef436fa52d427c72d186834f0f93e1a83db496657c067426c5e6bb1d47c,2013-05,Bedfordshire Police,Bedfordshire Police,-0.549276,52.060901,On or near CHURCH WALK,E01017418,Central Bedfordshire 009C,Investigation complete; no suspect identified
cbfe675ed7797e64f1590912f168729a2da8767b3e5fca3997016b97b5b4f929,2013-05,Bedfordshire Police,Bedfordshire Police,-0.547834,52.063095,On or near Supermarket,E01017418,Central Bedfordshire 009C,Investigation complete; no suspect identified
b0bdd42f4b02887d8aa625c470ee7e783c69c254bde0403330dcff3675bd796f,2013-05,Bedfordshire Police,Bedfordshire Police,-0.440694,52.023054,On or near Park/Open Space,E01017419,Central Bedfordshire 008C,Investigation complete; no suspect identified
a93a4e3d4b6fd3c01dc62d5d0037157bdbef588262d8fb9e0e3de51c1d7c462d,2013-05,Bedfordshire Police,Bedfordshire Police,-0.475755,52.024106,On or near FLITWICK ROAD,E01017420,Central Bedfordshire 008D,Investigation complete; no suspect identified
95d38659c454c9135ef751aa636215155f9a3f57d362ac707ad75822890ed69e,2013-05,Bedfordshire Police,Bedfordshire Police,-0.415973,52.032174,On or near LITTLE LANE,E01017421,Central Bedfordshire 008E,Investigation complete; no suspect identified
5cc26d4546b92dfcd8659fe8b2f9e473bfdabbd1287eb241185bb9ee7ef63805,2013-05,Bedfordshire Police,Bedfordshire Police,-0.426518,52.028710,On or near Parking Area,E01017421,Central Bedfordshire 008E,Investigation complete; no suspect identified
4fb15c87b72d0440537db4a711964ed02444117b190663daed4b3cbdf8ff309c,2013-05,Bedfordshire Police,Bedfordshire Police,-0.273788,52.093621,On or near Supermarket,E01017422,Central Bedfordshire 004B,Local resolution
23b96b2f1a501bc1ba8d1eef475e64f72d85f5079d80b41000993d4e226d1a0b,2013-05,Bedfordshire Police,Bedfordshire Police,-0.273788,52.093621,On or near Supermarket,E01017422,Central Bedfordshire 004B,Local resolution
a28e293f25964c98bbea15fe4d18731abbce96504bdbe557f4881087a6268a77,2013-05,Bedfordshire Police,Bedfordshire Police,-0.284806,52.099797,On or near SWALLOWFIELD,E01017422,Central Bedfordshire 004B,Offender given a caution
101fa61c5c09c3b1fb9e8eef0d1b7a468eda60dca89ac023348cc5a27dbbe936,2013-05,Bedfordshire Police,Bedfordshire Police,-0.289046,52.098879,On or near THE PASTURES,E01017422,Central Bedfordshire 004B,Investigation complete; no suspect identified
d1fba80a335ca34324275c9bd36d81b060dd0283608a77f9ed2c0636f982610f,2013-05,Bedfordshire Police,Bedfordshire Police,-0.273788,52.093621,On or near Supermarket,E01017422,Central Bedfordshire 004B,Investigation complete; no suspect identified
32ebf65d361bc1bfff25d2571083366d9b0730495d6a8c3bba7f6e5bb74fd7cf,2013-05,Bedfordshire Police,Bedfordshire Police,-0.299997,52.091170,On or near B658,E01017422,Central Bedfordshire 004B,Local resolution
4a78f7d195b3f8fb02630fd4ddf95bffa1e9faaa086f38e74851088310489469,2013-05,Bedfordshire Police,Bedfordshire Police,-0.321568,52.104885,On or near GARNER CLOSE,E01017424,Central Bedfordshire 004D,Investigation complete; no suspect identified
63e22981316ee24dc67db0b5204ae2aa34dc8e803d6165b56653f523fa45682f,2013-05,Bedfordshire Police,Bedfordshire Police,-0.333805,52.130738,On or near WEST WAY,E01017424,Central Bedfordshire 004D,Offender given a caution
647aab378fe98d50c97884e2b5da297668c7c20881948ef1dd8d946fff154a63,2013-05,Bedfordshire Police,Bedfordshire Police,-0.221067,52.112133,On or near CHURCH FARM CLOSE,E01017425,Central Bedfordshire 003A,Investigation complete; no suspect identified
35170d233c8247a1e81f1218d11ef5306fa77b47020087a20b59912a35c65f9c,2013-05,Bedfordshire Police,Bedfordshire Police,-0.224026,52.129559,On or near NEWTOWN,E01017427,Central Bedfordshire 003C,Investigation complete; no suspect identified
1497dbd9d3c1f42e620db2ed846ba05ed2efc6674ee3bdce706da86dacbd0b9b,2013-05,Bedfordshire Police,Bedfordshire Police,-0.228036,52.128639,On or near NURSERY CLOSE,E01017427,Central Bedfordshire 003C,Investigation complete; no suspect identified
bb39569e064408d4cd824da36a30adcc56bfe31b8a7dd21990f614118b44c7da,2013-05,Bedfordshire Police,Bedfordshire Police,-0.218572,52.124531,On or near BIGGLESWADE ROAD,E01017429,Central Bedfordshire 003E,Investigation complete; no suspect identified
d6e82353f83a86511660f0420a124389dd8c9019987d1a23b213bb1049e6aff1,2013-05,Bedfordshire Police,Bedfordshire Police,-0.297827,52.135907,On or near CARTER STREET,E01017430,Central Bedfordshire 002A,Investigation complete; no suspect identified
16c6fdaca4b7fd5e4f57342aa5d2cb5ed69232a3e2166ad0b13083a94bfbf71c,2013-05,Bedfordshire Police,Bedfordshire Police,-0.288468,52.128857,On or near Supermarket,E01017431,Central Bedfordshire 002B,Investigation complete; no suspect identified
c546dcad58f3e72fbf6fce2db4dd3552f95e9c46cfd649e1cbddaad8103b3f3e,2013-05,Bedfordshire Police,Bedfordshire Police,-0.298170,52.128062,On or near BEDFORD ROAD,E01017431,Central Bedfordshire 002B,Investigation complete; no suspect identified
aedc748710b1da6375dc2bb2dbeed58891bc39e397537cd5714a7ca03f1fd108,2013-05,Bedfordshire Police,Bedfordshire Police,-0.298170,52.128062,On or near BEDFORD ROAD,E01017431,Central Bedfordshire 002B,Investigation complete; no suspect identified
3fb9276f2e28682413eb6b1c208d141d09d95f3fa719c5f6ab8536f8ef8f8a82,2013-05,Bedfordshire Police,Bedfordshire Police,-0.298170,52.128062,On or near BEDFORD ROAD,E01017431,Central Bedfordshire 002B,Investigation complete; no suspect identified
462504fbfdb0aa2cac41eb821f04eb0007672203ffa88db9c8a8e140f92e1b35,2013-05,Bedfordshire Police,Bedfordshire Police,-0.288468,52.128857,On or near Supermarket,E01017431,Central Bedfordshire 002B,Suspect charged
9444827028ac27a3da6137ba4e7c13ef102771000ac1800bc8701690ab3034ba,2013-05,Bedfordshire Police,Bedfordshire Police,-0.298170,52.128062,On or near BEDFORD ROAD,E01017431,Central Bedfordshire 002B,Investigation complete; no suspect identified
feec692dbb6255b66b5053954eed77eac4433a8e4fe54812e7a9adb3c4f7bbba,2013-05,Bedfordshire Police,Bedfordshire Police,-0.298170,52.128062,On or near BEDFORD ROAD,E01017431,Central Bedfordshire 002B,Investigation complete; no suspect identified
b87d47160227503a888ef95ba88f20e0108f8b219984b79d4de4eb431c307ef0,2013-05,Bedfordshire Police,Bedfordshire Police,-0.298170,52.128062,On or near BEDFORD ROAD,E01017431,Central Bedfordshire 002B,Investigation complete; no suspect identified
8b0b13c0584dcc93d71c97693d4862a185fcc495110e3e1acad4da344b181b18,2013-05,Bedfordshire Police,Bedfordshire Police,-0.298170,52.128062,On or near BEDFORD ROAD,E01017431,Central Bedfordshire 002B,Investigation complete; no suspect identified
cc5e47f7c4c4db551e538bd0871d4842b1f568e19b9201bf47d80175c9fef133,2013-05,Bedfordshire Police,Bedfordshire Police,-0.289893,52.135891,On or near COLLEGE ROAD,E01017433,Central Bedfordshire 001A,Local resolution
23b26da6fd47fc43dd273c254cf02061326a4830d3af6944c1b9665bd0fda567,2013-05,Bedfordshire Police,Bedfordshire Police,-0.289017,52.133972,On or near MIDDLEHAM CLOSE,E01017434,Central Bedfordshire 001B,Investigation complete; no suspect identified
b1e04c0fc05accef085a22bcda4d63f6e038290380c3de3875ceb3f078c13400,2013-05,Bedfordshire Police,Bedfordshire Police,-0.237720,52.125367,On or near POTTON ROAD,E01017435,Central Bedfordshire 002D,Investigation complete; no suspect identified
c3b2b4e34a44509cdeca40315ec62207deeb81f621b796c0f2bf1ede7ab52887,2013-05,Bedfordshire Police,Bedfordshire Police,-0.292699,52.137406,On or near BALMORAL CLOSE,E01017436,Central Bedfordshire 001C,Investigation complete; no suspect identified
c6fe73dbf31c1f585b360455dce8168081f932a71340e7988df857d771619ab2,2013-05,Bedfordshire Police,Bedfordshire Police,-0.335351,52.043714,On or near JUBILEE PLACE,E01017437,Central Bedfordshire 011A,Investigation complete; no suspect identified
259eb84a2e46d53fe4252f5be681b76cd15a97c8a9435bd69b2d440f9bc796ad,2013-05,Bedfordshire Police,Bedfordshire Police,-0.337008,52.041516,On or near RIVERSIDE,E01017437,Central Bedfordshire 011A,Suspect charged
96ddbc7425c87faa33a9bc7264377894536b4d8b69537553f332739b9b679fb9,2013-05,Bedfordshire Police,Bedfordshire Police,-0.324109,52.035902,On or near PEARTREE CLOSE,E01017438,Central Bedfordshire 011B,Investigation complete; no suspect identified
f1e87a3e50d434cc30bfd8cb0647edd7114ae82ab6e3d9caebec3f87691b16f2,2013-05,Bedfordshire Police,Bedfordshire Police,-0.324109,52.035902,On or near PEARTREE CLOSE,E01017438,Central Bedfordshire 011B,Investigation complete; no suspect identified
2ba4a337ed1a0d55420a2793e646eb8ca3c35cdecdccd9edc214323de8f2af3f,2013-05,Bedfordshire Police,Bedfordshire Police,-0.322336,52.035383,On or near MAPLE DRIVE,E01017440,Central Bedfordshire 011D,Investigation complete; no suspect identified
18f8eb0ab674b9131fb0416b8f465ad9ec2a9220b1bc5ef6d4aa541d87e3cfe3,2013-05,Bedfordshire Police,Bedfordshire Police,-0.334462,52.035465,On or near RIVER VIEW,E01017440,Central Bedfordshire 011D,Investigation complete; no suspect identified
8e8b92072e85ebd052fcb0952943152442f07cfbae7f796ad9dc18b05b9b216f,2013-05,Bedfordshire Police,Bedfordshire Police,-0.362395,52.037888,On or near OSBORNE AVENUE,E01017441,Central Bedfordshire 011E,Local resolution
723d8a89454918194c7e70316b9e2011cc4cf28be76f784889f53c81fed4aab9,2013-05,Bedfordshire Police,Bedfordshire Police,-0.303885,52.003998,On or near THREE STAR CARAVAN PARK,E01017443,Central Bedfordshire 013E,Investigation complete; no suspect identified
a03430072d61608d429a4557ed2db92739731894b177151994b57ebb4f5771c5,2013-05,Bedfordshire Police,Bedfordshire Police,-0.233886,52.015711,On or near ST OLIVES,E01017446,Central Bedfordshire 014A,Investigation complete; no suspect identified
b29dbd8ee8d520114a2181e290e5be07f063f4db67df499b0802a31b409ad371,2013-05,Bedfordshire Police,Bedfordshire Police,-0.231961,52.019827,On or near VAUGHAN ROAD,E01017446,Central Bedfordshire 014A,Suspect charged
a42ab05dc853df82e996a1288e447d7bfb592d5ca61520d7c2ce206c345f62cc,2013-05,Bedfordshire Police,Bedfordshire Police,-0.224381,52.011756,On or near TEASEL LANE,E01017447,Central Bedfordshire 014B,Investigation complete; no suspect identified
099bf2878c6c52790a4a6b4550f72bec8a750621084f325b20bff19a011d4bdc,2013-05,Bedfordshire Police,Bedfordshire Police,-0.229870,52.021846,On or near PRINCE'S STREET,E01017449,Central Bedfordshire 014D,Investigation complete; no suspect identified
29bc1efa9820cb82d869464baff5a695ef33c47d77d257aab028d15f165aadbb,2013-05,Bedfordshire Police,Bedfordshire Police,-0.498088,51.980443,On or near PARK ROAD,E01017450,Central Bedfordshire 017E,Local resolution
29bc1efa9820cb82d869464baff5a695ef33c47d77d257aab028d15f165aadbb,2013-05,Bedfordshire Police,Bedfordshire Police,-0.498088,51.980443,On or near PARK ROAD,E01017450,Central Bedfordshire 017E,Local resolution
29bc1efa9820cb82d869464baff5a695ef33c47d77d257aab028d15f165aadbb,2013-05,Bedfordshire Police,Bedfordshire Police,-0.498088,51.980443,On or near PARK ROAD,E01017450,Central Bedfordshire 017E,Local resolution
c327a0f9004d5cc4232e783b5fa30e7f254f9acc068d7b2d86f785a561dcc2e9,2013-05,Bedfordshire Police,Bedfordshire Police,-0.469602,52.152162,On or near GOLDCREST WAY,E01017457,Bedford 005E,Investigation complete; no suspect identified
21fb4dd4560a849b5f6c5d3432c9c500b6a413334d2852509bb7d46013c78482,2013-05,Bedfordshire Police,Bedfordshire Police,-0.542797,52.142947,On or near PARTRIDGE LANE,E01017459,Bedford 008A,Investigation complete; no suspect identified
83f7b4d69d2de7be4a08073fb8506dafd1d322836cc8373fd361f3fdc0341360,2013-05,Bedfordshire Police,Bedfordshire Police,-0.510703,52.130291,On or near MASTERS CLOSE,E01017461,Bedford 008C,Offender given a caution
fb6d93594b2ef527aafba4d0abfbf3dc9e58918dab11e60bdbb45d17d2e95b2e,2013-05,Bedfordshire Police,Bedfordshire Police,-0.514967,52.128618,On or near LYTHAM PLACE,E01017461,Bedford 008C,Investigation complete; no suspect identified
cf8eebd0d6e9391a95d6f2171326e0615ad599c9212b8680f3960321dccfe81e,2013-05,Bedfordshire Police,Bedfordshire Police,-0.549953,52.166502,On or near WINDMILL LANE,E01017465,Bedford 002B,Investigation complete; no suspect identified
8318d39e1f8dea8680ac45599772ff13067b32a82d6b09e8b38ceadded5ac65a,2013-05,Bedfordshire Police,Bedfordshire Police,-0.469508,52.135707,On or near Parking Area,E01017466,Bedford 012A,Local resolution
1cb49bef8e6ba8de04249c384e52b525e5c1d64aa881e8a8e300e819493935e3,2013-05,Bedfordshire Police,Bedfordshire Police,-0.469781,52.137140,On or near Shopping Area,E01017466,Bedford 012A,Suspect charged
39560aa046503d3188cd6743f3fd6cc6762113d8038cb5b66697f5de0a312b85,2013-05,Bedfordshire Police,Bedfordshire Police,-0.473275,52.136637,On or near PRIORY STREET,E01017466,Bedford 012A,Suspect charged
68ab012926125545227936163b3d4083fb033cb510e2b860816c78e93caec970,2013-05,Bedfordshire Police,Bedfordshire Police,-0.469781,52.137140,On or near Shopping Area,E01017466,Bedford 012A,Investigation complete; no suspect identified
54d38c0cc0ab5d6f3803b32907b6b25b5e24d99779f4c3656e42051bfc0f98fb,2013-05,Bedfordshire Police,Bedfordshire Police,-0.470832,52.135436,On or near Parking Area,E01017466,Bedford 012A,Suspect charged
02876a9d302e3f3b84173b620bf695bc317c08bdf1e97bc32aa403aaab6b0b74,2013-05,Bedfordshire Police,Bedfordshire Police,-0.470832,52.135436,On or near Parking Area,E01017466,Bedford 012A,Suspect charged as part of another case
2e1ae79491ddc9646647472cebfe503359d5d5eca176653e37950be64226b13f,2013-05,Bedfordshire Police,Bedfordshire Police,-0.469508,52.135707,On or near Parking Area,E01017466,Bedford 012A,Offender given a caution
2e1ae79491ddc9646647472cebfe503359d5d5eca176653e37950be64226b13f,2013-05,Bedfordshire Police,Bedfordshire Police,-0.469508,52.135707,On or near Parking Area,E01017466,Bedford 012A,Offender given a caution
e05f47bc1f72c14d8ef5d7e6fc2a5fba3b8f1d737ee4d9c95bc02b7509a49382,2013-05,Bedfordshire Police,Bedfordshire Police,-0.471690,52.136850,On or near SAFFRON CLOSE,E01017466,Bedford 012A,Investigation complete; no suspect identified
a17f586931cfe747f7c5aea959928f8674ebf905d493804d2bde1af33ca3742d,2013-05,Bedfordshire Police,Bedfordshire Police,-0.475797,52.135977,On or near RUTLAND ROAD,E01017466,Bedford 012A,Investigation complete; no suspect identified
8bbb76f6733fd59a709d6af8aeecba3872d36ba8d172de9845b00a4d45394980,2013-05,Bedfordshire Police,Bedfordshire Police,-0.471544,52.134294,On or near HERON QUAY,E01017466,Bedford 012A,Investigation complete; no suspect identified
3fbf344add700458cb47f0975becbd33cbceefd99135a216b986ebcd6b580bb5,2013-05,Bedfordshire Police,Bedfordshire Police,-0.471161,52.135647,On or near RIVER STREET,E01017466,Bedford 012A,Local resolution
89efbf3a551c1690dd15a255417a6e4b3039b166669c977553c5bb296776518a,2013-05,Bedfordshire Police,Bedfordshire Police,-0.469508,52.135707,On or near Parking Area,E01017466,Bedford 012A,Investigation complete; no suspect identified
9dd4ecf0b1e81ce837af24594aec50a7b0a062d843b3f38b1907109f65225ec4,2013-05,Bedfordshire Police,Bedfordshire Police,-0.469508,52.135707,On or near Parking Area,E01017466,Bedford 012A,Suspect charged
9dd4ecf0b1e81ce837af24594aec50a7b0a062d843b3f38b1907109f65225ec4,2013-05,Bedfordshire Police,Bedfordshire Police,-0.469508,52.135707,On or near Parking Area,E01017466,Bedford 012A,Offender given a caution
9dd4ecf0b1e81ce837af24594aec50a7b0a062d843b3f38b1907109f65225ec4,2013-05,Bedfordshire Police,Bedfordshire Police,-0.469508,52.135707,On or near Parking Area,E01017466,Bedford 012A,Suspect charged
8aa4fcbc8ea57b628bd3f7aa6f11ed8e612919903d4a7fb28a033ffd7824c4cd,2013-05,Bedfordshire Police,Bedfordshire Police,-0.469508,52.135707,On or near Parking Area,E01017466,Bedford 012A,Suspect charged
8aa4fcbc8ea57b628bd3f7aa6f11ed8e612919903d4a7fb28a033ffd7824c4cd,2013-05,Bedfordshire Police,Bedfordshire Police,-0.469508,52.135707,On or near Parking Area,E01017466,Bedford 012A,Offender given a caution
8aa4fcbc8ea57b628bd3f7aa6f11ed8e612919903d4a7fb28a033ffd7824c4cd,2013-05,Bedfordshire Police,Bedfordshire Police,-0.469508,52.135707,On or near Parking Area,E01017466,Bedford 012A,Suspect charged
712ebb5405bb490ea685d594efe84e823edcbbb52a83fcdfadead0cb933074a6,2013-05,Bedfordshire Police,Bedfordshire Police,-0.469508,52.135707,On or near Parking Area,E01017466,Bedford 012A,Suspect charged
712ebb5405bb490ea685d594efe84e823edcbbb52a83fcdfadead0cb933074a6,2013-05,Bedfordshire Police,Bedfordshire Police,-0.469508,52.135707,On or near Parking Area,E01017466,Bedford 012A,Suspect charged
712ebb5405bb490ea685d594efe84e823edcbbb52a83fcdfadead0cb933074a6,2013-05,Bedfordshire Police,Bedfordshire Police,-0.469508,52.135707,On or near Parking Area,E01017466,Bedford 012A,Offender given a caution
712ebb5405bb490ea685d594efe84e823edcbbb52a83fcdfadead0cb933074a6,2013-05,Bedfordshire Police,Bedfordshire Police,-0.469508,52.135707,On or near Parking Area,E01017466,Bedford 012A,Suspect charged
bddd88e926c2986f11b99a84aace40074b21751bc6bbddbf2f16b5517f77c0e0,2013-05,Bedfordshire Police,Bedfordshire Police,-0.469508,52.135707,On or near Parking Area,E01017466,Bedford 012A,Suspect charged
bddd88e926c2986f11b99a84aace40074b21751bc6bbddbf2f16b5517f77c0e0,2013-05,Bedfordshire Police,Bedfordshire Police,-0.469508,52.135707,On or near Parking Area,E01017466,Bedford 012A,Offender given a caution
bddd88e926c2986f11b99a84aace40074b21751bc6bbddbf2f16b5517f77c0e0,2013-05,Bedfordshire Police,Bedfordshire Police,-0.469508,52.135707,On or near Parking Area,E01017466,Bedford 012A,Suspect charged
d95ac93fd5e7528a6a217c28dffa17380483215acff2dbbaa02d59e84fb9a152,2013-05,Bedfordshire Police,Bedfordshire Police,-0.468922,52.137039,On or near Shopping Area,E01017466,Bedford 012A,Suspect charged
0af9ab7152f02ceee72ea82b2e1822fef03bf648203bb91ad43babfe782a0d9e,2013-05,Bedfordshire Police,Bedfordshire Police,-0.471161,52.135647,On or near RIVER STREET,E01017466,Bedford 012A,Local resolution
62ecd8bcad4a99d0d210af9936d2317e27f40a2d6921546750fb060b5b98c5c7,2013-05,Bedfordshire Police,Bedfordshire Police,-0.470832,52.135436,On or near Parking Area,E01017466,Bedford 012A,Suspect charged
4ae32a7521cc77b52bc4d7c7970fd75fb6abad21ced9c0d9ca9a63954e604602,2013-05,Bedfordshire Police,Bedfordshire Police,-0.470832,52.135436,On or near Parking Area,E01017466,Bedford 012A,Suspect charged
f6f1117fe1d259d291560c95e9be3ea0529bc7aa6d825fcdfad51714b491c18e,2013-05,Bedfordshire Police,Bedfordshire Police,-0.472321,52.135078,On or near MAITLAND STREET,E01017466,Bedford 012A,Offender given penalty notice
b23141b3f0af6b0e35cf9765fb6acc343152a9b823a2448932c5e39c78ea8afb,2013-05,Bedfordshire Police,Bedfordshire Police,-0.470832,52.135436,On or near Parking Area,E01017466,Bedford 012A,Local resolution
91a69e0bf8f7222a705d866deaf9585ae9436c99ca27cb043505ef71d81528b3,2013-05,Bedfordshire Police,Bedfordshire Police,-0.469508,52.135707,On or near Parking Area,E01017466,Bedford 012A,Local resolution
b3c0da1ac01b9f72b8eb3a303b30c620662b7dce530f4344841dd9d59658c2cb,2013-05,Bedfordshire Police,Bedfordshire Police,-0.470832,52.135436,On or near Parking Area,E01017466,Bedford 012A,Local resolution
b0843e91aa8cd235da8985a1f338ee0044e4bb81ffca3cdcb45fd7518727b411,2013-05,Bedfordshire Police,Bedfordshire Police,-0.471544,52.134294,On or near HERON QUAY,E01017466,Bedford 012A,Investigation complete; no suspect identified
1ea83ab3b8d69aea0c730b8dde449de7df6e2fc8f9889efd1110ebcf100f871b,2013-05,Bedfordshire Police,Bedfordshire Police,-0.473655,52.134924,On or near WESTERN STREET,E01017466,Bedford 012A,Suspect charged
13ff89ce665c34fed10fb07aea00c9c4d8e941d8abaa926b46811fa295ffb04c,2013-05,Bedfordshire Police,Bedfordshire Police,-0.470832,52.135436,On or near Parking Area,E01017466,Bedford 012A,Offender given penalty notice
43d2a28028bef40ee75e07f0e03302e03c8284e6a1a55ede8845ef0c3eeeb9da,2013-05,Bedfordshire Police,Bedfordshire Police,-0.469508,52.135707,On or near Parking Area,E01017466,Bedford 012A,Local resolution
b467a47222dd9b55bd40c66df85771500e95dbabf38353049a4041f7d2e5a8f9,2013-05,Bedfordshire Police,Bedfordshire Police,-0.471690,52.136850,On or near SAFFRON CLOSE,E01017466,Bedford 012A,Investigation complete; no suspect identified
243c2c571a5622dd00c2d1ea8d7fbf2f721869fba16d1d2238060719a55b535f,2013-05,Bedfordshire Police,Bedfordshire Police,-0.469508,52.135707,On or near Parking Area,E01017466,Bedford 012A,Investigation complete; no suspect identified
8e5453afc070f3ebe8998477aa70f153f10407b17db53cd0887e8ddcb9424132,2013-05,Bedfordshire Police,Bedfordshire Police,-0.452718,52.137007,On or near PEMBROKE STREET,E01017467,Bedford 012B,Investigation complete; no suspect identified
1808b90b12c6d054921675b74e0dc51ae70f0e3e074dc31682f0c03343e80a0a,2013-05,Bedfordshire Police,Bedfordshire Police,-0.452041,52.137574,On or near YORK STREET,E01017467,Bedford 012B,Suspect charged
c0d8862b78e25bb28f27ef765dcbe37b1d437371266be6cf53baf945f1ca4744,2013-05,Bedfordshire Police,Bedfordshire Police,-0.455482,52.136953,On or near CASTLE ROAD,E01017467,Bedford 012B,Suspect charged
1eba37e17f054f273ba5d38c8b7e56962e40a70777332fda19e5097ad273f2bc,2013-05,Bedfordshire Police,Bedfordshire Police,-0.452718,52.137007,On or near PEMBROKE STREET,E01017467,Bedford 012B,Investigation complete; no suspect identified
9724d946a7114e1d860c50ccdac7f02573571202703851ef161ad764074c64ad,2013-05,Bedfordshire Police,Bedfordshire Police,-0.446839,52.132956,On or near LONGHOLME WAY,E01017468,Bedford 012C,Investigation complete; no suspect identified
496b3d436ddb40bf55e125041d86e5569263e269f1919ca057ff6e370346d275,2013-05,Bedfordshire Police,Bedfordshire Police,-0.446839,52.132956,On or near LONGHOLME WAY,E01017468,Bedford 012C,Investigation complete; no suspect identified
b1a87eb072d541960251e36f3655d50b156aa4aeb84aefd9e2fcee0da53da358,2013-05,Bedfordshire Police,Bedfordshire Police,-0.446839,52.132956,On or near LONGHOLME WAY,E01017468,Bedford 012C,Investigation complete; no suspect identified
934436013da040b376db0666fe383c42c01f857ac95d051a025d4f789e479ab3,2013-05,Bedfordshire Police,Bedfordshire Police,-0.446839,52.132956,On or near LONGHOLME WAY,E01017468,Bedford 012C,Investigation complete; no suspect identified
49b6e2bf7050421b4d7a4e825994e8bb94ebee040e2f4947b0c8a9dea0599ecf,2013-05,Bedfordshire Police,Bedfordshire Police,-0.446839,52.132956,On or near LONGHOLME WAY,E01017468,Bedford 012C,Investigation complete; no suspect identified
4d3b10d3aa987adabaa00fdb729d3232953d2cdbe417f52f27479672bc69f7ba,2013-05,Bedfordshire Police,Bedfordshire Police,-0.446839,52.132956,On or near LONGHOLME WAY,E01017468,Bedford 012C,Investigation complete; no suspect identified
775c344ad8adbf6162a817bd1198304235b00ee7e8f99894b66c329a027245c1,2013-05,Bedfordshire Police,Bedfordshire Police,-0.446839,52.132956,On or near LONGHOLME WAY,E01017468,Bedford 012C,Investigation complete; no suspect identified
3ac925a1c9fa52aa08dec628aeb158070f2472380c9f99f6b4b056ecdf889f34,2013-05,Bedfordshire Police,Bedfordshire Police,-0.466673,52.136155,On or near Nightclub,E01017469,Bedford 012D,Investigation complete; no suspect identified
0004ecb8a661b7a37a7a3f70659295e956ddd0a15cb77259c0f40b5948949f31,2013-05,Bedfordshire Police,Bedfordshire Police,-0.466128,52.136706,On or near Supermarket,E01017469,Bedford 012D,Investigation complete; no suspect identified
6894237eb484a59cf4b2cc89ea8c1c1146b95b25bebc3ccfd73d980816566b68,2013-05,Bedfordshire Police,Bedfordshire Police,-0.466075,52.138251,On or near Nightclub,E01017469,Bedford 012D,Investigation complete; no suspect identified
56104815b034210113b5418a9bc35ccbb5798727983fc96edf589c6f6bf116a7,2013-05,Bedfordshire Police,Bedfordshire Police,-0.466128,52.136706,On or near Supermarket,E01017469,Bedford 012D,Investigation complete; no suspect identified
b2ee6180db3d8325f73d79fa5fd263e9f43754b3fddb6924501c0a99fcd853e1,2013-05,Bedfordshire Police,Bedfordshire Police,-0.464227,52.137589,On or near GADSBY STREET,E01017469,Bedford 012D,Investigation complete; no suspect identified
8235f02665a8fa9ec25f92028ba7e1ac491c499cc41aa5d2b461d7cc935f16ae,2013-05,Bedfordshire Police,Bedfordshire Police,-0.466128,52.136706,On or near Supermarket,E01017469,Bedford 012D,Offender given a caution
ed7f39df2f8e3c7910b9766d8e20ce7b0072a65a2e9f66653e4000552329e2e6,2013-05,Bedfordshire Police,Bedfordshire Police,-0.466128,52.136706,On or near Supermarket,E01017469,Bedford 012D,Suspect charged
7dc2d37f0dec5c4ed07622b6481542c9e0bf9dc9852f610f12c4387864c32d2c,2013-05,Bedfordshire Police,Bedfordshire Police,-0.468277,52.136671,On or near Shopping Area,E01017469,Bedford 012D,Investigation complete; no suspect identified
1f33828441964af785ca32d9ea7d9757b2206f338bc94a68dcbe8d991303f249,2013-05,Bedfordshire Police,Bedfordshire Police,-0.466128,52.136706,On or near Supermarket,E01017469,Bedford 012D,Investigation complete; no suspect identified
e6fdb78256e1eaab8b9fe32a39ed462936048c1ca3240a4a6aec7e7dfa910f6a,2013-05,Bedfordshire Police,Bedfordshire Police,-0.466673,52.136155,On or near Nightclub,E01017469,Bedford 012D,Suspect charged
07aee4bbb739e10e8f974158dc83061c086f986961b858173fd5c4e65f016beb,2013-05,Bedfordshire Police,Bedfordshire Police,-0.466128,52.136706,On or near Supermarket,E01017469,Bedford 012D,Local resolution
6b005aa3c8b3122b84cdc9d9d948d07a12350b8d5ff475c56cfa7f951b3a841f,2013-05,Bedfordshire Police,Bedfordshire Police,-0.460701,52.138568,On or near THE GROVE,E01017469,Bedford 012D,Investigation complete; no suspect identified
40ee223c84ab8dbde10175a42acfa1eed51f12a6344f86eb71dff961cf3d189b,2013-05,Bedfordshire Police,Bedfordshire Police,-0.466673,52.136155,On or near Nightclub,E01017469,Bedford 012D,Investigation complete; no suspect identified
41acb80e8f5e87fb19e492b808871bbc8c0c91a68a7a04528c8a4c01b5c5f503,2013-05,Bedfordshire Police,Bedfordshire Police,-0.468277,52.136671,On or near Shopping Area,E01017469,Bedford 012D,Investigation complete; no suspect identified
b65da3c19635697f3d2ab5fbccb5f9cf6f345aea5ca63ae1bdf20b6c202e1e4a,2013-05,Bedfordshire Police,Bedfordshire Police,-0.468277,52.136671,On or near Shopping Area,E01017469,Bedford 012D,Investigation complete; no suspect identified
f7373bafdaf43d4e025c20323eea6b266e986d5767375949d1506328c6ef84ea,2013-05,Bedfordshire Police,Bedfordshire Police,-0.466377,52.137122,On or near Shopping Area,E01017469,Bedford 012D,Suspect charged
f7373bafdaf43d4e025c20323eea6b266e986d5767375949d1506328c6ef84ea,2013-05,Bedfordshire Police,Bedfordshire Police,-0.466377,52.137122,On or near Shopping Area,E01017469,Bedford 012D,Suspect charged
10162c73189fe2928089341bf3b486502beb91d7de2f70b90a236d694a5ac43a,2013-05,Bedfordshire Police,Bedfordshire Police,-0.466673,52.136155,On or near Nightclub,E01017469,Bedford 012D,Local resolution
bfd0f7cc4c79c4b42db6c00041e3448f89d5a52bd8e054f536f2156983d88537,2013-05,Bedfordshire Police,Bedfordshire Police,-0.466128,52.136706,On or near Supermarket,E01017469,Bedford 012D,Investigation complete; no suspect identified
0f7175f6362b239d664d768b1af36dcdb534fbabb448e45f9d50ce13d599a451,2013-05,Bedfordshire Police,Bedfordshire Police,-0.466075,52.138251,On or near Nightclub,E01017469,Bedford 012D,Investigation complete; no suspect identified
614a8426951639e289a41249347d31992d61081726bf6fc8081ab21fab5f8789,2013-05,Bedfordshire Police,Bedfordshire Police,-0.466377,52.137122,On or near Shopping Area,E01017469,Bedford 012D,Local resolution
a0845ae1709f36adb4cece40917a58006d0bdeb2b30e9682ed5833254904ddfb,2013-05,Bedfordshire Police,Bedfordshire Police,-0.466128,52.136706,On or near Supermarket,E01017469,Bedford 012D,Local resolution
d95df8c2cea4fdd9543a4c51caa803e4478b59b589cc90eaadf23844654ab315,2013-05,Bedfordshire Police,Bedfordshire Police,-0.466128,52.136706,On or near Supermarket,E01017469,Bedford 012D,Suspect charged
b51a5c65d3f6b17db772b800099b1a336a8d8a9b2b3b09a319fc51e669bb4d33,2013-05,Bedfordshire Police,Bedfordshire Police,-0.461515,52.135719,On or near ALBANY ROAD,E01017469,Bedford 012D,Investigation complete; no suspect identified
c87b319364b9c6513deed6995bdfc4340151f71156b2277e5e11a84dd9a7e59b,2013-05,Bedfordshire Police,Bedfordshire Police,-0.480489,52.138924,On or near THE FINCHES,E01017471,Bedford 012F,Investigation complete; no suspect identified
4e52e4fee8f128d3ac5a33caac8ba91bc1416d9dbda21c890b6128a755a01a3a,2013-05,Bedfordshire Police,Bedfordshire Police,-0.471383,52.138572,On or near GWYN STREET,E01017471,Bedford 012F,Investigation complete; no suspect identified
8bca7d20ab7724da4b357b15b5b90a97ddd28ea584581c785b702468ce0deafd,2013-05,Bedfordshire Police,Bedfordshire Police,-0.480489,52.138924,On or near THE FINCHES,E01017471,Bedford 012F,Local resolution
696f7857c11b36e48498118c8770747e0e47efdfe910a6572fbac71421a1f643,2013-05,Bedfordshire Police,Bedfordshire Police,-0.480489,52.138924,On or near THE FINCHES,E01017471,Bedford 012F,Suspect charged
369250eaef2909db1105b1be3f50a7bfd68f6f0ad02fe641c130034ad18627f6,2013-05,Bedfordshire Police,Bedfordshire Police,-0.471383,52.138572,On or near GWYN STREET,E01017471,Bedford 012F,Investigation complete; no suspect identified
ba800ce56f99a35461c474f194db034da009a1b5ba619aff067df45a13b1e0aa,2013-05,Bedfordshire Police,Bedfordshire Police,-0.471331,52.137510,On or near Bus/Coach Station,E01017471,Bedford 012F,Investigation complete; no suspect identified
5b304bb71badd58f91b7aeac8dc8af304330cb04c0055b499fcb002a6f53aa60,2013-05,Bedfordshire Police,Bedfordshire Police,-0.471331,52.137510,On or near Bus/Coach Station,E01017471,Bedford 012F,Local resolution
da70a9615283731e83cd992c8cb20b509bf15736caf5593423ac222c5121548e,2013-05,Bedfordshire Police,Bedfordshire Police,-0.476167,52.134984,On or near MIDLAND ROAD,E01017471,Bedford 012F,Investigation complete; no suspect identified
d5cb6a51fe77f39d9ad7f70b88b53f8c11ef82cc4374b54498d3cdc130d921d3,2013-05,Bedfordshire Police,Bedfordshire Police,-0.473696,52.138440,On or near BECKETT STREET,E01017471,Bedford 012F,Investigation complete; no suspect identified
fec8bff52347b8d0c912dfe03feee80acb5b845f0d14d8144d04752f061c1251,2013-05,Bedfordshire Police,Bedfordshire Police,-0.471331,52.137510,On or near Bus/Coach Station,E01017471,Bedford 012F,Investigation complete; no suspect identified
e29f57fc4ba16367fb78961287683913933292e534fcd88eb579e605f90970ab,2013-05,Bedfordshire Police,Bedfordshire Police,-0.471331,52.137510,On or near Bus/Coach Station,E01017471,Bedford 012F,Suspect charged
97c19498e1212f7cf56791900eff81d9fb18b9e49326bb0a75f7a3d402417f6c,2013-05,Bedfordshire Police,Bedfordshire Police,-0.457128,52.120188,On or near WINDSOR ROAD,E01017472,Bedford 015A,Investigation complete; no suspect identified
4e68585e46f1d3a49dffaec69ef24ad22363946242d52130c5394a582d19ecbc,2013-05,Bedfordshire Police,Bedfordshire Police,-0.457128,52.120188,On or near WINDSOR ROAD,E01017472,Bedford 015A,Investigation complete; no suspect identified
651075b9e0b162967e666b620449ddbe527cc5e7fd2118afa17a9c0f297bec3b,2013-05,Bedfordshire Police,Bedfordshire Police,-0.465816,52.124087,On or near Petrol Station,E01017472,Bedford 015A,Investigation complete; no suspect identified
5b9d0ba2b7504017ff3069cc8a177732b559c9cfcfb72ccebd0bee6839415a8b,2013-05,Bedfordshire Police,Bedfordshire Police,-0.466285,52.123185,On or near KENNEDY ROAD,E01017472,Bedford 015A,Local resolution
f5cd786de1edc9c38b05d20b2f853c31322cf673a1b606e187fe90484c8c84b6,2013-05,Bedfordshire Police,Bedfordshire Police,-0.473730,52.130169,On or near PALGRAVE ROAD,E01017473,Bedford 015B,Investigation complete; no suspect identified
4c5c3c42c20a52e9d4ca8f2dcd6110bfcef720b549ed2f2035a6ec05530364ec,2013-05,Bedfordshire Police,Bedfordshire Police,-0.466097,52.126536,On or near ARMSTRONG DRIVE,E01017473,Bedford 015B,Investigation complete; no suspect identified
38d2da759aca27f6c09f6bd6dc5dea42388aedf9189d9640137afb738609fe3e,2013-05,Bedfordshire Police,Bedfordshire Police,-0.471730,52.128848,On or near Hospital,E01017473,Bedford 015B,Investigation complete; no suspect identified
fa5ce305da007d861d24ee8a6285de4ede6cbbcf2bcda0b7b35344374a165c73,2013-05,Bedfordshire Police,Bedfordshire Police,-0.473730,52.130169,On or near PALGRAVE ROAD,E01017473,Bedford 015B,Investigation complete; no suspect identified
00d7ae80678c72fefcdfc559a24c4a6e29d192a832baaaffb106c23ef323d9bb,2013-05,Bedfordshire Police,Bedfordshire Police,-0.467984,52.133286,On or near Further/Higher Educational Building,E01017473,Bedford 015B,Investigation complete; no suspect identified
52a59e023f8df7a7fe3976db0278f476591c189d9887aa83a5a622dc44dcad0a,2013-05,Bedfordshire Police,Bedfordshire Police,-0.471730,52.128848,On or near Hospital,E01017473,Bedford 015B,Investigation complete; no suspect identified
30f64e560160b2539d780aa8726ad293f1e9de2811b85db5e59602d856c0e2fb,2013-05,Bedfordshire Police,Bedfordshire Police,-0.473730,52.130169,On or near PALGRAVE ROAD,E01017473,Bedford 015B,Investigation complete; no suspect identified
4081a07b6b03fb8be7f5070ac853f8e2e1a1ba0b56c6fd9caae9f26749138ac4,2013-05,Bedfordshire Police,Bedfordshire Police,-0.471595,52.129817,On or near CROWN PLACE,E01017473,Bedford 015B,Suspect charged
db96b143d4951a687aea75ee57c333bdb7b69f36ec1c4ae9af2bef40924548d0,2013-05,Bedfordshire Police,Bedfordshire Police,-0.471671,52.125449,On or near AMPTHILL ROAD,E01017474,Bedford 015C,Investigation complete; no suspect identified
b834f74b74e4f014d373ef42ad043bd1e2b03bda49e0c179f662773775279846,2013-05,Bedfordshire Police,Bedfordshire Police,-0.469721,52.123958,On or near MABEL ROAD,E01017474,Bedford 015C,Investigation complete; no suspect identified
853c314f3d636e939c791442aa0c0eb0eb3cedd9003b19ba8e4f7c214d61303f,2013-05,Bedfordshire Police,Bedfordshire Police,-0.461437,52.121018,On or near KENT AVENUE,E01017476,Bedford 015E,Investigation complete; no suspect identified
263e35902ecb112ee3b7e5b758f505186f286bf337c6cc33f475ad2b9a0ffc45,2013-05,Bedfordshire Police,Bedfordshire Police,-0.459983,52.117870,On or near CORBY CLOSE,E01017477,Bedford 015F,Investigation complete; no suspect identified
083ee4e1800276671c0b241f4d9bab0bd876f0c6388cbf5728cdbcc864605ae5,2013-05,Bedfordshire Police,Bedfordshire Police,-0.463098,52.118594,On or near LUKE PLACE,E01017477,Bedford 015F,Investigation complete; no suspect identified
1880a6dceafd7bf6da131e4370ee837ae0d68150b47d1b33af62e82f5450a5c5,2013-05,Bedfordshire Police,Bedfordshire Police,-0.458189,52.214655,On or near HIGH STREET,E01017478,Bedford 003A,Investigation complete; no suspect identified
b712645834f00fd1b1a28a9389cf87f97eff77b927562d9c1f72c98c50c9afd7,2013-05,Bedfordshire Police,Bedfordshire Police,-0.471261,52.219339,On or near Park/Open Space,E01017478,Bedford 003A,Suspect charged
40dbb533575ec0158eee34008a9f12366e8dbd8d5aa5937af8a7cfe7975e6767,2013-05,Bedfordshire Police,Bedfordshire Police,-0.486421,52.194970,On or near Prison,E01017478,Bedford 003A,Investigation complete; no suspect identified
f48453268c732f6b036da43634692e1ac63d74069686ad5d33f873874d1169be,2013-05,Bedfordshire Police,Bedfordshire Police,-0.492289,52.160321,On or near PRESERVINE WALK,E01017479,Bedford 003B,Suspect charged
bc37b951f240254ddbb69399388025ecc4fec37b9d2b7d9ef72e5ebb37d6bc52,2013-05,Bedfordshire Police,Bedfordshire Police,-0.492289,52.160321,On or near PRESERVINE WALK,E01017479,Bedford 003B,Investigation complete; no suspect identified
19ac98483ec568f3e99461e3950d8b6407b16506fe60a0b807ecac342c0d9655,2013-05,Bedfordshire Police,Bedfordshire Police,-0.500503,52.165191,On or near MOUNT PLEASANT ROAD,E01017480,Bedford 003C,Investigation complete; no suspect identified
9e9b9c753b94e4bd8abd653f96e23ca8673ef785dabb625884cffcf1690b4aef,2013-05,Bedfordshire Police,Bedfordshire Police,-0.504320,52.169079,On or near SHIRE ROAD,E01017480,Bedford 003C,Local resolution
e10d5979fd5ca17ce476fc163d5234aa661340a3a5792380bbd3bf7b60308c39,2013-05,Bedfordshire Police,Bedfordshire Police,-0.458360,52.146261,On or near ST AUGUSTINE'S ROAD,E01017482,Bedford 009A,Investigation complete; no suspect identified
66867a19b3b010a6cbe2a70d688d70bf588d59f24060cd12449fb453a033332e,2013-05,Bedfordshire Police,Bedfordshire Police,-0.446472,52.144334,On or near HONITON WAY,E01017483,Bedford 009B,Investigation complete; no suspect identified
e060b1092a164272c7c38d3198eae881c9c1aeb9605f13386b3033062e8861f0,2013-05,Bedfordshire Police,Bedfordshire Police,-0.442177,52.141364,On or near Further/Higher Educational Building,E01017483,Bedford 009B,Investigation complete; no suspect identified
9c67c6d1e29ccbe8276899fbe275c1454773fe96a47c3204919f330e5568c911,2013-05,Bedfordshire Police,Bedfordshire Police,-0.442177,52.141364,On or near Further/Higher Educational Building,E01017483,Bedford 009B,Investigation complete; no suspect identified
c128a4e065f4ed7c9c1027ea5820548e32d9e3a757ded54f8ef4fe8d0f71d4c6,2013-05,Bedfordshire Police,Bedfordshire Police,-0.442177,52.141364,On or near Further/Higher Educational Building,E01017483,Bedford 009B,Investigation complete; no suspect identified
a96a813b6fde6637e28856a21580a0dde68ca37170f8c9526c0644322356c3c8,2013-05,Bedfordshire Police,Bedfordshire Police,-0.462145,52.141626,On or near GLEBE ROAD,E01017484,Bedford 009C,Investigation complete; no suspect identified
c2c60543c38afae5ea341e52b5b0f21d3b5931779fb6b82ea7fe51793877b90d,2013-05,Bedfordshire Police,Bedfordshire Police,-0.466837,52.142020,On or near DE PARYS AVENUE,E01017484,Bedford 009C,Investigation complete; no suspect identified
01a40c296425427cd1265b64d72d6237b99f13bbc1abd00f101bbece322cd00f,2013-05,Bedfordshire Police,Bedfordshire Police,-0.461181,52.140328,On or near A4280,E01017484,Bedford 009C,Investigation complete; no suspect identified
1cec2d2fd83965b6597bc00c517d0096d453257bdb097936c613184229e55860,2013-05,Bedfordshire Police,Bedfordshire Police,-0.467107,52.139667,On or near THE BROADWAY,E01017484,Bedford 009C,Suspect charged
1cec2d2fd83965b6597bc00c517d0096d453257bdb097936c613184229e55860,2013-05,Bedfordshire Police,Bedfordshire Police,-0.467107,52.139667,On or near THE BROADWAY,E01017484,Bedford 009C,Suspect charged
1dc3e06db8629cb9a50e64f2a8083b737c98ad552de82a49a05d72648f8d3ac7,2013-05,Bedfordshire Police,Bedfordshire Police,-0.461181,52.140328,On or near A4280,E01017484,Bedford 009C,Suspect charged
b4bb3aee1822d645d0af2abbedfa66082e61819ccb67bd39fda9c0fb6c1b1d87,2013-05,Bedfordshire Police,Bedfordshire Police,-0.454583,52.140970,On or near APPLEDORE ROAD,E01017485,Bedford 009D,Investigation complete; no suspect identified
6abc86ed3eaa1232621e3ec872a114e79e40591bb6582cd04078df62fe78e8c0,2013-05,Bedfordshire Police,Bedfordshire Police,-0.457255,52.139764,On or near GOLDINGTON ROAD,E01017485,Bedford 009D,Investigation complete; no suspect identified
68da516ffb63964ec022150f11f7ecbb20ad6c0e8d25e339f29656feb9a5f4ee,2013-05,Bedfordshire Police,Bedfordshire Police,-0.455934,52.142048,On or near GOLDINGTON AVENUE,E01017485,Bedford 009D,Investigation complete; no suspect identified
13c37723d059dc737e1d210258a609f414f0ccbe338c224b75657fab9420fb93,2013-05,Bedfordshire Police,Bedfordshire Police,-0.431375,52.111064,On or near THE CRESCENT,E01017486,Bedford 019A,Suspect charged
d17b0d4c7f489b4065d24f5d51acb8563206efa362b36705d651de28e4755adf,2013-05,Bedfordshire Police,Bedfordshire Police,-0.435308,52.110091,On or near CONCORDE CLOSE,E01017487,Bedford 019B,Investigation complete; no suspect identified
4906fdf4b08eed468c7d0164d56f8e0b1787364f39ca54b986084dd87b956149,2013-05,Bedfordshire Police,Bedfordshire Police,-0.431562,52.109070,On or near DE HAVILLAND AVENUE,E01017487,Bedford 019B,Investigation complete; no suspect identified
fc590c70559dc460d9656f511a415a832958dbb5863fe12a30bf719cb5452f3e,2013-05,Bedfordshire Police,Bedfordshire Police,-0.432030,52.110290,On or near SOUTH DRIVE,E01017487,Bedford 019B,Offender given penalty notice
3c0d08d17373accd1143795d342df5ea559c0f3e7e8858ed1d147dc8943d4beb,2013-05,Bedfordshire Police,Bedfordshire Police,-0.439719,52.149819,On or near BOWHILL,E01017488,Bedford 007A,Investigation complete; no suspect identified
9493308789ceafb4edd7566eae0825d8563ec4bc9bf5b1dfa765a8255c5883ab,2013-05,Bedfordshire Police,Bedfordshire Police,-0.438573,52.145398,On or near MALVERN AVENUE,E01017488,Bedford 007A,Investigation complete; no suspect identified
fd92db7e0e90491a79eda1b43b62c2e75642bf9241981f721212f03757faf185,2013-05,Bedfordshire Police,Bedfordshire Police,-0.421549,52.148615,On or near LEIGHFIELD CLOSE,E01017490,Bedford 007C,Investigation complete; no suspect identified
897a2ef1522e2643bc3b39f416b83c407947bca4a01b2065e4065800607ab3cd,2013-05,Bedfordshire Police,Bedfordshire Police,-0.422199,52.146376,On or near SHUTTLEWORTH ROAD,E01017490,Bedford 007C,Investigation complete; no suspect identified
09ddc801133a61dde1161b9d6e1fa215c045bd482ceadc5d01469e32da1e1aa4,2013-05,Bedfordshire Police,Bedfordshire Police,-0.427400,52.152632,On or near Supermarket,E01017492,Bedford 007E,Local resolution
808017edcd2a6c8a6e5d823aeb71b75551c626f490b27cd623398caa15d34915,2013-05,Bedfordshire Police,Bedfordshire Police,-0.417579,52.153417,On or near POPPYFIELDS,E01017493,Bedford 007F,Investigation complete; no suspect identified
7e342601d49dda61dbcf1856352bb856595d7ea801531d654f6f94d4908e2d69,2013-05,Bedfordshire Police,Bedfordshire Police,-0.417579,52.153417,On or near POPPYFIELDS,E01017493,Bedford 007F,Suspect charged
433e87162015fa34e1069620a0947295ba9f592121ce273d6d7f2793d1ef7239,2013-05,Bedfordshire Police,Bedfordshire Police,-0.350707,52.158481,On or near WILLOUGHBY CLOSE,E01017495,Bedford 004B,Investigation complete; no suspect identified
7cf4d8b263f41d185a028f347160cc8289c6c853c909312766eb84a137210972,2013-05,Bedfordshire Police,Bedfordshire Police,-0.351784,52.156634,On or near PYMS CLOSE,E01017495,Bedford 004B,Suspect charged
6598303d3b8412ac30bf6c3d342818f712887a6a38b5f851f12b9b0587ca663d,2013-05,Bedfordshire Police,Bedfordshire Police,-0.468806,52.143412,On or near FOSTER HILL ROAD,E01017497,Bedford 010A,Offender given a drugs possession warning
8d1b9a41822dc73cea4327bcd59cf17d66a44230e00032ed80a24f7c5fff6a89,2013-05,Bedfordshire Police,Bedfordshire Police,-0.470475,52.145448,On or near SALISBURY STREET,E01017497,Bedford 010A,Investigation complete; no suspect identified
0d4498dba4069192ad213edbdb16e94ab3919c4515a68bac94b206903b9e25ed,2013-05,Bedfordshire Police,Bedfordshire Police,-0.470475,52.145448,On or near SALISBURY STREET,E01017497,Bedford 010A,Investigation complete; no suspect identified
e58c8d9ab6df580ec46fa78a059f25653eda7537e41aadc704db9a9b2e550fe6,2013-05,Bedfordshire Police,Bedfordshire Police,-0.470475,52.145448,On or near SALISBURY STREET,E01017497,Bedford 010A,Investigation complete; no suspect identified
a868977a6ef64a985d995e4bf12917870a940f917c14aac32bfe769293cfe060,2013-05,Bedfordshire Police,Bedfordshire Police,-0.470475,52.145448,On or near SALISBURY STREET,E01017497,Bedford 010A,Investigation complete; no suspect identified
438e0a2edede2d20ecccad9cf01b50a936eb0d079f21484495c1abf91f2d444d,2013-05,Bedfordshire Police,Bedfordshire Police,-0.474493,52.142047,On or near A6,E01017500,Bedford 010D,Investigation complete; no suspect identified
af7a5ab2038d9172426cc41ea4978e67d52d7c5640f2bb704ca481caced47cdd,2013-05,Bedfordshire Police,Bedfordshire Police,-0.482538,52.140982,On or near MILTON ROAD,E01017499,Bedford 010C,Investigation complete; no suspect identified
2f4e8082d9d0addd17a3aeb25c2b810b2adb110f3f3e5dc94495e29696868996,2013-05,Bedfordshire Police,Bedfordshire Police,-0.485821,52.145430,On or near Petrol Station,E01017499,Bedford 010C,Investigation complete; no suspect identified
f3769aed6ea8656ba8443c79f572931a179bbc52e5e34c1cc76c23491fe46b27,2013-05,Bedfordshire Police,Bedfordshire Police,-0.466850,52.138639,On or near THE BROADWAY,E01017502,Bedford 010F,Investigation complete; no suspect identified
6358dcd9b73baf48481ffe18c77c1eb786fa79b415742b2219f2177475781cff,2013-05,Bedfordshire Police,Bedfordshire Police,-0.471361,52.140919,On or near TAVISTOCK STREET,E01017502,Bedford 010F,Investigation complete; no suspect identified
d08e40a75e1c0265feba66b6ba23c1bbde44bc2dcaa637269fe2e1e038214866,2013-05,Bedfordshire Police,Bedfordshire Police,-0.471139,52.139720,On or near ADELAIDE SQUARE,E01017502,Bedford 010F,Investigation complete; no suspect identified
291088b7516fb4c68553728f81bee51ad241166a5724cddc9856460c6a5c81cc,2013-05,Bedfordshire Police,Bedfordshire Police,-0.471139,52.139720,On or near ADELAIDE SQUARE,E01017502,Bedford 010F,Investigation complete; no suspect identified
77f3d91dd7751c4afa7630ff5cc2f4d486c531736c72619b499140daf87008c0,2013-05,Bedfordshire Police,Bedfordshire Police,-0.601110,52.270525,On or near Sports/Recreation Area,E01017503,Bedford 002C,Suspect charged
3766211172882093d0c98f476d59945a7c7148b0343f0fe4e74731b59c563e3d,2013-05,Bedfordshire Police,Bedfordshire Police,-0.608879,52.236272,On or near Sports/Recreation Area,E01017503,Bedford 002C,Investigation complete; no suspect identified
0ca3c288bfbe8bdb83be780a770cc5a9b59662c5a0f8c05963bbe5ef3715e546,2013-05,Bedfordshire Police,Bedfordshire Police,-0.608879,52.236272,On or near Sports/Recreation Area,E01017503,Bedford 002C,Investigation complete; no suspect identified
1a0d059f50480706c123acbea2ae85764f11a925b929462d628b70aa2a4b0aa6,2013-05,Bedfordshire Police,Bedfordshire Police,-0.608879,52.236272,On or near Sports/Recreation Area,E01017503,Bedford 002C,Investigation complete; no suspect identified
d9812c17b741dd9c52aa6203edd9af0d9f1cc92010b109b9ec7d533fdd218e2d,2013-05,Bedfordshire Police,Bedfordshire Police,-0.621953,52.253876,On or near HIGH STREET,E01017503,Bedford 002C,Investigation complete; no suspect identified
86685fab055e41c57e6122db2e77687b7ab0fc0029d005122486a016732d3905,2013-05,Bedfordshire Police,Bedfordshire Police,-0.602609,52.273168,On or near RUSHDEN ROAD,E01017503,Bedford 002C,Offender given a caution
884cc2e4859f049630b1cbedd53411ea70c4550647c2c8c15a22d207a46f93ab,2013-05,Bedfordshire Police,Bedfordshire Police,-0.608879,52.236272,On or near Sports/Recreation Area,E01017503,Bedford 002C,Investigation complete; no suspect identified
8432b0152215b1fcfbb86461b1a084d75f02fc6fb80944d1041ba394cd2ae737,2013-05,Bedfordshire Police,Bedfordshire Police,-0.624112,52.254171,On or near GOLD STREET,E01017503,Bedford 002C,Investigation complete; no suspect identified
16fd550f5137afc3991f0a968430ec27cd8b8b8bd4cfd625ff34179a4dad8a77,2013-05,Bedfordshire Police,Bedfordshire Police,-0.495290,52.117283,On or near Supermarket,E01017505,Bedford 017A,Offender given a drugs possession warning
56bc84827960fd82341b10baeac28158bf269bea271c78168a081866df7ad784,2013-05,Bedfordshire Police,Bedfordshire Police,-0.495060,52.116300,On or near CONISTON CLOSE,E01017505,Bedford 017A,Suspect charged
5b7223e26676e61b129d32428347e6af054236f8dd8fc8fd4afc78f1c5347874,2013-05,Bedfordshire Police,Bedfordshire Police,-0.495060,52.116300,On or near CONISTON CLOSE,E01017505,Bedford 017A,Suspect charged
85fc7b4bd9c40e60bef49ce84617987c74e224a38436da443e05f40f6d68ae5c,2013-05,Bedfordshire Police,Bedfordshire Police,-0.501297,52.117152,On or near MANOR DRIVE,E01017510,Bedford 016B,Offender given a drugs possession warning
0d2b260ce014a841811e0ddb0058a0ccd8c2f009098e9c32cb680b29fec12967,2013-05,Bedfordshire Police,Bedfordshire Police,-0.501770,52.116556,On or near MANOR CLOSE,E01017510,Bedford 016B,Local resolution
9e9f7728948fbb776f806772154aec7bb25bc31b21fc473efd0a8bd6e37b4d61,2013-05,Bedfordshire Police,Bedfordshire Police,-0.479278,52.127723,On or near RIVERSIDE CLOSE,E01017512,Bedford 016D,Investigation complete; no suspect identified
aedaa26ae100b0f9ee5fad8bd2fed8ac59c2420f3aaeffe97bb1baf9f29ae34f,2013-05,Bedfordshire Police,Bedfordshire Police,-0.493312,52.124846,On or near WESTMINSTER GARDENS,E01017512,Bedford 016D,Offender given a caution
05f4344d6a59269fcf98b5ba07fdb17a4552c8278b78e2c97bebe418b7383753,2013-05,Bedfordshire Police,Bedfordshire Police,-0.480680,52.127282,On or near GRANVILLE STREET,E01017512,Bedford 016D,Investigation complete; no suspect identified
9f99c7c983680f3adadf40eb2b02387e2c850644f0f620cfbc7fcddae8ba09a2,2013-05,Bedfordshire Police,Bedfordshire Police,-0.485215,52.124958,On or near MARLBOROUGH PARK,E01017512,Bedford 016D,Investigation complete; no suspect identified
504b5d48e741f372240003605fe1d0e58a880c2c0a24cb7fb71710c72900482e,2013-05,Bedfordshire Police,Bedfordshire Police,-0.505927,52.113219,On or near GALLOWAY CLOSE,E01017515,Bedford 018C,Investigation complete; no suspect identified
c60dcd4983abfe8544c745f18a2705ccf240aadf08c9a07174880bee62f585b5,2013-05,Bedfordshire Police,Bedfordshire Police,-0.505877,52.110359,On or near CARNELL CLOSE,E01017515,Bedford 018C,Investigation complete; no suspect identified
813929e5d3fe4d343122174129fa57faa89a03c9e0d0935db306bc299b3b5f3b,2013-05,Bedfordshire Police,Bedfordshire Police,-0.486636,52.108450,On or near Shopping Area,E01017516,Bedford 018D,Local resolution
0ff051d9dd3ad055b929b17500c56e89135fe0db865b1536e66e4b242974d80c,2013-05,Bedfordshire Police,Bedfordshire Police,-0.486636,52.108450,On or near Shopping Area,E01017516,Bedford 018D,Investigation complete; no suspect identified
2a2ef3f7f31b5fe7b449d4d6a045b18cb294e446162796db7f437f67dcacbd30,2013-05,Bedfordshire Police,Bedfordshire Police,-0.511982,52.111218,On or near THE HOO,E01017516,Bedford 018D,Investigation complete; no suspect identified
f9ca90ab966b6ca724f7870e416a991c863b964aa39d46bd30bbc5559348714f,2013-05,Bedfordshire Police,Bedfordshire Police,-0.511982,52.111218,On or near THE HOO,E01017516,Bedford 018D,Suspect charged
32f53d8c5671528cb539848cd529e077ab2712bc460e069a9d412bd0865a16da,2013-05,Bedfordshire Police,Bedfordshire Police,-0.511982,52.111218,On or near THE HOO,E01017516,Bedford 018D,Suspect charged
daa8ad3ba03209cb9c1ee43dbcb636a01de38d372680e3e1ad78b4a5ca9ef9fa,2013-05,Bedfordshire Police,Bedfordshire Police,-0.485354,52.108353,On or near Shopping Area,E01017516,Bedford 018D,Investigation complete; no suspect identified
465ecebbf57cc80f3234a66b9c476b07540de9c19edee8c6a6dd4d6a2d817775,2013-05,Bedfordshire Police,Bedfordshire Police,-0.485354,52.108353,On or near Shopping Area,E01017516,Bedford 018D,Investigation complete; no suspect identified
115c67421e0e9a03885e70c58ebad4686c60c892d01b17f2e1960df06280505f,2013-05,Bedfordshire Police,Bedfordshire Police,-0.500980,52.090462,On or near MANOR ROAD,E01017516,Bedford 018D,Investigation complete; no suspect identified
95081cf7768c4244e85790604d81fbb90daabb06553273b1d311f492ab3fa8f5,2013-05,Bedfordshire Police,Bedfordshire Police,,,No location,,,Investigation complete; no suspect identified
cdc7ebf6a67ba59b36b8a80bded365fedf7423f17f271571a2b5e5a9e35b9361,2013-05,Bedfordshire Police,Bedfordshire Police,-0.458684,52.124183,On or near DENTS ROAD,E01017518,Bedford 014A,Investigation complete; no suspect identified
0f46ef4fded37e92e4c5237156e2f22756be60110cc4bf41f33b5b6579424a2e,2013-05,Bedfordshire Police,Bedfordshire Police,-0.456979,52.123234,On or near BROOK STREET,E01017518,Bedford 014A,Investigation complete; no suspect identified
b0828d527ce3c4235c9b55ee250d05b56b8b921ff9283f37978fe9f97784c209,2013-05,Bedfordshire Police,Bedfordshire Police,-0.450650,52.119555,On or near MILE ROAD,E01017518,Bedford 014A,Investigation complete; no suspect identified
e74e289f2407ef7ea83b8eb1578552c056d5e285060a5eccbc613992f1c1abb3,2013-05,Bedfordshire Police,Bedfordshire Police,-0.451338,52.127521,On or near COLLIE ROAD,E01017519,Bedford 014B,Investigation complete; no suspect identified
64aa635d2ee00dff8308cdfe246cb10a46ae6cb1744068d9a61dbb91ecd5d1d0,2013-05,Bedfordshire Police,Bedfordshire Police,-0.450584,52.126927,On or near CARTER CLOSE,E01017519,Bedford 014B,Investigation complete; no suspect identified
0e56edb764329ddfee5006557d258879a5dca0fe5f5db11930ec1bed77ce245a,2013-05,Bedfordshire Police,Bedfordshire Police,-0.450584,52.126927,On or near CARTER CLOSE,E01017519,Bedford 014B,Investigation complete; no suspect identified
25e67e347d237e595df1810233c2f4b2274816ca4ed28297f8634005fcfff915,2013-05,Bedfordshire Police,Bedfordshire Police,-0.444822,52.125017,On or near GOODMAYES CLOSE,E01017519,Bedford 014B,Suspect charged
0ee9b393a82b6bed8122dd72f172e9240404aae95ad62b3b050977f0a0496a6c,2013-05,Bedfordshire Police,Bedfordshire Police,-0.444473,52.124104,On or near DUNHAM CLOSE,E01017519,Bedford 014B,Investigation complete; no suspect identified
7f5645143003d27822e1f9d6c5830f03be291d04e2152ed231370b104e96f8a2,2013-05,Bedfordshire Police,Bedfordshire Police,-0.443411,52.117706,On or near VIOLET CLOSE,E01017520,Bedford 014C,Investigation complete; no suspect identified
6e7693569a137bfec3dff63bde844103a333c98943a8b945b9bf0d84087e8483,2013-05,Bedfordshire Police,Bedfordshire Police,-0.446691,52.118316,On or near MEADOWSWEET DRIVE,E01017520,Bedford 014C,Investigation complete; no suspect identified
50cf86ab7c544665c85b7dca4d3479e241e1038c75bcf171c8ee2f0f9d92ef78,2013-05,Bedfordshire Police,Bedfordshire Police,-0.465794,52.133653,On or near Parking Area,E01017522,Bedford 014E,Investigation complete; no suspect identified
8d52ee9e9042bf105cdcec03a6f7a49e021ce7a1ce76602df4dd8202d9924efd,2013-05,Bedfordshire Police,Bedfordshire Police,-0.454860,52.128736,On or near NICHOLLS ROAD,E01017522,Bedford 014E,Offender given a caution
7c38eaa81559e9ed5656472f97270e6ddebfb2040deab86d1e0fc6bb654d6b53,2013-05,Bedfordshire Police,Bedfordshire Police,-0.466065,52.133864,On or near ST MARY'S STREET,E01017522,Bedford 014E,Investigation complete; no suspect identified
0f99c98da118d5f87756b548b015b7c3878a3052c3d4b4a4622c39f127d60013,2013-05,Bedfordshire Police,Bedfordshire Police,-0.461478,52.127033,On or near VULCAN STREET,E01017522,Bedford 014E,Investigation complete; no suspect identified
2cc0bdc04a27b265170649e0b661580cbd77ef91fab77806e0c9350ea03d84a7,2013-05,Bedfordshire Police,Bedfordshire Police,-0.465794,52.133653,On or near Parking Area,E01017522,Bedford 014E,Investigation complete; no suspect identified
b93f4402b749a029d4a48bf633ef330c4a25d548a356f31b60ca09dad2009e40,2013-05,Bedfordshire Police,Bedfordshire Police,-0.456428,52.128190,On or near COOMBS CLOSE,E01017522,Bedford 014E,Investigation complete; no suspect identified
e8ec5f582b049d6063e01d9b6a50f453f5a6cc27ca0e766dc064d16a9abd5685,2013-05,Bedfordshire Police,Bedfordshire Police,-0.461294,52.130681,On or near ROPE WALK,E01017522,Bedford 014E,Suspect charged
c9654893ec1cd4e2a51d5179a2f25bc04f7421de660c1b95480d3cba2c1d42ce,2013-05,Bedfordshire Police,Bedfordshire Police,-0.456960,52.126741,On or near FALDO ROAD,E01017523,Bedford 014F,Investigation complete; no suspect identified
4d7db09764aa7a68d5e189b87899a7e334d5fc38d15f25e3b43ccc4e5efeab4e,2013-05,Bedfordshire Police,Bedfordshire Police,-0.452864,52.127316,On or near HARDING CLOSE,E01017523,Bedford 014F,Investigation complete; no suspect identified
ed1b25558ebc88b1136acfe271689b7f4c979efda2ad7d620d394b2c2bb18b3e,2013-05,Bedfordshire Police,Bedfordshire Police,-0.444051,52.138763,On or near ROSAMOND ROAD,E01017524,Bedford 011A,Offender given a caution
0e170e167b5b803e1a1dadb63b7072dce41cac70c02d2132068102995ce8202d,2013-05,Bedfordshire Police,Bedfordshire Police,-0.437587,52.133463,On or near MAIA CLOSE,E01017524,Bedford 011A,Investigation complete; no suspect identified
86ff37c55788575f0b0013d2a96a69c637120bcbf5a6d21353d4e076d4b3f7db,2013-05,Bedfordshire Police,Bedfordshire Police,-0.437587,52.133463,On or near MAIA CLOSE,E01017524,Bedford 011A,Investigation complete; no suspect identified
22ded9c410ff27b19d397125a0c8a0b5c2da2ae37c275f95bf7a616127bdb088,2013-05,Bedfordshire Police,Bedfordshire Police,-0.434865,52.141087,On or near QUEEN ALEXANDRA ROAD,E01017525,Bedford 011B,Investigation complete; no suspect identified
7ddb7a56b453836f7443e2492af3412ecada354f23552072c6051463402be224,2013-05,Bedfordshire Police,Bedfordshire Police,-0.432862,52.154862,On or near RAGLAN GREEN,E01017531,Bedford 006C,Investigation complete; no suspect identified
80ddf842e60cfc928721557ea783b5487006ee70c79a70b0b8d8b392b31fa806,2013-05,Bedfordshire Police,Bedfordshire Police,-0.442306,52.151903,On or near BRAESIDE,E01017532,Bedford 006D,Investigation complete; no suspect identified
82e5c952e6ca2c3431b72a6355231b8b58158347b3d26529f95c7ac1ee512cb5,2013-05,Bedfordshire Police,Bedfordshire Police,-0.434922,52.158648,On or near Pedestrian Subway,E01017533,Bedford 006E,Local resolution
f25e41af6c52f2519f8553b1be8ca3791f9e62645fdf1c5e31b3128dfa1785bc,2013-05,Bedfordshire Police,Bedfordshire Police,-0.434922,52.158648,On or near Pedestrian Subway,E01017533,Bedford 006E,Investigation complete; no suspect identified
f25e41af6c52f2519f8553b1be8ca3791f9e62645fdf1c5e31b3128dfa1785bc,2013-05,Bedfordshire Police,Bedfordshire Police,-0.434922,52.158648,On or near Pedestrian Subway,E01017533,Bedford 006E,Suspect charged as part of another case
133195d54f7ac3a6163c751cfa07080a84ee555d5116d58051aca262f30f025f,2013-05,Bedfordshire Police,Bedfordshire Police,-0.434922,52.158648,On or near Pedestrian Subway,E01017533,Bedford 006E,Investigation complete; no suspect identified
0fce5105221cbab66849f0c074a6679457c240b79099b337ff8d58a3dd17df7e,2013-05,Bedfordshire Police,Bedfordshire Police,-0.434922,52.158648,On or near Pedestrian Subway,E01017533,Bedford 006E,Investigation complete; no suspect identified
a59d4bbaafe324d3bbaaa2ef10fdd9fd479f8cfe4c74bc5da6795188ad6730b8,2013-05,Bedfordshire Police,Bedfordshire Police,-0.483799,52.133976,On or near IDDESLEIGH ROAD,E01017536,Bedford 013B,Investigation complete; no suspect identified
2bfc367533d4b5f9eded29615a77005f684c0a7beaf022620b95749285eb2c2d,2013-05,Bedfordshire Police,Bedfordshire Police,-0.483799,52.133976,On or near IDDESLEIGH ROAD,E01017536,Bedford 013B,Suspect charged
a26f74df6f15cdc8a9ef0eda18e3d737f7f249590d3e3b3f7cbb05c5ef697e14,2013-05,Bedfordshire Police,Bedfordshire Police,-0.481810,52.136603,On or near CROWE ROAD,E01017536,Bedford 013B,Investigation complete; no suspect identified
5f9cbd84ff7de18147b30b71f1c4c1a7d5df4b147b67968488ae6ad393874674,2013-05,Bedfordshire Police,Bedfordshire Police,-0.493795,52.131299,On or near ORMESBY WAY,E01017537,Bedford 013C,Investigation complete; no suspect identified
1e3e672d120c90053371a0dfdc8c2e97f7becbd768d5aeac5368198c65d29b6b,2013-05,Bedfordshire Police,Bedfordshire Police,-0.495030,52.133239,On or near Sports/Recreation Area,E01017537,Bedford 013C,Investigation complete; no suspect identified
1671a93ed8b82e16c45b9c9dee34d62fc8cc95195fa0b9512d7d1e156b56729d,2013-05,Bedfordshire Police,Bedfordshire Police,-0.495030,52.133239,On or near Sports/Recreation Area,E01017537,Bedford 013C,Investigation complete; no suspect identified
2c24d575b0dc3ced9707366e030c61493babce64262387b0d2b9b1db85784ffd,2013-05,Bedfordshire Police,Bedfordshire Police,-0.491328,52.130818,On or near WINGFIELD CLOSE,E01017538,Bedford 013D,Investigation complete; no suspect identified
511912c67287a9abb8484aab5ec9b8138e4dfc126d936d813f30c8de0359e376,2013-05,Bedfordshire Police,Bedfordshire Police,-0.489503,52.131190,On or near OUSELAND ROAD,E01017538,Bedford 013D,Suspect charged
fd2610fb5c8bb60f64b4bab878046d0718d58f7e75de7d2e45fd13965c185471,2013-05,Bedfordshire Police,Bedfordshire Police,-0.483478,52.132246,On or near Further/Higher Educational Building,E01017538,Bedford 013D,Investigation complete; no suspect identified
ae3988c9bfad0cc1965c880ab78dad84384d1b445b63be7f38d5f70e9c2aa58d,2013-05,Bedfordshire Police,Bedfordshire Police,-0.482722,52.132128,On or near LAWRENCE STREET,E01017538,Bedford 013D,Investigation complete; no suspect identified
05ba6ec2a49ff3e2a1f28c3384aa77ac9297956a91503803c585dcca7bf5da5a,2013-05,Bedfordshire Police,Bedfordshire Police,-0.484860,52.134547,On or near COVENTRY ROAD,E01017539,Bedford 013E,Investigation complete; no suspect identified
e47823903fee3700b459cee0d71c7128ece108ab9cad114332e271ed0cb8d07e,2013-05,Bedfordshire Police,Bedfordshire Police,-0.484860,52.134547,On or near COVENTRY ROAD,E01017539,Bedford 013E,Investigation complete; no suspect identified
1c66bd0e6d10f6c02a075bdfc08e847419196ba044751eb26889f42c8c0a1662,2013-05,Bedfordshire Police,Bedfordshire Police,-0.415247,52.216604,On or near THURLEIGH ROAD,E01017540,Bedford 001A,Investigation complete; no suspect identified
5cdc5df41ff7538b3315363614823d0638a38a37bc808cbd928c5028206386dd,2013-05,Bedfordshire Police,Bedfordshire Police,-0.472054,52.301536,On or near SHELTON ROAD,E01017540,Bedford 001A,Investigation complete; no suspect identified
56bebfe8b04942b4e9d3c5e510ec0502388ae46f3b10a83bbf3426188c9396b5,2013-05,Bedfordshire Police,Bedfordshire Police,-0.413229,52.237895,On or near Sports/Recreation Area,E01017540,Bedford 001A,Investigation complete; no suspect identified
890913b35258cddef6bbebe8893401ba4b93432cf8335fe3fb07bc893cda233b,2013-05,Bedfordshire Police,Bedfordshire Police,-0.467375,52.259074,On or near Petrol Station,E01017541,Bedford 001B,Local resolution
890913b35258cddef6bbebe8893401ba4b93432cf8335fe3fb07bc893cda233b,2013-05,Bedfordshire Police,Bedfordshire Police,-0.467375,52.259074,On or near Petrol Station,E01017541,Bedford 001B,Local resolution
890913b35258cddef6bbebe8893401ba4b93432cf8335fe3fb07bc893cda233b,2013-05,Bedfordshire Police,Bedfordshire Police,-0.467375,52.259074,On or near Petrol Station,E01017541,Bedford 001B,Local resolution
3f810ce525cb524c07aa0ea66b440e292074fe93f26f7d6fb24b3a7f29abf486,2013-05,Bedfordshire Police,Bedfordshire Police,-0.397169,52.182831,On or near HIGH STREET,E01017542,Bedford 004D,Investigation complete; no suspect identified
9173864d4c76909f6d0386c5e4cade622fa89048f87538d9a41318a492874ecc,2013-05,Bedfordshire Police,Bedfordshire Police,-0.267155,52.207832,On or near BARFORD ROAD,E01017542,Bedford 004D,Investigation complete; no suspect identified
21f3eb076cd3bcb2b5b14306262293bdcb9838aef3ea3a6fddf25ceee57942c1,2013-05,Bedfordshire Police,Bedfordshire Police,-0.377268,52.244895,On or near MOOR ROAD,E01017543,Bedford 004E,Investigation complete; no suspect identified
932c61f17e8f7e8773598e6de4ab4b531732683cb5d4cc445e75cdc0c3b585e1,2013-05,Bedfordshire Police,Bedfordshire Police,-0.449231,52.077088,On or near LUTON ROAD,E01017549,Bedford 019D,Investigation complete; no suspect identified
7452c4c48f048b5482e86b98ea3fdecd401a2bd4eedf7671d6b3667c31fe5ed3,2013-05,Bedfordshire Police,Bedfordshire Police,-0.480915,52.106210,On or near AMPTHILL ROAD,E01017550,Bedford 019E,Investigation complete; no suspect identified
ff0e7496526c464e02c33d28674a4269eabf9d95479735d3c56bb2cb4c56c442,2013-05,Bedfordshire Police,Bedfordshire Police,-0.463623,52.113961,On or near TITCHFIELD DRIVE,E01017550,Bedford 019E,Investigation complete; no suspect identified
d82efcd5460b770dd62da92c098500eec4732bfe796a44d70c27dd8f647acfa5,2013-05,Bedfordshire Police,Bedfordshire Police,-0.527291,52.094228,On or near PAYNE ROAD,E01017551,Bedford 020A,Investigation complete; no suspect identified
66e071b0a7d30191193a5030a8a9f309d9a570299564d304a42575db46dd0ebc,2013-05,Bedfordshire Police,Bedfordshire Police,-0.488744,52.084965,On or near AMPTHILL ROAD,E01017552,Bedford 020B,Investigation complete; no suspect identified
6a86e2e94e78a8bb8e61cdf33fd577171dab1a40ba56b33489973a455131dcab,2013-05,Bedfordshire Police,Bedfordshire Police,-0.528174,52.101990,On or near HALEGATE,E01017553,Bedford 020C,Investigation complete; no suspect identified
3beeccb2ea0511ec32ff02a1164e698d4d378f65408b0802877461cd5011583e,2013-05,Bedfordshire Police,Bedfordshire Police,-0.528607,52.100359,On or near MEPHAM ROAD,E01017553,Bedford 020C,Investigation complete; no suspect identified
405fbed2252dd157442f22cf82691318e79b9bfa69ddf36421ec2492b555b547,2013-05,Bedfordshire Police,Bedfordshire Police,-0.664630,51.915463,On or near CHURCH SQUARE,E01017555,Central Bedfordshire 021A,Offender given a caution
b18edc272ffceb348f7a990b151fb0454425907d61c57147a3dad847d70937d6,2013-05,Bedfordshire Police,Bedfordshire Police,-0.659876,51.915930,On or near LAKE STREET,E01017555,Central Bedfordshire 021A,Local resolution
9c1fc8bfb5da64266ca56100c1cc0a850b4c9ebc89a6695e14926db6f4623098,2013-05,Bedfordshire Police,Bedfordshire Police,-0.664040,51.914755,On or near PULFORD ROAD,E01017555,Central Bedfordshire 021A,Investigation complete; no suspect identified
9177e3275722f742d70d20e5efd657d7235daf2184c83d8900cd9a7a4557dbde,2013-05,Bedfordshire Police,Bedfordshire Police,-0.664074,51.917057,On or near Supermarket,E01017555,Central Bedfordshire 021A,Investigation complete; no suspect identified
511dce789feef806feb0119a40484e92708c1a2a887d2c8495378f09d5aab127,2013-05,Bedfordshire Police,Bedfordshire Police,-0.662906,51.919157,On or near DOGGETT STREET,E01017555,Central Bedfordshire 021A,Investigation complete; no suspect identified
926260bbd1203b3876871af8965a11385fef73e4d4d98899aa7cd4284a2508e1,2013-05,Bedfordshire Police,Bedfordshire Police,-0.660194,51.914028,On or near GROVE PLACE,E01017555,Central Bedfordshire 021A,Investigation complete; no suspect identified
c455a2d74bae0c047f89065b146a570c1ff71c3f0839759c798976b765bf92ec,2013-05,Bedfordshire Police,Bedfordshire Police,-0.660194,51.914028,On or near GROVE PLACE,E01017555,Central Bedfordshire 021A,Investigation complete; no suspect identified
052d6c12b3578f1f9294125e34210ff0fc52dd2e5d919734f54cef34e7b2164d,2013-05,Bedfordshire Police,Bedfordshire Police,-0.662798,51.916449,On or near Shopping Area,E01017555,Central Bedfordshire 021A,Investigation complete; no suspect identified
48e091bccac633c8af80f4c20cabba075dbe55be96d2a33cc08105d8a310cab2,2013-05,Bedfordshire Police,Bedfordshire Police,-0.661077,51.916601,On or near MARKET SQUARE,E01017555,Central Bedfordshire 021A,Investigation complete; no suspect identified
5d0d46adbcc13e565db0d05f01450ffcb48cce15966333bb9cb8573b85cbf6d3,2013-05,Bedfordshire Police,Bedfordshire Police,-0.664630,51.915463,On or near CHURCH SQUARE,E01017555,Central Bedfordshire 021A,Suspect charged
47bf3ac2e2c10c19278f6bd3df06d5fbf5ec42d3dc6e270495ab562ecede801a,2013-05,Bedfordshire Police,Bedfordshire Police,-0.669472,51.918404,On or near Supermarket,E01017557,Central Bedfordshire 021C,Investigation complete; no suspect identified
0dd4b92f5b7e60e07eb20f569c5b4a5eb0598512ee5ed2b932017130ca199c6c,2013-05,Bedfordshire Police,Bedfordshire Police,-0.665717,51.916069,On or near BRIDGE STREET,E01017557,Central Bedfordshire 021C,Investigation complete; no suspect identified
28f17b76bd91b9f6036b4c808cd5569e632d75865594a6489c3a488a63ef30a8,2013-05,Bedfordshire Police,Bedfordshire Police,-0.669472,51.918404,On or near Supermarket,E01017557,Central Bedfordshire 021C,Investigation complete; no suspect identified
23d6246a62e80b61455e221d3e8ac4b34b95c1272d36d932bddda172a5f80efb,2013-05,Bedfordshire Police,Bedfordshire Police,-0.432536,51.965391,On or near SHARPENHOE ROAD,E01017558,Central Bedfordshire 018A,Investigation complete; no suspect identified
af44e6858add0f5efd330b250bcbf9116fa94964fb5df4d6d9dd8d76c7d6d935,2013-05,Bedfordshire Police,Bedfordshire Police,-0.422767,51.971231,On or near NORMAN ROAD,E01017560,Central Bedfordshire 018C,Investigation complete; no suspect identified
f793a07f72f64c9be7856884258657b07203c847a3dc873f592d492acd8a707c,2013-05,Bedfordshire Police,Bedfordshire Police,-0.461964,51.862124,On or near SUTTON GARDENS,E01017561,Central Bedfordshire 033A,Investigation complete; no suspect identified
8986bcc10871d9bf3c6b33993b9702a3c01bc95be67da9e631c7f910b144f79a,2013-05,Bedfordshire Police,Bedfordshire Police,-0.462952,51.859970,On or near MILLFIELD WAY,E01017561,Central Bedfordshire 033A,Investigation complete; no suspect identified
4d17d46fc1176f681de69fb1c18537b07bc4e6a927a8bf3998f3404fc9852967,2013-05,Bedfordshire Police,Bedfordshire Police,-0.525601,51.882585,On or near BENNETTS CLOSE,E01017565,Central Bedfordshire 029A,Investigation complete; no suspect identified
310c79126056c862a03905886c8602efa0a942e81388d1404cfffbd899fc1c6a,2013-05,Bedfordshire Police,Bedfordshire Police,-0.529946,51.877217,On or near ULVERSTON ROAD,E01017565,Central Bedfordshire 029A,Investigation complete; no suspect identified
64f5d52f8427ea4ec86c8a5924d52ef4d149d73332c8731dd057b62cb22407b4,2013-05,Bedfordshire Police,Bedfordshire Police,-0.522820,51.884088,On or near Parking Area,E01017565,Central Bedfordshire 029A,Investigation complete; no suspect identified
8e71bf294ca8ea7cbd4096af361a26176ca01bf26368443880ae88dfd721a039,2013-05,Bedfordshire Police,Bedfordshire Police,-0.519473,51.884711,On or near THE SQUARE,E01017565,Central Bedfordshire 029A,Investigation complete; no suspect identified
b8bf1e61e7035c263b862dce5dca364e75229dee800545df7e5aaa02eac6e61e,2013-05,Bedfordshire Police,Bedfordshire Police,-0.520593,51.884653,On or near Parking Area,E01017565,Central Bedfordshire 029A,Investigation complete; no suspect identified
85df7a0c478bde943db44eeb420128c1d7e8321e4f15f80b6110fe89c91e77a4,2013-05,Bedfordshire Police,Bedfordshire Police,-0.530670,51.878198,On or near HURLOCK CLOSE,E01017565,Central Bedfordshire 029A,Local resolution
53fbdb4d5a176c9720872a51888ca1d3859ab50e0bd4acab7799bbf9e2446db7,2013-05,Bedfordshire Police,Bedfordshire Police,-0.543688,51.881300,On or near COOMBE DRIVE,E01017566,Central Bedfordshire 028A,Suspect charged
dab74e152c8bc920f5c651aa041bdbb4ae9b95f32d62a67c2618b575a270db19,2013-05,Bedfordshire Police,Bedfordshire Police,-0.538608,51.881587,On or near Petrol Station,E01017566,Central Bedfordshire 028A,Investigation complete; no suspect identified
71e5c2e171f39defc6b2a75253086621089c289b7efe68080b5723f08128437d,2013-05,Bedfordshire Police,Bedfordshire Police,-0.538608,51.881587,On or near Petrol Station,E01017566,Central Bedfordshire 028A,Investigation complete; no suspect identified
7a8ac25d29f3e68ca5b53494d7272ae487e5266cd11cd4ce2b2b434b764a145e,2013-05,Bedfordshire Police,Bedfordshire Police,-0.538608,51.881587,On or near Petrol Station,E01017566,Central Bedfordshire 028A,Investigation complete; no suspect identified
4ffb856ca82cabec830527d40aa167b8e7305f0cff38de4569c55f1aa5c4bd34,2013-05,Bedfordshire Police,Bedfordshire Police,-0.537008,51.881639,On or near WESTDOWN GARDENS,E01017567,Central Bedfordshire 029B,Investigation complete; no suspect identified
f0fb01b02af54cb466c52bc05f650420cd95f8909e604e05b99f745b59789ec2,2013-05,Bedfordshire Police,Bedfordshire Police,-0.532691,51.878573,On or near SPOONDELL,E01017567,Central Bedfordshire 029B,Investigation complete; no suspect identified
f1e4439cec1cbc1dcd70dc8246cb9e57d90366f44ccdbfbe30c9ed64f3947461,2013-05,Bedfordshire Police,Bedfordshire Police,-0.523518,51.884969,On or near Police Station,E01017567,Central Bedfordshire 029B,Suspect charged
fa1df88f35aead1b4cad627ccc766021ed59365f52fa412b3cc989a23835102a,2013-05,Bedfordshire Police,Bedfordshire Police,-0.535645,51.880669,On or near PIPERS CROFT,E01017567,Central Bedfordshire 029B,Local resolution
e781e80e89c20609fa062290ba49588a4417046ffd2d8bac26285a717240eb67,2013-05,Bedfordshire Police,Bedfordshire Police,-0.533532,51.882208,On or near CATCHACRE,E01017567,Central Bedfordshire 029B,Investigation complete; no suspect identified
c82ae6e3584d8922ad47ead6895096b48d90fc4db171ee57b371fd93b2912c7c,2013-05,Bedfordshire Police,Bedfordshire Police,-0.522952,51.886274,On or near Parking Area,E01017568,Central Bedfordshire 029C,Offender given penalty notice
a63cd24fab4b2bfa35bf9e53559232dddae236f5ac6ad582794682d4d159f311,2013-05,Bedfordshire Police,Bedfordshire Police,-0.523806,51.887274,On or near MANCHESTER PLACE,E01017568,Central Bedfordshire 029C,Investigation complete; no suspect identified
ffacb7dd87ada0e9b3cc3b0468cd6a68be973a75077874f4f57d115914fc3498,2013-05,Bedfordshire Police,Bedfordshire Police,-0.520266,51.887086,On or near Nightclub,E01017568,Central Bedfordshire 029C,Investigation complete; no suspect identified
29bab17e80152ad0fbcfc2fc60a981b9ce3d2c916d0fee405057148bf1723398,2013-05,Bedfordshire Police,Bedfordshire Police,-0.522952,51.886274,On or near Parking Area,E01017568,Central Bedfordshire 029C,Investigation complete; no suspect identified
c33264edb10d4530a461c03a7f405775630ecb41b0ed975cb8832806cf5e48d3,2013-05,Bedfordshire Police,Bedfordshire Police,-0.522594,51.887888,On or near QUEENSWAY,E01017568,Central Bedfordshire 029C,Suspect charged
c44ccc84577612683def50414965e44cda238d6de5d03a4740b55cf90f0017ee,2013-05,Bedfordshire Police,Bedfordshire Police,-0.529126,51.892124,On or near Petrol Station,E01017568,Central Bedfordshire 029C,Investigation complete; no suspect identified
834bbc79594ea7bdea174e9d38c1547a2821ddef51f07cb43e0f41dd4398590e,2013-05,Bedfordshire Police,Bedfordshire Police,-0.527098,51.889240,On or near SANDLAND CLOSE,E01017568,Central Bedfordshire 029C,Investigation complete; no suspect identified
032acd2634a590a1d30f68d8b210a94b57b83a18757b1604427e9ef29ff3c2fb,2013-05,Bedfordshire Police,Bedfordshire Police,-0.522594,51.887888,On or near QUEENSWAY,E01017568,Central Bedfordshire 029C,Investigation complete; no suspect identified
9fa70b8798ebf5b99b7e53f3d62306b891f84d922093bbda6e77bbcdc6d64924,2013-05,Bedfordshire Police,Bedfordshire Police,-0.525182,51.891409,On or near PRINTERS WAY,E01017568,Central Bedfordshire 029C,Investigation complete; no suspect identified
6642e694b349e5ac84acddecd94277163745cf57e41176e128d2283eac2d0934,2013-05,Bedfordshire Police,Bedfordshire Police,-0.529225,51.889967,On or near WATERLOW ROAD,E01017568,Central Bedfordshire 029C,Investigation complete; no suspect identified
bc903de6fa46bccabd9d26c1c61c5af5ac60697850da1ff3b551107716d490a6,2013-05,Bedfordshire Police,Bedfordshire Police,-0.523901,51.885243,On or near VICTORIA STREET,E01017569,Central Bedfordshire 029D,Investigation complete; no suspect identified
1ff924786f02aaa68b430c0623ad1701941bde909a75c92a118b967dc6a5b260,2013-05,Bedfordshire Police,Bedfordshire Police,-0.524895,51.887737,On or near Parking Area,E01017569,Central Bedfordshire 029D,Investigation complete; no suspect identified
75e31f6c8a08b1fafec737ade1d5dff45ff91080d877f8ecf085250a6baa4003,2013-05,Bedfordshire Police,Bedfordshire Police,-0.526958,51.885965,On or near SUGDEN COURT,E01017569,Central Bedfordshire 029D,Investigation complete; no suspect identified
dceed9e95b476158df8f747ed41401cca6a65a060854ffbb35aa625094ec5964,2013-05,Bedfordshire Police,Bedfordshire Police,-0.514486,51.888757,On or near Shopping Area,E01017570,Central Bedfordshire 029E,Investigation complete; no suspect identified
476f389d7640041361ea10e284aa9c5f31eefd4427cb6bbc7524518a10e3ec38,2013-05,Bedfordshire Police,Bedfordshire Police,-0.521693,51.890107,On or near Theatre/Concert Hall,E01017570,Central Bedfordshire 029E,Suspect charged
676199867d531b98185ffb6f46ac958057637d9fa7f77513ce033d5e589baa00,2013-05,Bedfordshire Police,Bedfordshire Police,-0.514486,51.888757,On or near Shopping Area,E01017570,Central Bedfordshire 029E,Investigation complete; no suspect identified
30c8d55b59aeaed68b7f232d409a83daeb6676236138868d9818afe852ff8aa0,2013-05,Bedfordshire Police,Bedfordshire Police,-0.521693,51.890107,On or near Theatre/Concert Hall,E01017570,Central Bedfordshire 029E,Local resolution
69ee99535998084861f66b43e98310e8d8cfdab1b7e09723fe2bae232b6f4936,2013-05,Bedfordshire Police,Bedfordshire Police,-0.521693,51.890107,On or near Theatre/Concert Hall,E01017570,Central Bedfordshire 029E,Investigation complete; no suspect identified
627931bac4a83e2912b4879466a965f98ddcd20e381b7249046893ebb0935cae,2013-05,Bedfordshire Police,Bedfordshire Police,-0.521693,51.890107,On or near Theatre/Concert Hall,E01017570,Central Bedfordshire 029E,Suspect charged
64de67a15ac13663c36eed4011bba0d6ccdaf56545702d35e342944237e63205,2013-05,Bedfordshire Police,Bedfordshire Police,-0.519971,51.885455,On or near Shopping Area,E01017570,Central Bedfordshire 029E,Suspect charged
64de67a15ac13663c36eed4011bba0d6ccdaf56545702d35e342944237e63205,2013-05,Bedfordshire Police,Bedfordshire Police,-0.519971,51.885455,On or near Shopping Area,E01017570,Central Bedfordshire 029E,Suspect charged
64de67a15ac13663c36eed4011bba0d6ccdaf56545702d35e342944237e63205,2013-05,Bedfordshire Police,Bedfordshire Police,-0.519971,51.885455,On or near Shopping Area,E01017570,Central Bedfordshire 029E,Suspect charged
c9886f0e1649ecb7b5c8093e12c371d3f668f239ee37af1ecda2bf2154baa14b,2013-05,Bedfordshire Police,Bedfordshire Police,-0.516177,51.886827,On or near CHURCH STREET,E01017570,Central Bedfordshire 029E,Suspect charged
c9886f0e1649ecb7b5c8093e12c371d3f668f239ee37af1ecda2bf2154baa14b,2013-05,Bedfordshire Police,Bedfordshire Police,-0.516177,51.886827,On or near CHURCH STREET,E01017570,Central Bedfordshire 029E,Suspect charged
6eb8a49b468b382b80ccafd1b9868384b1b4f9b39ad3a9fbadd9a6c9551202a1,2013-05,Bedfordshire Police,Bedfordshire Police,-0.518530,51.884663,On or near WOOD STREET,E01017570,Central Bedfordshire 029E,Investigation complete; no suspect identified
811d140ab2f1c780828921d34348c56fe1d81f70db8fedd390115ba0abf3c385,2013-05,Bedfordshire Police,Bedfordshire Police,-0.518530,51.884663,On or near WOOD STREET,E01017570,Central Bedfordshire 029E,Offender given a caution
2620c5f823a08bf2a3f44b3c923e2a913e71cef791cc7b2bd32594eabca6be47,2013-05,Bedfordshire Police,Bedfordshire Police,-0.514874,51.885804,On or near PRIORY ROAD,E01017570,Central Bedfordshire 029E,Investigation complete; no suspect identified
3eb8727d37f1a2c349e94e1adf82303a0a28f799d6ac58887dd389d0b597d05e,2013-05,Bedfordshire Police,Bedfordshire Police,-0.521693,51.890107,On or near Theatre/Concert Hall,E01017570,Central Bedfordshire 029E,Local resolution
bff81bca4812f1fcff2991fb2351f0d2edd85b45a749dc589780231a882074f2,2013-05,Bedfordshire Police,Bedfordshire Police,-0.521693,51.890107,On or near Theatre/Concert Hall,E01017570,Central Bedfordshire 029E,Suspect charged
0f8f6b576e4ee5116a28d5e7f5d278b8f9171c6eab3e2edb4a877875b8dc3853,2013-05,Bedfordshire Police,Bedfordshire Police,-0.521693,51.890107,On or near Theatre/Concert Hall,E01017570,Central Bedfordshire 029E,Investigation complete; no suspect identified
0b968d5eeaa8ad41947f0a6bb12c9b96af3f0002ccacbc600033e7c3ff39518b,2013-05,Bedfordshire Police,Bedfordshire Police,-0.521693,51.890107,On or near Theatre/Concert Hall,E01017570,Central Bedfordshire 029E,Local resolution
0b968d5eeaa8ad41947f0a6bb12c9b96af3f0002ccacbc600033e7c3ff39518b,2013-05,Bedfordshire Police,Bedfordshire Police,-0.521693,51.890107,On or near Theatre/Concert Hall,E01017570,Central Bedfordshire 029E,Local resolution
654922d1a7e87d38b5c7430afe4ed642bcf8a06c794b083f1203c3ccc0eaafef,2013-05,Bedfordshire Police,Bedfordshire Police,-0.521693,51.890107,On or near Theatre/Concert Hall,E01017570,Central Bedfordshire 029E,Suspect charged
a237e7920b7ffd23cd269c621abaa9e3f0a7bb87655a43b828fa6e27874172d3,2013-05,Bedfordshire Police,Bedfordshire Police,-0.594462,51.877700,On or near ROSE COURT,E01017571,Central Bedfordshire 032A,Investigation complete; no suspect identified
010b08af35c9b561693d48b164017f3bd3cdcc4cc30a03693a1219d8f0e54b4d,2013-05,Bedfordshire Police,Bedfordshire Police,-0.653697,51.914943,On or near STEPPINGSTONE PLACE,E01017575,Central Bedfordshire 024C,Suspect charged
bbc27ea83c5c9232ff7359c96e56cc2527ef62f5a48b63350b5b9f21c3bc04fb,2013-05,Bedfordshire Police,Bedfordshire Police,-0.652866,51.915994,On or near SOUTH STREET,E01017575,Central Bedfordshire 024C,Investigation complete; no suspect identified
ee33380d87833f617af72d6a21f216191ceef61d90ee8697c7acb2c33e6b034f,2013-05,Bedfordshire Police,Bedfordshire Police,-0.662724,51.907673,On or near GROVEBURY ROAD,E01017575,Central Bedfordshire 024C,Investigation complete; no suspect identified
8dbc4a06eb96aee5eec2a7e035eb81eeb256d7c979d3004ef2c15bc8a84b9762,2013-05,Bedfordshire Police,Bedfordshire Police,-0.653697,51.914943,On or near STEPPINGSTONE PLACE,E01017575,Central Bedfordshire 024C,Investigation complete; no suspect identified
59d12a1db0eefba798700cebe0359f4c33d63f8a9b5b539551e60cc62053d504,2013-05,Bedfordshire Police,Bedfordshire Police,-0.660839,51.909459,On or near ENTERPRISE WAY,E01017575,Central Bedfordshire 024C,Suspect charged
842e2f966d44ad03e38649fcf472d2ffc3fa3fcaa0221e0e4b392cab340b988e,2013-05,Bedfordshire Police,Bedfordshire Police,-0.585428,51.931316,On or near MANOR AVENUE,E01017577,Central Bedfordshire 019A,Investigation complete; no suspect identified
1180b1c50d109e066fa8f75c4795c124558b2e92b7a8bb46400374bc5fbc2ea8,2013-05,Bedfordshire Police,Bedfordshire Police,-0.656139,51.949543,On or near REACH GREEN,E01017577,Central Bedfordshire 019A,Investigation complete; no suspect identified
f647f7e419b460bb2707bae56c5921ae437f2d3d65ed5dcddf32f44320253f15,2013-05,Bedfordshire Police,Bedfordshire Police,-0.656474,51.945626,On or near SHEEPCOTE CRESCENT,E01017577,Central Bedfordshire 019A,Investigation complete; no suspect identified
ea35725afa8a9aa359a390b500d013503a13f70ea7efb4e6d13bd3a1e7ef4769,2013-05,Bedfordshire Police,Bedfordshire Police,-0.656626,51.945412,On or near Supermarket,E01017577,Central Bedfordshire 019A,Suspect charged
1659631b69eb0e2fafea6f0dd1ccb37efe01b96e0d47e64247af3bc4e26be6e8,2013-05,Bedfordshire Police,Bedfordshire Police,-0.656626,51.945412,On or near Supermarket,E01017577,Central Bedfordshire 019A,Investigation complete; no suspect identified
cf67f9d408d2deaded759ab5d6c506c6ae449225d5a7a9d5780a5da82f11c7b7,2013-05,Bedfordshire Police,Bedfordshire Police,-0.526511,51.896974,On or near DOUGLAS CRESCENT,E01017578,Central Bedfordshire 026A,Investigation complete; no suspect identified
980b02a0ea54b8fa0b9eb6ca360550ca4ce9cbd96b041e341ca1972919b36da4,2013-05,Bedfordshire Police,Bedfordshire Police,-0.520927,51.903710,On or near KING STREET,E01017578,Central Bedfordshire 026A,Investigation complete; no suspect identified
aaa566ef857c8e1417e767fdf69dd9b5f1f2323eeb41ce8f506b74b2cc3895d0,2013-05,Bedfordshire Police,Bedfordshire Police,-0.527990,51.901983,On or near MILLERS WAY,E01017578,Central Bedfordshire 026A,Investigation complete; no suspect identified
0cd9ed27ff6179e14c5d96c96e47f57e0eeb5bca7e13ba1ce2a6a9bf15bb3484,2013-05,Bedfordshire Police,Bedfordshire Police,-0.524245,51.902691,On or near Supermarket,E01017578,Central Bedfordshire 026A,Investigation complete; no suspect identified
8c1604fab001114525e06968c964c4e17e93b02bb3892e543d9bef9ffcfc8a57,2013-05,Bedfordshire Police,Bedfordshire Police,-0.520927,51.903710,On or near KING STREET,E01017578,Central Bedfordshire 026A,Investigation complete; no suspect identified
a5d2cd79c12e8574f38e2f64a057a8eac22b5b3a7d9defec4dbca7023b17c785,2013-05,Bedfordshire Police,Bedfordshire Police,-0.527947,51.906856,On or near PLAITERS WAY,E01017579,Central Bedfordshire 026B,Investigation complete; no suspect identified
b1b9e7ee0d4ede36cc173671012e2ebd6e5fd5e932cf642caa0c13943be89cb4,2013-05,Bedfordshire Police,Bedfordshire Police,-0.527947,51.906856,On or near PLAITERS WAY,E01017579,Central Bedfordshire 026B,Offender given penalty notice
303ea5a0a3125c7b170b3e0dd1cbfe234e4d4ad18e573e677b6c8b35aac31757,2013-05,Bedfordshire Police,Bedfordshire Police,-0.521206,51.906726,On or near ALL SAINTS ROAD,E01017579,Central Bedfordshire 026B,Local resolution
4a0c3b6ce99b186b24b874fd45cc906d345a612320b1c7b7efb62e2961f94af6,2013-05,Bedfordshire Police,Bedfordshire Police,-0.504683,51.903487,On or near COPPERFIELDS CLOSE,E01017580,Central Bedfordshire 026C,Investigation complete; no suspect identified
b3bc6c11dd89cd8b00ec5818dd0ed81ab6bbb6e8fb35a003d4aeb77674fe04aa,2013-05,Bedfordshire Police,Bedfordshire Police,-0.503674,51.902782,On or near SANDRINGHAM DRIVE,E01017580,Central Bedfordshire 026C,Investigation complete; no suspect identified
5056310469f9a755f4b77cb817568d0b217995d0efd609bc21141a1463872877,2013-05,Bedfordshire Police,Bedfordshire Police,-0.503674,51.902782,On or near SANDRINGHAM DRIVE,E01017580,Central Bedfordshire 026C,Investigation complete; no suspect identified
ef1f968c1056a9f10a12a6822320f1ba4092a6b745190af31733350f79223fd8,2013-05,Bedfordshire Police,Bedfordshire Police,-0.510416,51.906392,On or near PARKSIDE CLOSE,E01017581,Central Bedfordshire 026D,Investigation complete; no suspect identified
e569a80254744aa38af16953158efdea2c0272fe5fe0c840a7afada3e9b8779b,2013-05,Bedfordshire Police,Bedfordshire Police,-0.507277,51.902855,On or near TENNYSON AVENUE,E01017581,Central Bedfordshire 026D,Investigation complete; no suspect identified
4f245ef1fa4f30e9f56247b1a1edc2d0c5289776020ae976b061da4155f52cf3,2013-05,Bedfordshire Police,Bedfordshire Police,-0.510203,51.903162,On or near PARK ROAD NORTH,E01017581,Central Bedfordshire 026D,Investigation complete; no suspect identified
3dd1fb2c403f3c33914d9cadf1e04555fb33427e76b9650060be2a8922c1eba6,2013-05,Bedfordshire Police,Bedfordshire Police,-0.520097,51.905957,On or near ANGELS LANE,E01017581,Central Bedfordshire 026D,Local resolution
a1fecafdc14a317f286f876ab75833482141a9e44de4b475eaa7f7f2b1a87218,2013-05,Bedfordshire Police,Bedfordshire Police,-0.485488,51.888567,On or near KILN WAY,E01017583,Central Bedfordshire 027B,Investigation complete; no suspect identified
01b3ff5cc6e59ecb3476f8b03bed18668f8c326fdc269ec6cc21e90863342249,2013-05,Bedfordshire Police,Bedfordshire Police,-0.488924,51.889673,On or near ALLENBY AVENUE,E01017583,Central Bedfordshire 027B,Investigation complete; no suspect identified
adf9b090e30a06475f1636f9d900659b36a7f850c20e6d336e51d595a20e9912,2013-05,Bedfordshire Police,Bedfordshire Police,-0.488924,51.889673,On or near ALLENBY AVENUE,E01017583,Central Bedfordshire 027B,Investigation complete; no suspect identified
2e46258efea9f68a15de9e5611b358ec17120d96be7a2c4242ad080130ea8ad5,2013-05,Bedfordshire Police,Bedfordshire Police,-0.485488,51.888567,On or near KILN WAY,E01017583,Central Bedfordshire 027B,Suspect charged
800aa4c81e9e69631f9824e3fd8a84d98e6462e09451f876f8c4f18e12cf2491,2013-05,Bedfordshire Police,Bedfordshire Police,-0.502988,51.890626,On or near CHALK ACRES,E01017584,Central Bedfordshire 027C,Investigation complete; no suspect identified
b53f58c62f92ec3c3773106e777c1dd1aa34efab3019aae2a1643a3499d68a1c,2013-05,Bedfordshire Police,Bedfordshire Police,-0.499992,51.897682,On or near Petrol Station,E01017584,Central Bedfordshire 027C,Investigation complete; no suspect identified
58835a083689f0f41dfb0c28aaa4cdc9603c5ea5a5fe087767b249d1d0b145db,2013-05,Bedfordshire Police,Bedfordshire Police,-0.507716,51.887404,On or near LUTON ROAD,E01017584,Central Bedfordshire 027C,Investigation complete; no suspect identified
ab7c9c92ee7ff9d61bdb98363d2c2f28662adebc5a5b3805acf6afb59c45a108,2013-05,Bedfordshire Police,Bedfordshire Police,-0.499992,51.897682,On or near Petrol Station,E01017584,Central Bedfordshire 027C,Investigation complete; no suspect identified
6bf07086e2d4bd21476ecdfc277f532fc3d83976a0c159685424a1aa16b14d0e,2013-05,Bedfordshire Police,Bedfordshire Police,-0.495166,51.847231,On or near CLAY HALL ROAD,E01017586,Central Bedfordshire 032C,Investigation complete; no suspect identified
997859757b955d5ed1488cb7e721b704ba24a1a55917fc3398a13d2a587dd784,2013-05,Bedfordshire Police,Bedfordshire Police,-0.496261,51.849646,On or near THE CHILTERNS,E01017586,Central Bedfordshire 032C,Investigation complete; no suspect identified
f7e396df118ad743cdb53e468475d79f271a41365f430107fea803e08ad666a8,2013-05,Bedfordshire Police,Bedfordshire Police,-0.525300,51.828712,On or near VALLEY ROAD,E01017587,Central Bedfordshire 032D,Investigation complete; no suspect identified
409d32637ef285c53cf189181daed2d48488ba0e67e285938ae19f1d60099164,2013-05,Bedfordshire Police,Bedfordshire Police,-0.534003,51.851642,On or near B4540,E01017587,Central Bedfordshire 032D,Investigation complete; no suspect identified
ae017d414b16e6ab034be14e9a7da95a9d8683b5bddefaa7fdc7fd0e0bd8d316,2013-05,Bedfordshire Police,Bedfordshire Police,-0.524175,51.840046,On or near DUNSTABLE ROAD,E01017587,Central Bedfordshire 032D,Investigation complete; no suspect identified
b87f32372424fdc994f5e0235c067ee3a14bbefa53655e78cb83d111b240b22c,2013-05,Bedfordshire Police,Bedfordshire Police,-0.534003,51.851642,On or near B4540,E01017587,Central Bedfordshire 032D,Investigation complete; no suspect identified
56507edca056243a0ae945120b3b199cc9fee57f579edea28b32b3e3e3b07f44,2013-05,Bedfordshire Police,Bedfordshire Police,-0.675787,51.916776,On or near STATION ROAD,E01017589,Central Bedfordshire 022A,Suspect charged
ac840385089c3d58de9c5aee7d7ec2e3533187b12a2faac6decb77767ba11fa6,2013-05,Bedfordshire Police,Bedfordshire Police,-0.673565,51.916661,On or near NEW ROAD,E01017589,Central Bedfordshire 022A,Investigation complete; no suspect identified
9c07dc0f16f7cee3c73476a856b52f42a6185c733f4a48656680ebc0745d58d8,2013-05,Bedfordshire Police,Bedfordshire Police,-0.673565,51.916661,On or near NEW ROAD,E01017589,Central Bedfordshire 022A,Investigation complete; no suspect identified
1e3febced3415487f90c2a0b58a4e489f095a3cfc94af73ef97a359073f48c7e,2013-05,Bedfordshire Police,Bedfordshire Police,-0.671902,51.919313,On or near HARCOURT CLOSE,E01017590,Central Bedfordshire 022B,Investigation complete; no suspect identified
a545d219ab265f0f2eefc567c538ad739aa8559707656c710632552eb676c2e9,2013-05,Bedfordshire Police,Bedfordshire Police,-0.511592,51.882229,On or near GROVE ROAD,E01017592,Central Bedfordshire 030A,Investigation complete; no suspect identified
025ab035b23832f82626254613d70d23f7728dfd98d99d84136b6ee7715d853c,2013-05,Bedfordshire Police,Bedfordshire Police,-0.511288,51.886613,On or near STATION ROAD,E01017592,Central Bedfordshire 030A,Investigation complete; no suspect identified
4c98a1719cff2171caf013c497d3b4dc885ead224ae49118e755027df82483e2,2013-05,Bedfordshire Police,Bedfordshire Police,-0.516457,51.883198,On or near HIGH STREET SOUTH,E01017592,Central Bedfordshire 030A,Offender given a caution
6a41aba50d4b9eff2075550ced68e93f153e6641eb5dddb9e8533191a748bd27,2013-05,Bedfordshire Police,Bedfordshire Police,-0.516457,51.883198,On or near HIGH STREET SOUTH,E01017592,Central Bedfordshire 030A,Offender given a caution
d5b51bcf3fc3199a3f5ea2da5a252895da84b1cb4012c800e7d38bb2f9e03d25,2013-05,Bedfordshire Police,Bedfordshire Police,-0.504318,51.876841,On or near WOODFIELD GATE,E01017594,Central Bedfordshire 030C,Suspect charged
1a3aac4fa102e1bec22d9bbc0b6de6b70ba4d46ae68480a70f488a5bfbae886e,2013-05,Bedfordshire Police,Bedfordshire Police,-0.497677,51.876450,On or near LINCOLN CLOSE,E01017594,Central Bedfordshire 030C,Investigation complete; no suspect identified
c21bef64fb0d7c5fade97ebda12cee25e95033af409a2a4a6b44463b841aed96,2013-05,Bedfordshire Police,Bedfordshire Police,-0.534564,51.885322,On or near HAMBLING PLACE,E01017596,Central Bedfordshire 028C,Investigation complete; no suspect identified
545b740b1c464fc41eb99375e8c393d8230c49283971ac6587ab025027afdcb2,2013-05,Bedfordshire Police,Bedfordshire Police,-0.534352,51.890049,On or near MAIDENBOWER AVENUE,E01017596,Central Bedfordshire 028C,Investigation complete; no suspect identified
d8ed2df1a3a6731101ae067dce0253915366c496d7fd3192f33f0262c9f2ee98,2013-05,Bedfordshire Police,Bedfordshire Police,-0.537321,51.888558,On or near ASHCROFT,E01017596,Central Bedfordshire 028C,Investigation complete; no suspect identified
7e2690043c9b78297fe8f347a8eb17122eebb0756a1d6ae5ff71697b158bab61,2013-05,Bedfordshire Police,Bedfordshire Police,-0.543919,51.886733,On or near WEATHERBY,E01017597,Central Bedfordshire 028D,Investigation complete; no suspect identified
cbfc21186787451fb0159b12a44c36503ef0c5ae0c12dd7e5900990b2597496e,2013-05,Bedfordshire Police,Bedfordshire Police,-0.534688,51.894909,On or near LEYLAND ROAD,E01017599,Central Bedfordshire 028F,Investigation complete; no suspect identified
34eb234e2dd897e9a88e7f1b50bb0423ba31272f2cc70b104e01d4d3a457748a,2013-05,Bedfordshire Police,Bedfordshire Police,-0.535922,51.895401,On or near DAIMLER DRIVE,E01017599,Central Bedfordshire 028F,Offender given a caution
cf6190f93a41de3e64a9132ae3f804c509b2338e37f0b787ffec70c18b43a15c,2013-05,Bedfordshire Police,Bedfordshire Police,-0.499135,51.911617,On or near HOUGHTON PARK ROAD,E01017600,Central Bedfordshire 025A,Suspect charged
08a0d6f5a10eb311088f6243f0617c4abeda819e8143cef3347b5a7d985175b5,2013-05,Bedfordshire Police,Bedfordshire Police,-0.499853,51.910142,On or near NEWBURY ROAD,E01017600,Central Bedfordshire 025A,Investigation complete; no suspect identified
c4fef9a33ef21f51725999e8552d418291d74dcbf8c8a6fea5e97339e9ce7b29,2013-05,Bedfordshire Police,Bedfordshire Police,-0.498053,51.909202,On or near CONQUEST ROAD,E01017600,Central Bedfordshire 025A,Investigation complete; no suspect identified
43c997228ed17b3c6f0ba06a644b9ec74dc3765adc9cb072f77be124048ff1b8,2013-05,Bedfordshire Police,Bedfordshire Police,-0.499135,51.911617,On or near HOUGHTON PARK ROAD,E01017600,Central Bedfordshire 025A,Investigation complete; no suspect identified
37cfbfc691cc5229d38322940e31d555cd40dda5d39d2ee50a46173d38e4ce12,2013-05,Bedfordshire Police,Bedfordshire Police,-0.500669,51.907024,On or near FENSOME DRIVE,E01017600,Central Bedfordshire 025A,Investigation complete; no suspect identified
9fb9726d36fbfe12a2e24d865788878e959db2e0ee6e410714e15b408ceda5b6,2013-05,Bedfordshire Police,Bedfordshire Police,-0.500669,51.907024,On or near FENSOME DRIVE,E01017600,Central Bedfordshire 025A,Investigation complete; no suspect identified
62094941eb8d3a20a3b378f131ec3879d1116abba543597ac3e70e740e759a30,2013-05,Bedfordshire Police,Bedfordshire Police,-0.499135,51.911617,On or near HOUGHTON PARK ROAD,E01017600,Central Bedfordshire 025A,Investigation complete; no suspect identified
d663a525e838d04b3091373dbe343e90a003ae970cd13fd83eb7d6daf94644c8,2013-05,Bedfordshire Police,Bedfordshire Police,-0.503590,51.910999,On or near TRIDENT DRIVE,E01017601,Central Bedfordshire 025B,Investigation complete; no suspect identified
a11973aadef87cfadcef8cc14e40ea845a1517a5f2dbdce65bd9bf7f67861b0e,2013-05,Bedfordshire Police,Bedfordshire Police,-0.503590,51.910999,On or near TRIDENT DRIVE,E01017601,Central Bedfordshire 025B,Investigation complete; no suspect identified
259b7f6b27cfb26af239a00ab321756662292f794f79b39ba3697447914f5019,2013-05,Bedfordshire Police,Bedfordshire Police,-0.503590,51.910999,On or near TRIDENT DRIVE,E01017601,Central Bedfordshire 025B,Investigation complete; no suspect identified
a3bc6bcd8566e622f7c6d2da2a904fcdf139cd6032d643ae25a4f7e3ff7b32c3,2013-05,Bedfordshire Police,Bedfordshire Police,-0.507145,51.911215,On or near PARKSIDE DRIVE,E01017601,Central Bedfordshire 025B,Investigation complete; no suspect identified
a71635fd8ced31060e02811f2126e8e82165a761c5ca8b4deda3d50960b3ea5a,2013-05,Bedfordshire Police,Bedfordshire Police,-0.509270,51.911584,On or near ELM PARK CLOSE,E01017601,Central Bedfordshire 025B,Investigation complete; no suspect identified
8c180a9d86be586bfc952bd4cfff4f34a03d0ecb08d5976478ff7875ba21bbf5,2013-05,Bedfordshire Police,Bedfordshire Police,-0.635374,51.918409,On or near MEADOW WAY,E01017605,Central Bedfordshire 020C,Investigation complete; no suspect identified
64d1cb76be12f4a67b499280c4fe392d8f715534aeb1de1d638f7248d5930da6,2013-05,Bedfordshire Police,Bedfordshire Police,-0.638845,51.919025,On or near OATFIELD GARDENS,E01017605,Central Bedfordshire 020C,Investigation complete; no suspect identified
ea40f01c14e08c2622a44eb9d03dd2126eb15389f1c3e125d5a36e57fafcfa7f,2013-05,Bedfordshire Police,Bedfordshire Police,-0.637041,51.921441,On or near JUPITER DRIVE,E01017605,Central Bedfordshire 020C,Investigation complete; no suspect identified
d3b1e132db5492edad4be84dd1d18128ffc224de60690929d8a03ca01e9ac42f,2013-05,Bedfordshire Police,Bedfordshire Police,-0.635374,51.918409,On or near MEADOW WAY,E01017605,Central Bedfordshire 020C,Investigation complete; no suspect identified
f6aa583821b717fd14461121b0064ef4d64b3399bec1eecdbfcecf2fb25a37a8,2013-05,Bedfordshire Police,Bedfordshire Police,-0.672537,51.938696,On or near THE HEATH,E01017607,Central Bedfordshire 020E,Investigation complete; no suspect identified
84aff05174a66f636b7622b4fc045353c50a9212f3c707b68414ad21842ad6f3,2013-05,Bedfordshire Police,Bedfordshire Police,-0.654150,51.924119,On or near Supermarket,E01017609,Central Bedfordshire 021E,Investigation complete; no suspect identified
cf20822e9be85216050b05573607cdbeb7ee03c4f814246a53af9e7a0d3cfb49,2013-05,Bedfordshire Police,Bedfordshire Police,-0.653629,51.925471,On or near MONTGOMERY CLOSE,E01017609,Central Bedfordshire 021E,Investigation complete; no suspect identified
25ba9317e2ea7b78ef3af5158ee33ad75252f586654721a08826df93be473a52,2013-05,Bedfordshire Police,Bedfordshire Police,-0.655058,51.924390,On or near CLARENCE ROAD,E01017609,Central Bedfordshire 021E,Offender given a caution
34f4b28a4da49c4340ce36d988c39d46349197492c5d802b065095236b233778,2013-05,Bedfordshire Police,Bedfordshire Police,-0.621476,51.890293,On or near THE RYE,E01017615,Central Bedfordshire 019B,Investigation complete; no suspect identified
e46860597da3b174db018f65511d2116681506b558d1619044af8c1f6e94d968,2013-05,Bedfordshire Police,Bedfordshire Police,-0.599530,51.906767,On or near ST JOHNS CLOSE,E01017615,Central Bedfordshire 019B,Offender given a caution
fc0acb05cdaae6469f2b7b350052448013adfe9b3da3dedd464570d33bb74de6,2013-05,Bedfordshire Police,Bedfordshire Police,-0.559609,51.930014,On or near ST MARY'S CLOSE,E01017615,Central Bedfordshire 019B,Investigation complete; no suspect identified
6f870da77effb50a4799cd5566bfcbe10c24e714156cc777b44124938caceefe,2013-05,Bedfordshire Police,Bedfordshire Police,-0.611131,51.916642,On or near HIGH STREET,E01017615,Central Bedfordshire 019B,Offender given a drugs possession warning
89d83b285483731c2f0cb5c00aa9bcf55f84bb5598296c62342f6bf29fe56ab3,2013-05,Bedfordshire Police,Bedfordshire Police,-0.482667,51.938237,On or near COMMON LANE,E01017616,Central Bedfordshire 018D,Investigation complete; no suspect identified
6e3eea82e12878c0bda8e94b0dc31c62a2a5c7d6e0b76efda9a9d675afecf74d,2013-05,Bedfordshire Police,Bedfordshire Police,-0.445256,51.944843,On or near CHURCHILL CLOSE,E01017616,Central Bedfordshire 018D,Suspect charged
6e3eea82e12878c0bda8e94b0dc31c62a2a5c7d6e0b76efda9a9d675afecf74d,2013-05,Bedfordshire Police,Bedfordshire Police,-0.445256,51.944843,On or near CHURCHILL CLOSE,E01017616,Central Bedfordshire 018D,Suspect charged
7aa50ff30d4e7db2da30d32e1825ac0a30098436d4fc86294fafe2eea213c862,2013-05,Bedfordshire Police,Bedfordshire Police,-0.516871,51.906815,On or near ST ANDREWS LANE,E01017617,Central Bedfordshire 026E,Investigation complete; no suspect identified
449db7ec7168b89ca1ca20da9e7706936aee426d2c229dbd92e94ba4e573b130,2013-05,Bedfordshire Police,Bedfordshire Police,-0.518695,51.905256,On or near Parking Area,E01017617,Central Bedfordshire 026E,Investigation complete; no suspect identified
1fbd5f836e5135021dadcf52eb2b1437a23c5670e30e2921a084d17353c1af2d,2013-05,Bedfordshire Police,Bedfordshire Police,-0.516756,51.911184,On or near BLACK THORN ROAD,E01017618,Central Bedfordshire 025D,Investigation complete; no suspect identified
e6fe37a094d1aee893339388b465792a5b989a2a04ae9a26e9b8b4cca21cedb5,2013-05,Bedfordshire Police,Bedfordshire Police,-0.518605,51.908896,On or near MEADS CLOSE,E01017618,Central Bedfordshire 025D,Investigation complete; no suspect identified
2bc2b43f538cddaa9b0a79919d3dae33360d9df26fee86028a0f8270e1096cfb,2013-05,Bedfordshire Police,Bedfordshire Police,-0.519451,51.910561,On or near ASH TREE ROAD,E01017618,Central Bedfordshire 025D,Investigation complete; no suspect identified
fde9e364a3a1dc60291cf19067e081144d36efa1cb9331e29b438d913f376dd1,2013-05,Bedfordshire Police,Bedfordshire Police,-0.519451,51.910561,On or near ASH TREE ROAD,E01017618,Central Bedfordshire 025D,Investigation complete; no suspect identified
3c51c0e306acfe2e42719189a185e30e3d1be18149e8d6b7ee473afa1322840b,2013-05,Bedfordshire Police,Bedfordshire Police,-0.514922,51.911242,On or near RECREATION ROAD,E01017619,Central Bedfordshire 025E,Investigation complete; no suspect identified
e887cdab011d48e0e9c20d5cd18a0abb4fada8da960dcaaff1d50126a62e5a3b,2013-05,Bedfordshire Police,Bedfordshire Police,-0.512985,51.912233,On or near SYCAMORE ROAD,E01017619,Central Bedfordshire 025E,Investigation complete; no suspect identified
a4ec3011725691c9a9d64ec49a10fdad6325c206a6908618be1f9bb2ac648dde,2013-05,Bedfordshire Police,Bedfordshire Police,-0.512801,51.915594,On or near GROVE ROAD,E01017619,Central Bedfordshire 025E,Suspect charged
4981205305f63abc1869feed7a70395e038203b2055841c1537343e1ee249ecc,2013-05,Bedfordshire Police,Bedfordshire Police,-0.513206,51.914340,On or near Sports/Recreation Area,E01017619,Central Bedfordshire 025E,Investigation complete; no suspect identified
734b65be43f25f5d1688ee267910be76824b5af5c3590b765ed95b455fb376ab,2013-05,Bedfordshire Police,Bedfordshire Police,-0.510150,51.913097,On or near Supermarket,E01017619,Central Bedfordshire 025E,Investigation complete; no suspect identified
f04fc387ddede06b91cd48f7921f882aaaa515270d1c02c2ced15f0a0e66f4d6,2013-05,Bedfordshire Police,Bedfordshire Police,-0.501631,51.927914,On or near LUTON ROAD,E01017620,Central Bedfordshire 019C,Investigation complete; no suspect identified
4cbc7e49f35cdaafc7c1621d0dca37bd1097ae10a09841d4a89a9dc60a840359,2013-05,Bedfordshire Police,Bedfordshire Police,-0.503215,51.946763,On or near Parking Area,E01017620,Central Bedfordshire 019C,Investigation complete; no suspect identified
875dd1189350eb39fab9c5135547d7cd5279a55b4d77d7352c572b995bd5f5d2,2013-05,Bedfordshire Police,Bedfordshire Police,-0.530585,51.951163,On or near STATION ROAD,E01017620,Central Bedfordshire 019C,Local resolution
7eb9d1f3475833ffea3053402c76eb01a3132b8dcc13d26f981a114dcdd30aa7,2013-05,Bedfordshire Police,Bedfordshire Police,-0.428269,52.151214,On or near CHURCH LANE,E01017492,Bedford 007E,Suspect charged
164b11c5503ca083559a295a0c2cf3448b3ec4093bd2e4ae5a879fbc8d7804f1,2013-05,Bedfordshire Police,Bedfordshire Police,-0.298170,52.128062,On or near BEDFORD ROAD,E01017431,Central Bedfordshire 002B,Investigation complete; no suspect identified
ea3869ed6c9a954d5f84249da45f3aa2cb840b69c97e4ec7a1b10d5cca0c0499,2013-05,Bedfordshire Police,Bedfordshire Police,-0.433430,51.874569,On or near NORTHDRIFT WAY,E01015737,Luton 020F,Investigation complete; no suspect identified
95ec585a2272f4b9c17d337dcfd3253ad0f8083fbfba4e03b21a66023da317c4,2013-05,Bedfordshire Police,Bedfordshire Police,-0.467498,51.892857,On or near Petrol Station,E01015713,Luton 013A,Investigation complete; no suspect identified
429697568316b431866ab7a076280ba4fe45131325161b5b4d67e0b16bcc553b,2013-05,Bedfordshire Police,Bedfordshire Police,-0.426078,51.870029,On or near FARLEY HILL,E01015737,Luton 020F,Investigation complete; no suspect identified
0fb00bbe5e28154e1db4179a40c204051c1f514d9e93b785ab66e9a6c11ef5e8,2013-05,Bedfordshire Police,Bedfordshire Police,-0.454000,51.901654,On or near DORDANS ROAD,E01015750,Luton 011F,Investigation complete; no suspect identified
49ea20e5418bf8a685f2f639b92d59ac630ef22b02c0330255592724d5b62474,2013-05,Bedfordshire Police,Bedfordshire Police,-0.377514,51.885501,On or near EATON PLACE,E01015721,Luton 014A,Investigation complete; no suspect identified
1af08e7b6d322ac63993c803f2ff4e7a60f5e336660a6b2ba2ce1ac728bf120d,2013-05,Bedfordshire Police,Bedfordshire Police,-0.418251,51.884041,On or near VILLA ROAD,E01015741,Luton 018B,Investigation complete; no suspect identified
4326c793d1dacd0dcbbba958a900d945706a6ea8998634fe6f6fd18047e26c20,2013-05,Bedfordshire Police,Bedfordshire Police,-0.383024,51.889065,On or near SUMMERS ROAD,E01015721,Luton 014A,Investigation complete; no suspect identified
5c9fb8602f8172d617649f6c7b6aca655783bbaf630035408dadae0a837952bb,2013-05,Bedfordshire Police,Bedfordshire Police,-0.461461,51.900260,On or near MILLIGAN CLOSE,E01015750,Luton 011F,Investigation complete; no suspect identified
7dad54fa1c554c880c25494bd97f0c8d4aef097bd4f0c55a97931939c5fe00a4,2013-05,Bedfordshire Police,Bedfordshire Police,-0.406137,51.888841,On or near CHADWELL CLOSE,E01015742,Luton 018C,Investigation complete; no suspect identified
4ee59e65d0aca64703528a8affcc3d0b1d09142268245f8bf56e171f79e0dc97,2013-05,Bedfordshire Police,Bedfordshire Police,-0.451479,51.888305,On or near SOVEREIGN PARK,E01015731,Luton 015C,Investigation complete; no suspect identified
3df8043eec54af3f4c5f1081c60efccab5c0b381ed1d330d081fa0307b97bd60,2013-05,Bedfordshire Police,Bedfordshire Police,-0.415912,51.893532,On or near BOWLING GREEN LANE,E01015740,Luton 012A,Investigation complete; no suspect identified
b07ddf72133219575c56fdbb0604fc358b2c5254e05a614be2a59ae66f60a9f4,2013-05,Bedfordshire Police,Bedfordshire Police,-0.433835,51.875852,On or near BOLINGBROKE ROAD,E01015734,Luton 020C,Investigation complete; no suspect identified
6675d5cea8156ef8ba09418bc9892e0f4a812f17c10e91f936e7ef94f933ff8c,2013-05,Bedfordshire Police,Bedfordshire Police,-0.437735,51.874833,On or near WHIPPERLEY RING,E01015736,Luton 020E,Investigation complete; no suspect identified
7cb3e4373b2220ecada806de68649b1666bf4990a99a451e1f6e4cb515812d41,2013-05,Bedfordshire Police,Bedfordshire Police,-0.497070,51.901628,On or near SHEPHERD ROAD,E01015757,Luton 009B,Investigation complete; no suspect identified
06880e6738bcd2c0bd7f3b1b807e2400a1a09ca1725208f76e8f9db757abddeb,2013-05,Bedfordshire Police,Bedfordshire Police,-0.437735,51.874833,On or near WHIPPERLEY RING,E01015736,Luton 020E,Investigation complete; no suspect identified
4564ad4b0c5eeeba4776c6d3468d9543d20c029e19f4a1c9dc4d768d5c068d59,2013-05,Bedfordshire Police,Bedfordshire Police,-0.423156,51.874666,On or near ST SAVIOURS'S CRESCENT,E01015735,Luton 020D,Investigation complete; no suspect identified
3269bd817b9abe50b619f1f440189fbe54a0cde8d1b800f2afe4c2945f0cd4d7,2013-05,Bedfordshire Police,Bedfordshire Police,-0.534576,51.939452,On or near SHELTON AVENUE,E01017622,Central Bedfordshire 019E,Investigation complete; no suspect identified
a6dce3ee90329dfa5ae7f8c52e4998e3dc9a9c88aa1962895f3e81db6536ea90,2013-05,Bedfordshire Police,Bedfordshire Police,-0.445788,51.876801,On or near LACHBURY CLOSE,E01015733,Luton 020B,Investigation complete; no suspect identified
f105ca77dff0e7e5d977e534fa093e9f0abf7c7562be30020a1621d6ea8493bf,2013-05,Bedfordshire Police,Bedfordshire Police,-0.426683,51.878921,On or near ASHBURNHAM ROAD,E01015729,Luton 019C,Investigation complete; no suspect identified
7bc12a6b6454f84d285c3a722b0de8682ab7cf9d7ec828bb64362b34b94f4d40,2013-05,Bedfordshire Police,Bedfordshire Police,-0.435016,51.890389,On or near SELBOURNE ROAD,E01015704,Luton 010C,Investigation complete; no suspect identified
8ede02e10e63215983ed723bdcd906da1e1f85d4782c825a9f6238fa39878d8f,2013-05,Bedfordshire Police,Bedfordshire Police,-0.409929,51.882688,On or near CHURCH STREET,E01015743,Luton 018D,Investigation complete; no suspect identified
4e334da679a672ed09bbff40e2616576eb31ebe9039c883935781d429fca0ff5,2013-05,Bedfordshire Police,Bedfordshire Police,-0.437508,51.912811,On or near ST OLAM'S CLOSE,E01015748,Luton 004D,Offender given a caution
af813ef636b7799ed33438cccbbca3f6d07c42952b2b6281ed472c6f7e4381cf,2013-05,Bedfordshire Police,Bedfordshire Police,-0.471184,51.892159,On or near DERBY ROAD,E01015714,Luton 013B,Investigation complete; no suspect identified
7eb9d1f3475833ffea3053402c76eb01a3132b8dcc13d26f981a114dcdd30aa7,2013-05,Bedfordshire Police,Bedfordshire Police,-0.428269,52.151214,On or near CHURCH LANE,E01017492,Bedford 007E,Suspect charged
74116fe3e70880f7b61b11a3a9542559beb8af35f459e53eeb36c28ba209b410,2013-05,Bedfordshire Police,Bedfordshire Police,-0.429552,51.880380,On or near BELMONT ROAD,E01015729,Luton 019C,Investigation complete; no suspect identified
34330ffea9ff491d3928c3c46c507375739481d239a35b44ae4269ff2bdcdd8c,2013-05,Bedfordshire Police,Bedfordshire Police,-0.432930,51.882682,On or near GRANVILLE ROAD,E01015730,Luton 019D,Investigation complete; no suspect identified
cb3be82e07bf9240887ed1589fcc7daaed17767a397272ec6be7b24c985095ab,2013-05,Bedfordshire Police,Bedfordshire Police,-0.402038,51.884389,On or near TOWER ROAD,E01015720,Luton 016B,Investigation complete; no suspect identified
76364781e439ae2b7938a893126b89bac35bd3e74af530b10cc59c5fe695368d,2013-05,Bedfordshire Police,Bedfordshire Police,-0.443140,51.920627,On or near GILDER CLOSE,E01015709,Luton 001D,Investigation complete; no suspect identified
a8d91ef2d57b260f3d63a507fa171beb42b217a490dd94de477c77e24d3882fb,2013-05,Bedfordshire Police,Bedfordshire Police,-0.404300,51.882055,On or near HART HILL LANE,E01015720,Luton 016B,Suspect charged
e97b6b9023b8a3e4470bf5a7610ce1a22f20f2c0f5903427b21a5d7cc32f8ac7,2013-05,Bedfordshire Police,Bedfordshire Police,-0.431415,51.922837,On or near CHARD DRIVE,E01015708,Luton 001C,Investigation complete; no suspect identified
b744d8e5dd5677abfdeb6312635ea2d623f51384891d2cc5162792157b9636a0,2013-05,Bedfordshire Police,Bedfordshire Police,-0.454506,51.916983,On or near VADIS CLOSE,E01015771,Luton 003B,Investigation complete; no suspect identified
0a6ca9f8fe2a77797772822249c3ebb8a0e15ab21a627aa92eeede7eed428732,2013-05,Bedfordshire Police,Bedfordshire Police,-0.383519,51.884199,On or near MISTLETOE HILL,E01015721,Luton 014A,Investigation complete; no suspect identified
4442213a51d1c480892876432245905bb681e2ca18151d0b46919c1f52de6740,2013-05,Bedfordshire Police,Bedfordshire Police,-0.431197,51.869855,On or near HAGDELL ROAD,E01015732,Luton 020A,Investigation complete; no suspect identified
662119314df1d2f24a647d604f01cea07cc7b9cc4ef87331abf40e6fae325b77,2013-05,Bedfordshire Police,Bedfordshire Police,-0.395318,51.881726,On or near BEACONSFIELD,E01015719,Luton 016A,Investigation complete; no suspect identified
b03247aec9b30c0b061f84c06088c6b0534e09e2d18be71f55032bb3d6507a29,2013-05,Bedfordshire Police,Bedfordshire Police,-0.429552,51.880380,On or near BELMONT ROAD,E01015729,Luton 019C,Suspect charged
d19d7f7d2a863f95ab30fef8c4ea70aac33eb2a1808ece47d4a0b7551b2f1110,2013-05,Bedfordshire Police,Bedfordshire Police,-0.453591,51.903402,On or near ARCHWAY ROAD,E01015765,Luton 006B,Investigation complete; no suspect identified
4b3d63eec0b8a7b8a68f6f9324ebfc73514d29fed9d193dcf726fa66c7270b86,2013-05,Bedfordshire Police,Bedfordshire Police,-0.632964,52.012530,On or near THE MOUNT,E01017380,Central Bedfordshire 007B,Investigation complete; no suspect identified
a1afaa6e47d166fd9d63896920b204762f1a78da28fdda38fc971c4c21eacec8,2013-05,Bedfordshire Police,Bedfordshire Police,-0.396120,51.883688,On or near LEYGREEN CLOSE,E01015719,Luton 016A,Investigation complete; no suspect identified
c5f0dffc0ea948a9afe08948a25e068d9d55b7258bc49a3860e36cf9c0646772,2013-05,Bedfordshire Police,Bedfordshire Police,-0.446715,51.884888,On or near FINWAY,E01015724,Luton 019A,Investigation complete; no suspect identified
7e8de7e8955b9cb15fdd65c5de53ae5b17aa537ba6d49b6231f1629f39a29580,2013-05,Bedfordshire Police,Bedfordshire Police,-0.452389,51.900752,On or near BANBURY CLOSE,E01015750,Luton 011F,Local resolution
ede0bee018db51eb764d4bfc3f73f96faf55c60b3a70ff96dc1eceac8c1928c1,2013-05,Bedfordshire Police,Bedfordshire Police,-0.453591,51.903402,On or near ARCHWAY ROAD,E01015765,Luton 006B,Suspect charged
016de6b71cf3e8a8206632483e7ea7ea5a5dba40e851ade1d798fc564897d0a9,2013-05,Bedfordshire Police,Bedfordshire Police,-0.422742,51.885648,On or near BROOK STREET,E01015699,Luton 017B,Investigation complete; no suspect identified
9804d8db7b28a1b042d3d552ad38f0bca9bda0718c14a64e2ade43830581d735,2013-05,Bedfordshire Police,Bedfordshire Police,-0.407458,51.898354,On or near SUNSET DRIVE,E01015775,Luton 012B,Investigation complete; no suspect identified
7a3ddaa48b77e4e8bd787ebeb729036b288afe79d252d3e861861cc1a3f1f211,2013-05,Bedfordshire Police,Bedfordshire Police,-0.437842,51.920359,On or near FREEMAN AVENUE,E01015706,Luton 001A,Investigation complete; no suspect identified
a1331801508522078dbbbe9ff9949ad78a68a9a3c1a469d6a981dedf4c01e629,2013-05,Bedfordshire Police,Bedfordshire Police,-0.499033,52.109769,On or near WOBURN ROAD,E01017514,Bedford 018B,Offender given a drugs possession warning
6b16a8475d375e4a41f6b2a3202bb002bb30b5559206f7644c4bf0c5554cc2b2,2013-05,Bedfordshire Police,Bedfordshire Police,-0.392976,51.882197,On or near GAYLAND AVENUE,E01015719,Luton 016A,Investigation complete; no suspect identified
609a47d66630e5d0df6204074c159776ab9493a2f98634f16cbda1cb941c0879,2013-05,Bedfordshire Police,Bedfordshire Police,-0.404361,51.882775,On or near HADDON ROAD,E01015720,Luton 016B,Local resolution
1423af7dfec3ceab9d78d0bf43476ddea9706c1abf0585fa8aba996869184cd9,2013-05,Bedfordshire Police,Bedfordshire Police,-0.425977,51.894971,On or near CARLTON CRESCENT,E01015700,Luton 010A,Investigation complete; no suspect identified
3f247a75254c8782bf7f9fa51aff6dd0e561047787b70d0ad28ae650e50c7fe2,2013-05,Bedfordshire Police,Bedfordshire Police,-0.505928,52.022263,On or near A507,E01017373,Central Bedfordshire 012C,Investigation complete; no suspect identified
94f51192f72bf572911f3b40dbc2b26dedebd05a9425fbe8eef0b67272884c33,2013-05,Bedfordshire Police,Bedfordshire Police,-0.421413,51.914467,On or near THORNAGE CLOSE,E01015747,Luton 004C,Local resolution
83cf5430c0f2157d5863b3b332bf84967e686ec57c283e9e4dc406de0b9d5555,2013-05,Bedfordshire Police,Bedfordshire Police,-0.463753,51.890579,On or near ATHERSTONE ROAD,E01015712,Luton 011B,Investigation complete; no suspect identified
58c8c8ed8c0ea64bf2c09206ede74134742662bb568bf27edb5ae6c530102e1c,2013-05,Bedfordshire Police,Bedfordshire Police,-0.401732,51.880725,On or near FARNLEY GROVE,E01015743,Luton 018D,Investigation complete; no suspect identified
c7d4900992931699791adeeb9677a7b143b391ed8cd4a291da1ed1f2deb4491a,2013-05,Bedfordshire Police,Bedfordshire Police,-0.412858,51.883681,On or near Parking Area,E01015741,Luton 018B,Investigation complete; no suspect identified
269f0885adc7dfe672c1995972e615a38bd9ccab823baca77962c1fc9fbce7f0,2013-05,Bedfordshire Police,Bedfordshire Police,-0.458160,51.884607,On or near Sports/Recreation Area,E01015728,Luton 019B,Investigation complete; no suspect identified
a65f5d6cd61b4d8dbd564cdae4d13c10ceaa236f437cddf365383ab4a8be911f,2013-05,Bedfordshire Police,Bedfordshire Police,-0.419204,51.873012,On or near STOCKWOOD CRESCENT,E01015738,Luton 021A,Investigation complete; no suspect identified
90b5c9bd02318e51c84cb45ec52e1a0b9ab55b47163796bca40a0b2bf49bbe2c,2013-05,Bedfordshire Police,Bedfordshire Police,-0.445961,51.889904,On or near Sports/Recreation Area,E01015731,Luton 015C,Investigation complete; no suspect identified
fcd150b350aaf096d7c806f0b8db7ca71d7b0197b8d9cab13dcb6c5824966e76,2013-05,Bedfordshire Police,Bedfordshire Police,-0.431143,51.882263,On or near VERNON ROAD,E01015727,Luton 017F,Investigation complete; no suspect identified
165585c122eb35844b047c0285d899ec364f43dd630d7ef6fd38ea95e8bc6dc3,2013-05,Bedfordshire Police,Bedfordshire Police,-0.439289,51.878190,On or near FELMERSHAM COURT,E01015733,Luton 020B,Investigation complete; no suspect identified
16ecac0b8c9310bca8d7d6bdcf1f12ece58b1c051f33560b5598b414c286bbfa,2013-05,Bedfordshire Police,Bedfordshire Police,-0.458752,51.897032,On or near OAKLEY ROAD,E01015712,Luton 011B,Investigation complete; no suspect identified
a819b7721d947d92e109ebb12323dabf424bf47be3d1951fe7a8871da82c8a2e,2013-05,Bedfordshire Police,Bedfordshire Police,-0.398946,51.878970,On or near KETTON CLOSE,E01015719,Luton 016A,Investigation complete; no suspect identified
40a9ef9be45890a785508d942b5745c9a5e605cbf948533c41c6f60fdbe46b50,2013-05,Bedfordshire Police,Bedfordshire Police,-0.419000,51.885472,On or near MOORLAND GARDENS,E01015739,Luton 018A,Offender given a caution
68e7742e1132e85b84de82070459ebf16f7272d187e1f13cb6c27ed0130404b2,2013-05,Bedfordshire Police,Bedfordshire Police,-0.431712,51.884266,On or near Sports/Recreation Area,E01015725,Luton 017E,Investigation complete; no suspect identified
955c033198963fbb31d6084bda5b8aa369fb2a2931370c61c9b4d02ea46adbc6,2013-05,Bedfordshire Police,Bedfordshire Police,-0.468107,51.901425,On or near HIGH STREET,E01015751,Luton 005B,Investigation complete; no suspect identified
2afc90ea7c062259f39cfc24be0df74cc6310570c82fe5b9fed510ec8b6b019e,2013-05,Bedfordshire Police,Bedfordshire Police,-0.429401,51.889721,On or near MILLINERS WAY,E01015705,Luton 017D,Investigation complete; no suspect identified
3c15adaac0ec90e10c19f3958781f01c9021fcd98c99c738b336ffcb40d43692,2013-05,Bedfordshire Police,Bedfordshire Police,-0.421889,51.874334,On or near BRECON CLOSE,E01015738,Luton 021A,Investigation complete; no suspect identified
5da541aee79da7d1dc4751072a317de128c39bc460c09c069e80bf14aa89905e,2013-05,Bedfordshire Police,Bedfordshire Police,-0.427954,51.890789,On or near CHAUCER ROAD,E01015702,Luton 017C,Investigation complete; no suspect identified
2d456176622ff00aeaa14a878a76cc8e4c9a8676b4219c8bf918ff7548a89002,2013-05,Bedfordshire Police,Bedfordshire Police,-0.474771,51.899965,On or near COPPERFIELDS,E01015718,Luton 013C,Investigation complete; no suspect identified
994820875c20e1fd2d229fac340f2a0befb976fe36dffea2b96c00883aa5c066,2013-05,Bedfordshire Police,Bedfordshire Police,-0.463753,51.890579,On or near ATHERSTONE ROAD,E01015712,Luton 011B,Investigation complete; no suspect identified
4dd6c3b873c61ed7f872d444b5bce6ca5be2a05773864878ebe7e365fc5622ee,2013-05,Bedfordshire Police,Bedfordshire Police,-0.499328,51.901899,On or near PLOUGH CLOSE,E01015757,Luton 009B,Suspect charged
34be77fd7eab7f6a220442fbbf44a53858130ea750db29cb15a097488bbf530e,2013-05,Bedfordshire Police,Bedfordshire Police,-0.440586,51.887334,On or near PORTLAND ROAD,E01015726,Luton 015B,Investigation complete; no suspect identified
99522199a23f51970c70ecfdb999f6d511ab7d5f42c93b4add2e8ff35b5ec21e,2013-05,Bedfordshire Police,Bedfordshire Police,-0.510150,51.913097,On or near Supermarket,E01017619,Central Bedfordshire 025E,Investigation complete; no suspect identified
7b2f9f9980df54e3b228da9489afa9db9b4ec7e8997013474847d7322ecf9d24,2013-05,Bedfordshire Police,Bedfordshire Police,-0.446715,51.884888,On or near FINWAY,E01015724,Luton 019A,Investigation complete; no suspect identified
a6a3f82b0ddda4893472bb32298106019ffaa7ff747dac8dfdf63f9a41e87f1e,2013-05,Bedfordshire Police,Bedfordshire Police,-0.436415,51.881479,On or near FERNDALE ROAD,E01015724,Luton 019A,Suspect charged
824fb4cc7e675ddbe526a144e80115c83556e29408ac0672e74c00fee1461c78,2013-05,Bedfordshire Police,Bedfordshire Police,-0.420184,51.911780,On or near FOXBURY CLOSE,E01015747,Luton 004C,Investigation complete; no suspect identified
ec820484ba5f1469c774b0a3e0803303720346da3eff0d1c10058e60a14e5287,2013-05,Bedfordshire Police,Bedfordshire Police,-0.477544,51.900055,On or near DENTON CLOSE,E01015718,Luton 013C,Investigation complete; no suspect identified
7229ca3d9826d53a67c897dd978ad7456ba6d3bbfa94a45c94363ff8ca132d0e,2013-05,Bedfordshire Police,Bedfordshire Police,-0.468880,52.131877,On or near KINGSWAY,E01017473,Bedford 015B,Suspect charged
f37f79c6275b45f0a69cc2e9fb8e4f93f3987d0d6a7680cb4b737d6a1ae05aff,2013-05,Bedfordshire Police,Bedfordshire Police,-0.419204,51.873012,On or near STOCKWOOD CRESCENT,E01015738,Luton 021A,Investigation complete; no suspect identified
9789ce7466774a0d820a6236efc466738e024e104904406aa5e664fb50dd05f0,2013-05,Bedfordshire Police,Bedfordshire Police,-0.429545,51.886000,On or near BEECH ROAD,E01015725,Luton 017E,Suspect charged
623abbed8d88656cc4f5b7025955e46e9a963608758014e67aa86135cd434a1f,2013-05,Bedfordshire Police,Bedfordshire Police,-0.417486,51.873124,On or near Petrol Station,E01015791,Luton 021C,Investigation complete; no suspect identified
0c23ca7caf804db7383c09ca60aaff18accec5e5f9b32acbb8546cbd6b8ec849,2013-05,Bedfordshire Police,Bedfordshire Police,-0.404279,51.887144,On or near Conference/Exhibition Centre,E01015742,Luton 018C,Investigation complete; no suspect identified
53968d36a888bca9ff3bff10ab9d7210e0ec6daec6ef10d44e27fd7f85671879,2013-05,Bedfordshire Police,Bedfordshire Police,-0.422560,51.873012,On or near HILLBOROUGH ROAD,E01015738,Luton 021A,Offender given a caution
6a8af22e9f358c31dd572d627bfe1c7851c2f7e867173fc3684ef29fae619647,2013-05,Bedfordshire Police,Bedfordshire Police,-0.384328,51.888364,On or near CARTERET ROAD,E01015721,Luton 014A,Investigation complete; no suspect identified
5a4be726c6cb96a1aeebf32de8423f5f1de1548b7980f782a7d5f89655f99c67,2013-05,Bedfordshire Police,Bedfordshire Police,-0.473730,52.130169,On or near PALGRAVE ROAD,E01017473,Bedford 015B,Suspect charged
1fedb472dba419cc2566a874bba273d7181e292e9e09b51d59bc7268212216ab,2013-05,Bedfordshire Police,Bedfordshire Police,-0.445169,51.897672,On or near Petrol Station,E01015787,Luton 015D,Suspect charged
677c36f2cd86f8192064294b55b8c7d7ebdcc52992d6a0af92504e19f58d9618,2013-05,Bedfordshire Police,Bedfordshire Police,-0.210548,52.188798,On or near PITSDEAN ROAD,E01018136,Huntingdonshire 018B,Investigation complete; no suspect identified
382297a28d0daa0c14d1c9ba19d78495f1e960e7cea8ebdcd4deb30fecd008c8,2013-05,Bedfordshire Police,Bedfordshire Police,-0.241935,51.992911,On or near Park/Open Space,E01023635,North Hertfordshire 003A,Investigation complete; no suspect identified
394835f8d410dc7b22fef899be52624a74a31ab2c7ebd971c7d50e2bb973092e,2013-05,Bedfordshire Police,Bedfordshire Police,-1.221614,52.198513,On or near CHAPEL STREET,E01027004,Daventry 010B,Offender given a caution
d33d2d9e3a63c521ebdc4384821a2f9dd5decd59f9f462f0e004ece2e32b3ea7,2013-05,Bedfordshire Police,Bedfordshire Police,-0.418310,51.865807,On or near Parking Area,E01015738,Luton 021A,Investigation complete; no suspect identified
8642583ee02733c731137a8be3648792ebcfb9be01e6ecbe2057528dc6ecef5e,2013-05,Bedfordshire Police,Bedfordshire Police,-0.235696,52.011557,On or near ROE CLOSE,E01033188,Central Bedfordshire 014E,Investigation complete; no suspect identified
55e5366e72192b7e032ae5d7dc5a9b8a12fdb13dd4b56cf18995bc639641f2f9,2013-05,Bedfordshire Police,Bedfordshire Police,-0.247678,52.003625,On or near NORTH DRIVE,E01033189,Central Bedfordshire 014F,Investigation complete; no suspect identified
e7497a4f50e24334448dab8b507f8426394c9d731984f63641e700c8b53114c7,2013-05,Bedfordshire Police,Bedfordshire Police,-0.645763,51.907524,On or near COOPER DRIVE,E01033192,Central Bedfordshire 024F,Offender given a caution
650a54b9ef3353510e9bc3db7d568c7f64e1f7ae373a3d675f69af0ba8bc7440,2013-05,Bedfordshire Police,Bedfordshire Police,-0.632298,51.911972,On or near COMMERCE WAY,E01033193,Central Bedfordshire 024G,Investigation complete; no suspect identified
97b6bb82a589102e4fafeaeb760772792ece66ad55d34be669dae3253f744db5,2013-05,Bedfordshire Police,Bedfordshire Police,-0.638778,51.917397,On or near Sports/Recreation Area,E01033193,Central Bedfordshire 024G,Investigation complete; no suspect identified
e314cbcc66f49ed46c6d469ed35529b16fc137802b4e70344092cf85b6f77cbf,2013-05,Bedfordshire Police,Bedfordshire Police,-0.638778,51.917397,On or near Sports/Recreation Area,E01033193,Central Bedfordshire 024G,Investigation complete; no suspect identified
17616d08810e2ccea7f08b4540e44395a28f49e31e05a060baef3e3d3339458e,2013-05,Bedfordshire Police,Bedfordshire Police,-0.634384,52.075476,On or near WEST ROAD,E01033194,Central Bedfordshire 007G,Investigation complete; no suspect identified
3b3e5320d166a2ceb5cf0ea87523b641f9df48b428539757def6a9abb3836185,2013-05,Bedfordshire Police,Bedfordshire Police,-0.594792,52.034253,On or near RIDGWAY ROAD,E01033194,Central Bedfordshire 007G,Offender given a caution
2648da6eeaa426273f9ce182f8cc7dbf744cff43a39d9a63fecc33e9aebd9f90,2013-05,Bedfordshire Police,Bedfordshire Police,-0.448855,52.165755,On or near CLEAT HILL,E01033431,Bedford 004F,Investigation complete; no suspect identified
116114f44d6ed50bdd18dca9e9f69f4edd1e3e9610d867df814e522535f9e2ce,2013-05,Bedfordshire Police,Bedfordshire Police,-0.423137,52.161593,On or near BRICKFIELD ROAD,E01033432,Bedford 004G,Investigation complete; no suspect identified
40b9fc72b75d6c0fc8f6cdb12b74869995575cd229b9ea642a4077818943c1d8,2013-05,Bedfordshire Police,Bedfordshire Police,-0.417259,51.899449,On or near PRIORY GARDENS,E01015693,Luton 007A,Investigation complete; no suspect identified
8a1ebbb668aafe502109b7c166afb3edab3f4bb9baaa5963cb9942a6bd17aa60,2013-05,Bedfordshire Police,Bedfordshire Police,-0.427867,51.901605,On or near WINSLOW CLOSE,E01015694,Luton 007B,Suspect charged
070cbecd2363f93a4778d3042ab8ac148ee444bfd427f56bcf7e6b50c7af69dd,2013-05,Bedfordshire Police,Bedfordshire Police,-0.421928,51.900617,On or near NEW BEDFORD ROAD,E01015695,Luton 007C,Suspect charged
3c2940312c9e703c07c27f0b92e0804bc94790a9912616adc30ae7e4c274be51,2013-05,Bedfordshire Police,Bedfordshire Police,-0.410184,51.909244,On or near MUIRFIELD,E01015696,Luton 007D,Investigation complete; no suspect identified
95a01b6e43320771a4a20914a3f4893e415b5092e852818f5c12744c65fdc977,2013-05,Bedfordshire Police,Bedfordshire Police,-0.440536,51.922760,On or near RYEFIELD,E01015706,Luton 001A,Investigation complete; no suspect identified
ff168eacd9e4b5fa8cf88ffd3071fbcf7840694e63dae73ebbbdeb0b036775a0,2013-05,Bedfordshire Police,Bedfordshire Police,-0.411206,51.903341,On or near FAIRFORD AVENUE,E01015697,Luton 007E,Investigation complete; no suspect identified
40fd7be08a4133ab6972ea19305091dccca69a1e9b8f283278ed3ad6c360fe86,2013-05,Bedfordshire Police,Bedfordshire Police,-0.426997,51.887387,On or near WHITBY ROAD,E01015698,Luton 017A,Suspect charged
90c981c83eddf25c542f91eaa05331e703da9e2f728db290d8b68527416f8a20,2013-05,Bedfordshire Police,Bedfordshire Police,-0.425014,51.886335,On or near BISCOT ROAD,E01015698,Luton 017A,Investigation complete; no suspect identified
6c3aca0e13fe6d9efad385c94239da563b0a48565a2111ba168c42ee678ea809,2013-05,Bedfordshire Police,Bedfordshire Police,-0.423148,51.882776,On or near Supermarket,E01015699,Luton 017B,Suspect charged
0eb2498093a84ee7475b245adb321e27451529fbff0ec90223056b6a40a48a10,2013-05,Bedfordshire Police,Bedfordshire Police,-0.421330,51.887392,On or near NEW BEDFORD ROAD,E01015699,Luton 017B,Investigation complete; no suspect identified
82aa4f37fd0cd21e7d3b846faa369ea3f4d807a4709c3fe1204cdff4bf4040e0,2013-05,Bedfordshire Police,Bedfordshire Police,-0.423107,51.886013,On or near HILLSIDE ROAD,E01015699,Luton 017B,Investigation complete; no suspect identified
cd9c00d06f7a0efe9ccbc228771f4544f4832834d5f42d2b7e4e9bfeed8a7018,2013-05,Bedfordshire Police,Bedfordshire Police,-0.421182,51.892857,On or near NEW BEDFORD ROAD,E01015700,Luton 010A,Investigation complete; no suspect identified
80f0cdb4cb361c92fd3a988330718889a2b81f4a4e7ca5a36abd6077befa13bd,2013-05,Bedfordshire Police,Bedfordshire Police,-0.435964,51.891966,On or near Shopping Area,E01015701,Luton 010B,Suspect charged
ab23648864be208f48a862730436c90da0b7b29bf8bf014ca6ce092c4f81e4a3,2013-05,Bedfordshire Police,Bedfordshire Police,-0.433270,51.893360,On or near CAVENDISH ROAD,E01015701,Luton 010B,Offender given a caution
8ffd50bf417cf81e790a3d2490dcc30b9bfddce1a835f3bfde8fe5c4cfcc0909,2013-05,Bedfordshire Police,Bedfordshire Police,-0.428831,51.891053,On or near BISCOT ROAD,E01015702,Luton 017C,Investigation complete; no suspect identified
f376d25b524d2ad2cb91d5dd9b0764344af66d0e568729eb0b9f0496d50126c0,2013-05,Bedfordshire Police,Bedfordshire Police,-0.437874,51.890103,On or near NEWARK ROAD,E01015703,Luton 015A,Investigation complete; no suspect identified
78fd0010f7fe885d205f4b5c3611596d1f67771ce31ec3b7436611fb8aa612ab,2013-05,Bedfordshire Police,Bedfordshire Police,-0.433151,51.890948,On or near LEAGRAVE ROAD,E01015704,Luton 010C,Investigation complete; no suspect identified
40462c048a1111b612233862c27fb6217bda088447aa2652c534413b40490432,2013-05,Bedfordshire Police,Bedfordshire Police,-0.430806,51.889425,On or near THE RIDINGS,E01015705,Luton 017D,Offender given a caution
159248418575342e80b3de414bbb953519c51b8f691039d98c667f81c09b4231,2013-05,Bedfordshire Police,Bedfordshire Police,-0.429319,51.924139,On or near BARTON ROAD,E01015707,Luton 001B,Investigation complete; no suspect identified
4441b193c0f6bb912130cfd0a91617e7a8f21d63425c7d8b9e29485519050830,2013-05,Bedfordshire Police,Bedfordshire Police,-0.435389,51.924841,On or near LAUNTON CLOSE,E01015708,Luton 001C,Investigation complete; no suspect identified
d4aae0d7e8861340f1c3ee59316d53c1ea83b8c9b3515b92b4033302e4cd6f3f,2013-05,Bedfordshire Police,Bedfordshire Police,-0.445450,51.922375,On or near AMES CLOSE,E01015709,Luton 001D,Investigation complete; no suspect identified
0c6dd7b931b0bae12b90635f6cf6bf49723f070f62c7f1d91b7ec340190df873,2013-05,Bedfordshire Police,Bedfordshire Police,-0.448143,51.924002,On or near WHITEHORSE VALE,E01015709,Luton 001D,Suspect charged
f57d27fdc66202ad0b4a2c9225334198286f89c1d1899666e475f28642a30cfd,2013-05,Bedfordshire Police,Bedfordshire Police,-0.436911,51.919520,On or near Petrol Station,E01015710,Luton 001E,Investigation complete; no suspect identified
7ab309ac4e1c5cb3358c5729724c52ea13e8b2b425796f7752d95fb39a4fcfe5,2013-05,Bedfordshire Police,Bedfordshire Police,-0.453655,51.893926,On or near CHESTER CLOSE,E01015711,Luton 011A,Investigation complete; no suspect identified
f5f0dc1a8aa83187c993833bad8045190f935d1c56ccbec2597ba4252d95deef,2013-05,Bedfordshire Police,Bedfordshire Police,-0.460977,51.895281,On or near GRANBY ROAD,E01015712,Luton 011B,Investigation complete; no suspect identified
b97925c7a319cada747174d84875e8bbedfefbe521ba49c3e7027a026d9e5f65,2013-05,Bedfordshire Police,Bedfordshire Police,-0.470849,51.893881,On or near WYNDHAM ROAD,E01015713,Luton 013A,Investigation complete; no suspect identified
9cdd018268ba2f8004fdac3d6c2f66532effccfc99b6d6f7b468e6901a7c9dfd,2013-05,Bedfordshire Police,Bedfordshire Police,-0.471184,51.892159,On or near DERBY ROAD,E01015714,Luton 013B,Investigation complete; no suspect identified
7d5a897bc03121bc477e76ae84cca28210c408106b863f1f642316a459dd8310,2013-05,Bedfordshire Police,Bedfordshire Police,-0.473615,51.888603,On or near TOLAND CLOSE,E01015714,Luton 013B,Investigation complete; no suspect identified
8982191b859b38cf1860ca0fd2282cdbec6b4e8ed9ee61723879135644316974,2013-05,Bedfordshire Police,Bedfordshire Police,-0.466360,51.888706,On or near BRADLEY ROAD,E01015715,Luton 011C,Investigation complete; no suspect identified
71ca263fd54313b3b37c498d4b8d3902a15b50955f6d990dcb9059be08153244,2013-05,Bedfordshire Police,Bedfordshire Police,-0.458302,51.889374,On or near CARISBROOKE ROAD,E01015715,Luton 011C,Offender given a caution
a07bf459ae7c86e851758024cb6eb0470f66a54fd150df66de4519ef03472ddf,2013-05,Bedfordshire Police,Bedfordshire Police,-0.461452,51.897958,On or near VILLIERS CLOSE,E01015716,Luton 011D,Investigation complete; no suspect identified
60f963f7bdfee448e4e3da16086a446c2d9f800507e8acb791f2d8c2db8d7f93,2013-05,Bedfordshire Police,Bedfordshire Police,-0.454138,51.897655,On or near TENBY MEWS,E01015717,Luton 011E,Investigation complete; no suspect identified
df0d7a000e29064bb9338ba7b4f8bb4a1c8e7dca55730a3c75b5ea05f27cd970,2013-05,Bedfordshire Police,Bedfordshire Police,-0.472686,51.895847,On or near FARINGDON ROAD,E01015718,Luton 013C,Investigation complete; no suspect identified
16262550b57a69cb9e2803f321e939aa44401604c6a79ed1f50462aea84a9765,2013-05,Bedfordshire Police,Bedfordshire Police,-0.477398,51.899208,On or near HOLGATE DRIVE,E01015718,Luton 013C,Investigation complete; no suspect identified
b1d6c49e3f472a06d509ea3be83fff534c3530b0e06f2f8e17f586c07ec3dfab,2013-05,Bedfordshire Police,Bedfordshire Police,-0.396120,51.883688,On or near LEYGREEN CLOSE,E01015719,Luton 016A,Investigation complete; no suspect identified
0cfac1294b1f7e00bbaa0f1bc5080aa5379b8b6519bb747fad7cf40ae6184a82,2013-05,Bedfordshire Police,Bedfordshire Police,-0.402629,51.882886,On or near BROOMS ROAD,E01015720,Luton 016B,Investigation complete; no suspect identified
3216d2e88cb0c523952d78346d3563dd7e6f2ab55ad21c33c338b9e505de32d4,2013-05,Bedfordshire Police,Bedfordshire Police,-0.383024,51.889065,On or near SUMMERS ROAD,E01015721,Luton 014A,Investigation complete; no suspect identified
92eb606f7c3ea359254255cdcb4500c6a06097d6dae71283036beda50be3d6bc,2013-05,Bedfordshire Police,Bedfordshire Police,-0.386034,51.884557,On or near POLZEATH CLOSE,E01015722,Luton 014B,Investigation complete; no suspect identified
3dee609b9d137f3870c93b40a7b8f667877055609e68d70203d633a9405dbb2f,2013-05,Bedfordshire Police,Bedfordshire Police,-0.443305,51.886857,On or near KINGSWAY,E01015724,Luton 019A,Investigation complete; no suspect identified
2458b16579749ed6efeecf4ecdba16dd653fd218f4b8e3da7f24f157be3ca0d4,2013-05,Bedfordshire Police,Bedfordshire Police,-0.432770,51.885602,On or near ASH ROAD,E01015725,Luton 017E,Investigation complete; no suspect identified
63f5ee9791b5cbce8b6ea633fc6655dfe3d52135e8c6c970519a872e61b74312,2013-05,Bedfordshire Police,Bedfordshire Police,-0.431712,51.884266,On or near Sports/Recreation Area,E01015725,Luton 017E,Investigation complete; no suspect identified
41e6836d2b739ad7d0202b567c90aad55082430bff8a8ebe1df918af0b056643,2013-05,Bedfordshire Police,Bedfordshire Police,-0.439179,51.887675,On or near DURBAR ROAD,E01015726,Luton 015B,Investigation complete; no suspect identified
c9a7961d0851a7a381719695de87564a605fb360196bd5f1721eb61454affdad,2013-05,Bedfordshire Police,Bedfordshire Police,-0.429814,51.884960,On or near IVY ROAD,E01015727,Luton 017F,Investigation complete; no suspect identified
680974f51a05fcec1a8329c4520140573688373b7321f1d8590562a09822e29d,2013-05,Bedfordshire Police,Bedfordshire Police,-0.458160,51.884607,On or near Sports/Recreation Area,E01015728,Luton 019B,Local resolution
225e1222fa606b5df92418d764d0b38bea9626365e524e2d9955b87eba088bfb,2013-05,Bedfordshire Police,Bedfordshire Police,-0.423300,51.880917,On or near DUNSTABLE ROAD,E01015729,Luton 019C,Investigation complete; no suspect identified
d72314fa24ecefe81b1583c01ac29d4eb45fcfcef229166c2436e9bb1ffded86,2013-05,Bedfordshire Police,Bedfordshire Police,-0.439539,51.883984,On or near MARLOW AVENUE,E01015730,Luton 019D,Investigation complete; no suspect identified
06c1d98183911856108d0d59af98266aacf4d636e12571c820c956c1292bd4cc,2013-05,Bedfordshire Police,Bedfordshire Police,-0.456026,51.890046,On or near CHAUL END LANE,E01015731,Luton 015C,Suspect charged
771662bb4a8f4d62766511a926a1729c7966f4534e95eb2fe1efc80a8561892d,2013-05,Bedfordshire Police,Bedfordshire Police,-0.428200,51.859573,On or near Park/Open Space,E01015732,Luton 020A,Investigation complete; no suspect identified
868709e9bf727a8d130ef6856132f1b1ad6d3ea4ad5265295e1ccbd169aaca3a,2013-05,Bedfordshire Police,Bedfordshire Police,-0.429720,51.868468,On or near FARLEY HILL,E01015732,Luton 020A,Investigation complete; no suspect identified
21a3146fc4bad70627abe4eff3b49033b04dd07f05f9c948df41820a5ba28440,2013-05,Bedfordshire Police,Bedfordshire Police,-0.439289,51.878190,On or near FELMERSHAM COURT,E01015733,Luton 020B,Investigation complete; no suspect identified
eb408201aec85094ba933455a6bb79885c23041244ad2b13061c4d28f6458a43,2013-05,Bedfordshire Police,Bedfordshire Police,-0.426951,51.875814,On or near MILTON ROAD,E01015734,Luton 020C,Investigation complete; no suspect identified
7a875cd0c7f2a1f75f2817878b80b306be867223e66801fa89fed9005a7e8234,2013-05,Bedfordshire Police,Bedfordshire Police,-0.421995,51.875873,On or near STANLEY STREET,E01015735,Luton 020D,Investigation complete; no suspect identified
0f5a452fc793dc7e2fc925ca2228a8b8d5801ba01c3ed595fb6efea5a52ef0a4,2013-05,Bedfordshire Police,Bedfordshire Police,-0.437810,51.875599,On or near ROSS CLOSE,E01015736,Luton 020E,Investigation complete; no suspect identified
367876bf7ed72fa0ba032a2a6f4f06869a2c81476c0dbbc0226523190747e446,2013-05,Bedfordshire Police,Bedfordshire Police,-0.428306,51.872775,On or near WILSDEN AVENUE,E01015737,Luton 020F,Investigation complete; no suspect identified
738152b520db1838188b15e3b8ae45f11210eedcf99cbe883c4e0006816778f6,2013-05,Bedfordshire Police,Bedfordshire Police,-0.420813,51.872279,On or near RUTHIN CLOSE,E01015738,Luton 021A,Investigation complete; no suspect identified
eaba0b481b00e419a6d41b006342bfe3386d5f76f2fc21d0e243b0707aab58a3,2013-05,Bedfordshire Police,Bedfordshire Police,-0.415264,51.885934,On or near MUSSONS PATH,E01015739,Luton 018A,Investigation complete; no suspect identified
6aaa3113a1e05d8075485ddc944bd94577cb6d62f20f8b5b45baba7f674c5360,2013-05,Bedfordshire Police,Bedfordshire Police,-0.420632,51.887832,On or near GREGORIES CLOSE,E01015739,Luton 018A,Offender given a caution
0676dd8b247334e32661636de38a15c03c057506ec70e9d896deedb25fced2de,2013-05,Bedfordshire Police,Bedfordshire Police,-0.414539,51.892911,On or near ALWYN CLOSE,E01015740,Luton 012A,Investigation complete; no suspect identified
ae9fc55ff3d1dc9b9fdbb8c6f5b5d18a4f954f9bb137596b417cd70c1dfccdec,2013-05,Bedfordshire Police,Bedfordshire Police,-0.416992,51.883071,On or near OLD BEDFORD ROAD,E01015741,Luton 018B,Investigation complete; no suspect identified
3793735d9ccbcd5f538b2a10d23fdf5d5364cef73b39db78f4bd8bce9054303b,2013-05,Bedfordshire Police,Bedfordshire Police,-0.409439,51.886701,On or near EDWARD STREET,E01015742,Luton 018C,Investigation complete; no suspect identified
784f21f94618447b4e5f248bdb88acc985d92b9d9913a805c58aac6f213a2dba,2013-05,Bedfordshire Police,Bedfordshire Police,-0.404168,51.889066,On or near WINCH STREET,E01015742,Luton 018C,Investigation complete; no suspect identified
5b6ac8410f5caf8f0fdbc09a6eb4e434215a465c243f1ea09961492513aaa536,2013-05,Bedfordshire Police,Bedfordshire Police,-0.409929,51.882688,On or near CHURCH STREET,E01015743,Luton 018D,Investigation complete; no suspect identified
12c842afcaaa2ec20a58a494358f2ad8963f356cfad54507003bcad2459f6493,2013-05,Bedfordshire Police,Bedfordshire Police,-0.429785,51.912457,On or near WYCLIFFE CLOSE,E01015744,Luton 004A,Investigation complete; no suspect identified
7fb7fa5af7c36f538e018b339bfed3b36926863f4895b8b4e83713cfb4e38c57,2013-05,Bedfordshire Police,Bedfordshire Police,-0.426190,51.905512,On or near ROSSLYN CRESCENT,E01015745,Luton 007F,Investigation complete; no suspect identified
51c868ac2e29ebdf4d8032e606b0564de9d41c847aad48783451e43cc67a2a30,2013-05,Bedfordshire Police,Bedfordshire Police,-0.429327,51.919338,On or near MARKHAM ROAD,E01015746,Luton 004B,Investigation complete; no suspect identified
bea87a1c84b699382a646179b7486485e69c9eac5e6451e0ab09513ccfe6a188,2013-05,Bedfordshire Police,Bedfordshire Police,-0.423192,51.918474,On or near LINKS WAY,E01015746,Luton 004B,Investigation complete; no suspect identified
e7ac1119d756781a463ae2e24300c703f596db76855948e77c129f9d2267ac75,2013-05,Bedfordshire Police,Bedfordshire Police,-0.437508,51.912811,On or near ST OLAM'S CLOSE,E01015748,Luton 004D,Suspect charged
15b1ec794dd441aca77d30836c7d760f1410c9e4474c39a2a8d67c14e9ddc969,2013-05,Bedfordshire Police,Bedfordshire Police,-0.433654,51.913686,On or near PEGSDON CLOSE,E01015748,Luton 004D,Investigation complete; no suspect identified
06e7cc896a861c7444ec1484c4eba17effb5738fa4d4228b5212cdf535d8195f,2013-05,Bedfordshire Police,Bedfordshire Police,-0.474214,51.906108,On or near HELMSLEY CLOSE,E01015749,Luton 005A,Investigation complete; no suspect identified
a22ff063a2a761dc09f6a4e10d77784f2d3b80644f37d82afc3f4a6e78f1c430,2013-05,Bedfordshire Police,Bedfordshire Police,-0.476668,51.905331,On or near ICKLEY CLOSE,E01015749,Luton 005A,Investigation complete; no suspect identified
28732e81752caabd580693e04fb92b515d8bb7266dfd711afb991fdb23007a86,2013-05,Bedfordshire Police,Bedfordshire Police,-0.460708,51.899755,On or near HUTTON CLOSE,E01015750,Luton 011F,Investigation complete; no suspect identified
10e826e3469cbea9a3bd5696009ed6aa9cd50762c8abe7934be0ac6c31104508,2013-05,Bedfordshire Police,Bedfordshire Police,-0.470160,51.901767,On or near Sports/Recreation Area,E01015751,Luton 005B,Investigation complete; no suspect identified
6e46074a7d5b687123b6325d9ca512d28e9142dbfbb144a1f0a84596abb16566,2013-05,Bedfordshire Police,Bedfordshire Police,-0.468371,51.903928,On or near MAYNE AVENUE,E01015751,Luton 005B,Investigation complete; no suspect identified
96186ea0f4ad01742b502d80c1449adaa69608786aa62eb7230fff45839fb7f7,2013-05,Bedfordshire Police,Bedfordshire Police,-0.476807,51.911078,On or near HASKETON DRIVE,E01015752,Luton 005C,Investigation complete; no suspect identified
f7d37b495a8f1e89a1e6509f9caabba72247f6d47940e7c433a07a9d513cac31,2013-05,Bedfordshire Police,Bedfordshire Police,-0.480894,51.909755,On or near GILDERDALE,E01015753,Luton 005D,Investigation complete; no suspect identified
882b3843c5abc0691138b18bac2efd2a8d02a470535b461b3d6924d6d9492c45,2013-05,Bedfordshire Police,Bedfordshire Police,-0.473421,51.907609,On or near BRICKLY ROAD,E01015754,Luton 005E,Investigation complete; no suspect identified
525118080bf98b0564082d58702799755567f958355ba72754abc92a8b20ce2b,2013-05,Bedfordshire Police,Bedfordshire Police,-0.459032,51.902008,On or near WOODBRIDGE CLOSE,E01015755,Luton 005F,Investigation complete; no suspect identified
7b7de7feb8d211830bd56a43122aad0859659ce06b892002eeffcebf009094e2,2013-05,Bedfordshire Police,Bedfordshire Police,-0.494757,51.904727,On or near THRESHER CLOSE,E01015756,Luton 009A,Investigation complete; no suspect identified
b703828c77307c75e6d58c875f25a7fce0e89da55f3d1d3be80ba5735d14252e,2013-05,Bedfordshire Police,Bedfordshire Police,-0.498955,51.903064,On or near WHEATFIELD ROAD,E01015757,Luton 009B,Suspect charged
fa2b2ca54e77c6c22e2f162a8597e103975e4ce92a3ffe6ac1019123070f4b5e,2013-05,Bedfordshire Police,Bedfordshire Police,-0.483373,51.906496,On or near GOLDCREST CLOSE,E01015758,Luton 009C,Investigation complete; no suspect identified
4a1930dad3c9cd9c9c6f89bb138ceca0ed4f33c4cc0918eac3565942a16c52f9,2013-05,Bedfordshire Police,Bedfordshire Police,-0.495457,51.903343,On or near ST KILDA ROAD,E01015759,Luton 009D,Investigation complete; no suspect identified
651c988c0a0a6b631d9c03f76f48e65bc0cada772c8b8418df8c1ce06b00458b,2013-05,Bedfordshire Police,Bedfordshire Police,-0.485868,51.898454,On or near ANGUS CLOSE,E01015760,Luton 009E,Investigation complete; no suspect identified
a287cb3a9387a7c919ef8cf20d0f5181e9df1718ff1fc3c6a21bea9880d3bd2a,2013-05,Bedfordshire Police,Bedfordshire Police,-0.495042,51.895766,On or near POYNTERS ROAD,E01015761,Luton 009F,Investigation complete; no suspect identified
3897dade4e89925512c7b77009623d4575aa008eea79e234a9e3537c75e89053,2013-05,Bedfordshire Police,Bedfordshire Police,-0.478396,51.894617,On or near SHAKESPEARE ROAD,E01015762,Luton 013D,Investigation complete; no suspect identified
755cef0098403cb31b48e9e59e7a5006a34a15066917494d452709de682670bb,2013-05,Bedfordshire Police,Bedfordshire Police,-0.477234,51.895897,On or near LEWSEY ROAD,E01015762,Luton 013D,Investigation complete; no suspect identified
1a843f83fad5c7edbd8a1103023d646894f2e1ff24c1c07337adfa4f3262260d,2013-05,Bedfordshire Police,Bedfordshire Police,-0.482724,51.896427,On or near CARMELITE ROAD,E01015763,Luton 013E,Investigation complete; no suspect identified
919b1c5761e1f75fe832cec0b83ec7bc841e623f1dbba2a70a9c06d2f0834a18,2013-05,Bedfordshire Police,Bedfordshire Police,-0.447464,51.909517,On or near MONTON CLOSE,E01015764,Luton 006A,Investigation complete; no suspect identified
1ef0b627f4781bf6c7a8a5d10b2e337d493ca9cb3828f3762384a266c6476622,2013-05,Bedfordshire Police,Bedfordshire Police,-0.452193,51.910676,On or near BRAMINGHAM ROAD,E01015764,Luton 006A,Offender given a caution
2e6eebdff57ce695edc16d9fa03c18306437d765d531e9944513bb16115ecb4f,2013-05,Bedfordshire Police,Bedfordshire Police,-0.458437,51.906226,On or near Petrol Station,E01015765,Luton 006B,Offender given a caution
c5b25919a7baf75735b7fc167415df684c37de58193ef9625b4e6cbd150bdc9c,2013-05,Bedfordshire Police,Bedfordshire Police,-0.458386,51.906864,On or near B579,E01015765,Luton 006B,Investigation complete; no suspect identified
0df86d6964cf01b05c8129fd615ef5effd72ff56c83fc312104bd58056d5f12a,2013-05,Bedfordshire Police,Bedfordshire Police,-0.445356,51.904463,On or near VISCOUNT CLOSE,E01015767,Luton 006D,Investigation complete; no suspect identified
59ca63ff7fc468d8b208de1450196fd3b3d81a16224c3372e33cfe1a1386935b,2013-05,Bedfordshire Police,Bedfordshire Police,-0.442203,51.911588,On or near ASHFIELD WAY,E01015768,Luton 006E,Investigation complete; no suspect identified
543ff10d5d867a0ef5bbfe400f88b0766d1e80fe727507fb927851be4e40e0c8,2013-05,Bedfordshire Police,Bedfordshire Police,-0.451631,51.916442,On or near BURNT CLOSE,E01015769,Luton 003A,Investigation complete; no suspect identified
7cee390d4148caeb27660093d65918d11b8023d701588a9519880271ba3b14b4,2013-05,Bedfordshire Police,Bedfordshire Police,-0.446468,51.914386,On or near FRESHWATER CLOSE,E01015770,Luton 001F,Offender given a drugs possession warning
77a80b4aacb4a527af645f3a3494593dbd6d1af7356ee2d2327d2971ca09cf98,2013-05,Bedfordshire Police,Bedfordshire Police,-0.452156,51.918930,On or near NORTHWELL DRIVE,E01015770,Luton 001F,Investigation complete; no suspect identified
d7a6e6cd8bcb377f09bd4ba814d9a3e1857bed2612c9940a88a3b766f1782c16,2013-05,Bedfordshire Police,Bedfordshire Police,-0.456784,51.917984,On or near FITZWARIN CLOSE,E01015771,Luton 003B,Investigation complete; no suspect identified
f8a7df823692b58cfdeef6cde7127a29466bfd531c32a3025474bfdf4a91d1f4,2013-05,Bedfordshire Police,Bedfordshire Police,-0.453967,51.914044,On or near FLINT CLOSE,E01015772,Luton 003C,Offender given a caution
d268063cf9455177015ae2768498d931af0fbfe8b86128d552e44bed4fd10411,2013-05,Bedfordshire Police,Bedfordshire Police,-0.455829,51.920813,On or near DENHAM CLOSE,E01015773,Luton 003D,Offender given a drugs possession warning
d06360e5c7d41a39867b050fc73daaf529e7bc719a29394848d457ec5ebad0a6,2013-05,Bedfordshire Police,Bedfordshire Police,-0.457320,51.923566,On or near WINCHESTER GARDENS,E01015774,Luton 003E,Investigation complete; no suspect identified
d7e5969826b62e99ac45caa7c9df84c7d431fb053df6cf9c1ce0c9677068ccd2,2013-05,Bedfordshire Police,Bedfordshire Police,-0.402890,51.894786,On or near ROSE WOOD CLOSE,E01015775,Luton 012B,Investigation complete; no suspect identified
579a85b6bf636325900119a1deff312060e27f81f3600ea58a83a5f79a45508f,2013-05,Bedfordshire Police,Bedfordshire Police,-0.390484,51.897863,On or near HALLWICKS ROAD,E01015776,Luton 012C,Investigation complete; no suspect identified
c6df5a99ea27084463ce29691a60e2173a5c7429702cce7ca8568be4860a2160,2013-05,Bedfordshire Police,Bedfordshire Police,-0.402671,51.893173,On or near FELIX AVENUE,E01015777,Luton 012D,Investigation complete; no suspect identified
e485b0da83f6189981db8a366c76ad0e95b91f0549018fd329a6c7050fc8cc1b,2013-05,Bedfordshire Police,Bedfordshire Police,-0.407527,51.890649,On or near DOREL CLOSE,E01015778,Luton 012E,Investigation complete; no suspect identified
b4c3c8c2860f18c997aa49cd46b4c76759d2a3f0c259c3407727986bc7ba29c3,2013-05,Bedfordshire Police,Bedfordshire Police,-0.410109,51.893256,On or near HATHERLEY CHASE,E01015778,Luton 012E,Suspect charged
f924b83c45898f0524eb4aa82ac3af38f2cc57abe9e39146376d1447ce18af1c,2013-05,Bedfordshire Police,Bedfordshire Police,-0.402594,51.887957,On or near HART LANE,E01015780,Luton 016E,Investigation complete; no suspect identified
9672e333bb20601162fb81e91bc2b3b651345a9811d5eb4993c16f39c312a9ac,2013-05,Bedfordshire Police,Bedfordshire Police,-0.396995,51.885219,On or near COWRIDGE CRESCENT,E01015781,Luton 016F,Investigation complete; no suspect identified
2db8430408f6120899bcee4e041fb12308c54699d1936c401376e7dc420d4971,2013-05,Bedfordshire Police,Bedfordshire Police,-0.434808,51.896779,On or near ST IVES CLOSE,E01015782,Luton 010D,Offender given a caution
1cf765595877005ae63cc841aa93a213e39f21d3b5a16fdb76ba5a4cb6a98a04,2013-05,Bedfordshire Police,Bedfordshire Police,,,No location,,,Investigation complete; no suspect identified
39bc88d8377b6ba5f5b7407c3a858b274b13e0b359fe960123f4e8681c2a8455,2013-05,Bedfordshire Police,Bedfordshire Police,-0.428691,51.897156,On or near ST BERNARD'S CLOSE,E01015784,Luton 010E,Suspect charged
1426ab8ae70b6444e2dd98554b86f82b33655bc7861423821d5cb40b7760ee66,2013-05,Bedfordshire Police,Bedfordshire Police,-0.447455,51.902611,On or near ICKNIELD ROAD,E01015785,Luton 006G,Investigation complete; no suspect identified
c176010217eef619cc16c5f397d3e58d445e3b21cd67b7fafac5eb7ed1825205,2013-05,Bedfordshire Police,Bedfordshire Police,-0.451500,51.892369,On or near Petrol Station,E01015787,Luton 015D,Suspect charged
8e968faf17c5bdc96a6fa33af74110a2a80e9430486207a1fbd5c3d26922aeb6,2013-05,Bedfordshire Police,Bedfordshire Police,-0.407773,51.873811,On or near STRATHMORE WALK,E01015789,Luton 018E,Investigation complete; no suspect identified
223dfde4bb2fbbc73c2261b2dbee4179d4f0bea7aa425c4089567a8f73605122,2013-05,Bedfordshire Police,Bedfordshire Police,-0.411422,51.877862,On or near Further/Higher Educational Building,E01015789,Luton 018E,Suspect charged
f4ab834e6bb0f2512334e8d73e1dd9b1cc934409f40a2b75928a041e054a6e52,2013-05,Bedfordshire Police,Bedfordshire Police,-0.410028,51.876189,On or near PARK VIADUCT,E01015789,Luton 018E,Investigation complete; no suspect identified
97552d422847e11f6ca03bf5561d17760469064c13f848cf0e9e043f67cca94c,2013-05,Bedfordshire Police,Bedfordshire Police,-0.411422,51.877862,On or near Further/Higher Educational Building,E01015789,Luton 018E,Investigation complete; no suspect identified
fe1b1b0fc9a8c13af0fcf7e6de6868adfeacd69373ca1893235c4fc15de03bec,2013-05,Bedfordshire Police,Bedfordshire Police,-0.403902,51.872356,On or near Sports/Recreation Area,E01015790,Luton 021B,Investigation complete; no suspect identified
44e4877e383a9c6aaa7464a95a3e3c147d5667eb90c9923bbda3fecc90b99754,2013-05,Bedfordshire Police,Bedfordshire Police,-0.410567,51.875315,On or near QUEENS CLOSE,E01015791,Luton 021C,Offender given a caution
acffa77cee1cdac593785e7a494320c1c9f14f0688b8ca9cdd1eb85cdf09f2cc,2013-05,Bedfordshire Police,Bedfordshire Police,-0.413089,51.877138,On or near PARK STREET WEST,E01015791,Luton 021C,Investigation complete; no suspect identified
560c3a07678980d8e41c6b18020303bde971e4f36f37edbf0491cae494362d02,2013-05,Bedfordshire Police,Bedfordshire Police,-0.416240,51.875094,On or near CASTLE STREET,E01015791,Luton 021C,Offender given a caution
bcfcba9c6d2547c813418e7a2ef25dec1a88868e916c36fefa86888d2f338a00,2013-05,Bedfordshire Police,Bedfordshire Police,-0.416840,51.877458,On or near Conference/Exhibition Centre,E01015791,Luton 021C,Investigation complete; no suspect identified
9936c5e769a93d0459e59122953a3bbc6c1749433fc42102a780e7b08874c710,2013-05,Bedfordshire Police,Bedfordshire Police,-0.416840,51.877458,On or near Conference/Exhibition Centre,E01015791,Luton 021C,Investigation complete; no suspect identified
5ed026a26d5d9f9ae037895ffc8896fe84176eda25e937eeb0d3b1d4e61f58d4,2013-05,Bedfordshire Police,Bedfordshire Police,-0.411647,51.873117,On or near NEW TOWN STREET,E01015792,Luton 021D,Investigation complete; no suspect identified
2d8302ac043cc94842f26a8b885355cc56979e910827f800f41ac017c4f77831,2013-05,Bedfordshire Police,Bedfordshire Police,-0.417902,51.866233,On or near LONDON ROAD,E01015793,Luton 021E,Investigation complete; no suspect identified
d56f60a7f771276328016aa51b43211f165be994f04d92ff70c2e3d9ca93a4d8,2013-05,Bedfordshire Police,Bedfordshire Police,-0.412168,51.867819,On or near CUTENHOE ROAD,E01015793,Luton 021E,Investigation complete; no suspect identified
d53a2d28c6bd2fb225be29de4bc9e861a58ea22437bc260ea587375f9a8efac6,2013-05,Bedfordshire Police,Bedfordshire Police,-0.423274,51.882077,On or near TELFORD WAY,E01015794,Luton 018F,Investigation complete; no suspect identified
9af9a4028c85937518cbb7ff49aeff0a07cd921771f5412bbce639f6abb55128,2013-05,Bedfordshire Police,Bedfordshire Police,-0.418615,51.880279,On or near GORDON STREET,E01015794,Luton 018F,Investigation complete; no suspect identified
84d40ff5a75c1574b372de611db30fe67c74d9d29ad5c1348ab84f80bc984aa6,2013-05,Bedfordshire Police,Bedfordshire Police,-0.419476,51.879769,On or near UPPER GEORGE STREET,E01015794,Luton 018F,Investigation complete; no suspect identified
fb8d785a54be55d0a5ee82ccecc6d6e7fd752c9a1dd0f784d85e9c040d520051,2013-05,Bedfordshire Police,Bedfordshire Police,-0.413942,51.878903,On or near Shopping Area,E01015794,Luton 018F,Offender given a caution
8c3e0acc7a11ff331ff701cddf0ee07e029aa4680be0ca243590a39630074183,2013-05,Bedfordshire Police,Bedfordshire Police,-0.414197,51.879077,On or near Parking Area,E01015794,Luton 018F,Investigation complete; no suspect identified
ba3663b1a04a71ba1198aff13f8c590ceec3f1e038f716baa243f9505d4a9a21,2013-05,Bedfordshire Police,Bedfordshire Police,-0.413942,51.878903,On or near Shopping Area,E01015794,Luton 018F,Suspect charged
58c53de01f47eac4cb2fe2c3c2e64960871e35c02ab6e80ff0efd5b116b1cbf2,2013-05,Bedfordshire Police,Bedfordshire Police,-0.421460,51.877862,On or near BUXTON ROAD,E01015795,Luton 021F,Suspect charged
1e527f1742ac5eb89109622af6e666c6b9247528cab21a4ba1a54bb6e9d210d3,2013-05,Bedfordshire Police,Bedfordshire Police,-0.423121,51.876904,On or near WESTERN ROAD,E01015795,Luton 021F,Investigation complete; no suspect identified
65938c9f5c1ea4c756aa9fbc3c5c6b93b36d84267204ac1fe62d9166e5084626,2013-05,Bedfordshire Police,Bedfordshire Police,-0.399422,51.902399,On or near TANCRED ROAD,E01015796,Luton 012F,Investigation complete; no suspect identified
aa84d8bc1eb714ae93ab350674d61e098206f16cd951e0c73db393db7677f3b3,2013-05,Bedfordshire Police,Bedfordshire Police,-0.385082,51.911519,On or near BEECH HILL,E01015797,Luton 008A,Investigation complete; no suspect identified
c745dd4b0c7142d59f6fc95be5da2c587a04698fb5f57952d8a6e26e68496595,2013-05,Bedfordshire Police,Bedfordshire Police,-0.389355,51.907091,On or near SWIFTS GREEN ROAD,E01015797,Luton 008A,Investigation complete; no suspect identified
2bc2a43bc2ebc2263ff59a37f525b607b9132dd772fddfd7ca3e23f6255b6db5,2013-05,Bedfordshire Police,Bedfordshire Police,-0.381076,51.900431,On or near WANDON CLOSE,E01015799,Luton 008C,Investigation complete; no suspect identified
d0ee9609bf0027067dfcdba2351f4c0d8ccdf74ff1ad83360aed282383f590c1,2013-05,Bedfordshire Police,Bedfordshire Police,-0.459076,51.914309,On or near HARDING CLOSE,E01015802,Luton 003F,Offender given a caution
1a77785edb7f4a4823ac2816f25ff6adeb5e48dac37ba0b8fe64e6acc48d31c0,2013-05,Bedfordshire Police,Bedfordshire Police,-0.472963,51.923257,On or near CHESTNUT AVENUE,E01015803,Luton 002B,Investigation complete; no suspect identified
34e358124b0c712f45c8bd40f0a37962b1da24dfb55b2cf33ba130625dcc5859,2013-05,Bedfordshire Police,Bedfordshire Police,-0.471542,51.914571,On or near Shopping Area,E01015804,Luton 002C,Investigation complete; no suspect identified
d6b52c50726e7905efe2c0278537d45e584c68ce10442b8b779abfb205af6090,2013-05,Bedfordshire Police,Bedfordshire Police,-0.371328,51.888625,On or near Supermarket,E01015808,Luton 014D,Investigation complete; no suspect identified
b31381fbae42c4fd7bb1b8c8647ca3f5dcdac8f91657405c34db272bee3341d0,2013-05,Bedfordshire Police,Bedfordshire Police,-0.364845,51.891476,On or near HEDLEY RISE,E01015810,Luton 014F,Investigation complete; no suspect identified
d8ce9a3afdef11d518fefa27e8e056f00c459741522fb009f26763ea97953022,2013-05,Bedfordshire Police,Bedfordshire Police,-0.377829,51.882421,On or near AIRPORT APPROACH ROAD,E01015811,Luton 014G,Investigation complete; no suspect identified
aae83cabaa1a4163c9c2e3c90067fa1b64dc109f073d54efc00e617c44a51cf2,2013-05,Bedfordshire Police,Bedfordshire Police,-0.376302,51.886896,On or near BARNSTON CLOSE,E01015811,Luton 014G,Investigation complete; no suspect identified
4ac60aaebf9e2d4afacbe8d8ac02ef23f3b11ab5a5d83fc9c41d0d4681792001,2013-05,Bedfordshire Police,Bedfordshire Police,-0.493186,52.032359,On or near Supermarket,E01017374,Central Bedfordshire 012D,Investigation complete; no suspect identified
a181962c0d02ddb0b7daf2c492f91b6c0cd212e42c453d4f1a494425621cb69f,2013-05,Bedfordshire Police,Bedfordshire Police,-0.267402,51.998405,On or near JUBILEE CRESCENT,E01017376,Central Bedfordshire 010A,Investigation complete; no suspect identified
511bc3367cc0435668ad7f81069531d52690e5ef55015b1c309736ac90ee2e14,2013-05,Bedfordshire Police,Bedfordshire Police,-0.263899,52.007984,On or near WESLEY CLOSE,E01017378,Central Bedfordshire 010C,Investigation complete; no suspect identified
b723c74c62463e5740d9e5f71c2e3bb198b5097e558bed621c40b19b05f7b849,2013-05,Bedfordshire Police,Bedfordshire Police,-0.635407,52.020372,On or near MEADOW VIEW,E01017379,Central Bedfordshire 007A,Investigation complete; no suspect identified
986df5764f86a75172ccebce03cf7b9b23f63388a89f0b97b90ed253e14e23d5,2013-05,Bedfordshire Police,Bedfordshire Police,-0.643480,52.012211,On or near CONCRA PARK,E01017380,Central Bedfordshire 007B,Investigation complete; no suspect identified
ad1d8d2f39184c63a08b40ec78a5dd76bf47eeca9937ea3de10a989353d158de,2013-05,Bedfordshire Police,Bedfordshire Police,-0.245632,52.074539,On or near Shopping Area,E01017381,Central Bedfordshire 006A,Investigation complete; no suspect identified
55602db7ae282d2473d4023f460794246524cc428887468934991a33e15b90bd,2013-05,Bedfordshire Police,Bedfordshire Police,-0.253934,52.083915,On or near ELM ROAD,E01017382,Central Bedfordshire 006B,Investigation complete; no suspect identified
59e53de0bde7abc250b770cf912fef186a19cc82687a9c5da52ac2b632f331f5,2013-05,Bedfordshire Police,Bedfordshire Police,-0.259121,52.083775,On or near DICKENS COURT,E01017383,Central Bedfordshire 005A,Offender given a caution
3b1daf7a602ec8c0f9c64535527cb71bc3bec2764d148fcd18a97b1ed2d1f3cc,2013-05,Bedfordshire Police,Bedfordshire Police,-0.256408,52.090461,On or near AUCKLAND ROAD,E01017384,Central Bedfordshire 005B,Investigation complete; no suspect identified
1d90c55ac8d28f6fe0fdee0ca8d42e246427d6b2c45bb1f675656e603a514aa3,2013-05,Bedfordshire Police,Bedfordshire Police,-0.254948,52.089352,On or near DROVE ROAD,E01017384,Central Bedfordshire 005B,Investigation complete; no suspect identified
a7f394350bab5ef5808f91abdd766c855b1fed1e1137c8165f352a038a21c822,2013-05,Bedfordshire Police,Bedfordshire Police,-0.263900,52.086238,On or near Supermarket,E01017385,Central Bedfordshire 005C,Investigation complete; no suspect identified
6404aff5ee66e8b5d72f38be91b2cebf474582e0afa4e1b1db01284031fc5763,2013-05,Bedfordshire Police,Bedfordshire Police,-0.263014,52.086872,On or near HIGH STREET,E01017385,Central Bedfordshire 005C,Investigation complete; no suspect identified
5b47941326ce1e28f2ab0d393664623759dfbec0c6bb5afe296f633cec127544,2013-05,Bedfordshire Police,Bedfordshire Police,-0.266431,52.079675,On or near ALBONE WAY,E01017386,Central Bedfordshire 005D,Investigation complete; no suspect identified
bb297a184f56106e9caff6022fc206dbab25bbaa2d24c1edf5daae292f1424ad,2013-05,Bedfordshire Police,Bedfordshire Police,-0.253562,52.095319,On or near SANDY VIEW,E01017388,Central Bedfordshire 005F,Investigation complete; no suspect identified
417c34841a8132818828502fc28575e1d95385a70b32f47e3b27bc5617f10bc2,2013-05,Bedfordshire Police,Bedfordshire Police,-0.230639,52.080618,On or near DUNTON LANE,E01017389,Central Bedfordshire 006C,Investigation complete; no suspect identified
7951c93b7c460123426a84fa24fe6b1031b64cede8eb6449be8840dcdf55f10b,2013-05,Bedfordshire Police,Bedfordshire Police,-0.244651,52.081313,On or near Park/Open Space,E01017389,Central Bedfordshire 006C,Investigation complete; no suspect identified
a328e6fbd010aeeac6a185d45967bc2f7e40d71280e6e58ce478e3d053e59fe1,2013-05,Bedfordshire Police,Bedfordshire Police,-0.252977,52.092352,On or near EAST WALK,E01017390,Central Bedfordshire 006D,Local resolution
ee73854145b6df12f059342271e72e5a5285e3af37dc6b76b26f2d685feabb63,2013-05,Bedfordshire Police,Bedfordshire Police,-0.295765,52.038643,On or near STOCKBRIDGE ROAD,E01017391,Central Bedfordshire 013A,Investigation complete; no suspect identified
0e1dd825e9468469e7ec86a67161abc35b1136c2d448b2c01870b1e46bdc71c1,2013-05,Bedfordshire Police,Bedfordshire Police,-0.303998,52.036460,On or near LINK WAY,E01017392,Central Bedfordshire 013B,Investigation complete; no suspect identified
b8b2da955a4f688ff8b9685cad8bb62b8d44a0658a150a0bc949a243f9656fc7,2013-05,Bedfordshire Police,Bedfordshire Police,-0.595518,52.076665,On or near MILLARDS CLOSE,E01017394,Central Bedfordshire 007C,Investigation complete; no suspect identified
a108de5c2413819ec9608ecce4395dd7dfa117cf1eb0a89e2115db3282f242c6,2013-05,Bedfordshire Police,Bedfordshire Police,-0.601348,52.072230,On or near CORONATION ROAD,E01017397,Central Bedfordshire 007F,Investigation complete; no suspect identified
3138c94dec48f9c39da15f74df5394d279def0bad10dc6ff64ae2846c5257e35,2013-05,Bedfordshire Police,Bedfordshire Police,-0.452440,51.994382,On or near FIELDSIDE ROAD,E01017398,Central Bedfordshire 017A,Investigation complete; no suspect identified
6d31a72538633d4ef392cd7398deca8f50c023fd77df8643fd99e21ff1e1814f,2013-05,Bedfordshire Police,Bedfordshire Police,-0.484107,52.009414,On or near COMMERCE WAY,E01017400,Central Bedfordshire 015B,Investigation complete; no suspect identified
443e42e1559a23b61afa04525bc59d02cb9753cb6b9dcdfea0c139c0a22f1400,2013-05,Bedfordshire Police,Bedfordshire Police,-0.493056,52.006292,On or near BROOKES ROAD,E01017401,Central Bedfordshire 015C,Local resolution
03b4853b1679086f8707200bdb73c5f2d2f09104772446056d301531fa1623f4,2013-05,Bedfordshire Police,Bedfordshire Police,-0.486564,51.999663,On or near WATER LANE,E01017402,Central Bedfordshire 015D,Investigation complete; no suspect identified
c80b6e3e8a6cd326d6f4f5538af7ecf7ffd6f4478523aaf318e221c1d88916b8,2013-05,Bedfordshire Police,Bedfordshire Police,-0.496282,52.002655,On or near Supermarket,E01017405,Central Bedfordshire 016C,Suspect charged
725f2d654e67aef8afceaebc094df7393d6071528e7cd865b5066612e3f85187,2013-05,Bedfordshire Police,Bedfordshire Police,-0.502819,52.006686,On or near BILLINGTON CLOSE,E01017407,Central Bedfordshire 016E,Investigation complete; no suspect identified
43638d80c7e8cb68f3b80c431160474c252b502c2e98bf3ec7da356939f60dd6,2013-05,Bedfordshire Police,Bedfordshire Police,-0.492819,51.960873,On or near STRAFFORD CLOSE,E01017408,Central Bedfordshire 017B,Investigation complete; no suspect identified
91003d976166d89ae8e96868e54fe035428be4cc66a8bf913552088033573cd1,2013-05,Bedfordshire Police,Bedfordshire Police,-0.491886,51.966121,On or near WINGATE ROAD,E01017409,Central Bedfordshire 017C,Investigation complete; no suspect identified
e7e088d516819d92525f70031b2822ba108d6f137eff5208bf3c80996e6b64a9,2013-05,Bedfordshire Police,Bedfordshire Police,-0.477059,52.059927,On or near KINGSWOOD CLOSE,E01017411,Central Bedfordshire 008B,Investigation complete; no suspect identified
4ec85257b2f8327732fa23a329c685985b5bf179e9180893df2c0db81ad115d2,2013-05,Bedfordshire Police,Bedfordshire Police,-0.368662,52.061578,On or near STANDALONE WARREN,E01017412,Central Bedfordshire 004A,Investigation complete; no suspect identified
27510152aad7c911450985c4adad544c1110f89ce529d3b2359922935cb9e57e,2013-05,Bedfordshire Police,Bedfordshire Police,-0.265658,52.060080,On or near EAST ROAD,E01017414,Central Bedfordshire 010E,Investigation complete; no suspect identified
29d0af1433234ce91f3f14217f48ad944f1ff2d061a4b8258a5b647356d02aaf,2013-05,Bedfordshire Police,Bedfordshire Police,-0.282832,52.032943,On or near GROVESIDE,E01017415,Central Bedfordshire 010F,Investigation complete; no suspect identified
91dffaded61e22950b1ad501d1503fe36794bfef2c9cabdc181425aad72dc33a,2013-05,Bedfordshire Police,Bedfordshire Police,-0.544665,52.056905,On or near STATION ROAD,E01017416,Central Bedfordshire 009A,Suspect charged
5589a8317178f2b036abde0713a2af46637542ef1bbb19e2160af9247e894b4d,2013-05,Bedfordshire Police,Bedfordshire Police,-0.548974,52.064799,On or near MORETEYNE ROAD,E01017418,Central Bedfordshire 009C,Investigation complete; no suspect identified
84326c5b81ed74e4c563ade7c00e9bfb50b9e868baeca49f31f921ef04636519,2013-05,Bedfordshire Police,Bedfordshire Police,-0.441997,52.027081,On or near CLOPHILL ROAD,E01017419,Central Bedfordshire 008C,Investigation complete; no suspect identified
d419de28557ef456fa9b2290a963bc08470ef32c4c734a86888d8eb174ec2ce8,2013-05,Bedfordshire Police,Bedfordshire Police,-0.475755,52.024106,On or near FLITWICK ROAD,E01017420,Central Bedfordshire 008D,Investigation complete; no suspect identified
2e113c062247c6412e418f10c3e31b084f8a49975a20483deba153f06d857ef2,2013-05,Bedfordshire Police,Bedfordshire Police,-0.417209,52.029790,On or near HIGH STREET,E01017421,Central Bedfordshire 008E,Offender given a drugs possession warning
96b33dc2f827cb018425769738eef80b456769f8784ed84e170ed605ae989a89,2013-05,Bedfordshire Police,Bedfordshire Police,-0.273788,52.093621,On or near Supermarket,E01017422,Central Bedfordshire 004B,Local resolution
948dfb8d7bffc20daebc4777844907f7c963a750e970e9d1d42a42a9f21ce558,2013-05,Bedfordshire Police,Bedfordshire Police,-0.273788,52.093621,On or near Supermarket,E01017422,Central Bedfordshire 004B,Local resolution
5836d78e609909c31d308f5f06061598cecce514f407cd9a020eaf288433507a,2013-05,Bedfordshire Police,Bedfordshire Police,-0.315587,52.136890,On or near Park/Open Space,E01017424,Central Bedfordshire 004D,Investigation complete; no suspect identified
a18df44bc11b8a6313d7a0d55b27d8ccc894160255ccddab7760e084a5cf3525,2013-05,Bedfordshire Police,Bedfordshire Police,-0.213483,52.111164,On or near HIGH STREET,E01017425,Central Bedfordshire 003A,Investigation complete; no suspect identified
d27bb01ad901fd62e97f17705dac74c8c76064b8d9eb455977d323408a83f340,2013-05,Bedfordshire Police,Bedfordshire Police,-0.244393,52.146255,On or near CHURCH ROAD,E01017427,Central Bedfordshire 003C,Local resolution
00ebc63d3491a59cd96e2eca1b26c1eeeed03a4dea637e31a4c8c7ac7224acd2,2013-05,Bedfordshire Police,Bedfordshire Police,-0.222418,52.126630,On or near THE PADDOCKS,E01017429,Central Bedfordshire 003E,Investigation complete; no suspect identified
dc2b60b191705b2964f8ad4aa23976b598740d2b6e83d1479b8ca1bcf0f75b6d,2013-05,Bedfordshire Police,Bedfordshire Police,-0.296595,52.130665,On or near QUEEN'S ROAD,E01017430,Central Bedfordshire 002A,Investigation complete; no suspect identified
3970255eea5574936b3bc5b60405b022ffd3eaafc6e1dc8d7705433bb644eddb,2013-05,Bedfordshire Police,Bedfordshire Police,-0.258115,52.113729,On or near Park/Open Space,E01017431,Central Bedfordshire 002B,Investigation complete; no suspect identified
74dcddc902433a3ec0f1fbf5ee3e5828f4e44830b87f1479082d2efe2bb94301,2013-05,Bedfordshire Police,Bedfordshire Police,-0.294539,52.121374,On or near HIGH ROAD,E01017432,Central Bedfordshire 002C,Investigation complete; no suspect identified
546aa60579451b0d6dee7dfa70a937e615faaca3909963aaa7bf41af191143e3,2013-05,Bedfordshire Police,Bedfordshire Police,-0.290339,52.136860,On or near MAPLE ROAD,E01017433,Central Bedfordshire 001A,Investigation complete; no suspect identified
0ec049e31682916d07e5b1dc35d17a9def623e353a09bbd39a038e51b6f2fd8c,2013-05,Bedfordshire Police,Bedfordshire Police,-0.291384,52.131687,On or near MILLS WALK,E01017434,Central Bedfordshire 001B,Investigation complete; no suspect identified
9b082b245eed15d249a811622573dabb9b8c184ac628891ffadf3cda18222f8a,2013-05,Bedfordshire Police,Bedfordshire Police,-0.289422,52.131425,On or near LEEDS SMITH DRIVE,E01017434,Central Bedfordshire 001B,Investigation complete; no suspect identified
e3ca8d873901d2117b5e94faabc01d6d3fc47deba1bd0b746c36d25ed856bfb1,2013-05,Bedfordshire Police,Bedfordshire Police,-0.284522,52.142961,On or near GOSFORTH CLOSE,E01017435,Central Bedfordshire 002D,Investigation complete; no suspect identified
a8c5838c8525fbd5735310ba44b3799855b1d5dff3a2d2b4555504169c4628f8,2013-05,Bedfordshire Police,Bedfordshire Police,-0.334454,52.039619,On or near NORTHBRIDGE STREET,E01017437,Central Bedfordshire 011A,Investigation complete; no suspect identified
0346fe0ee3e65aa866314dc4d520c80b26726d967e26654f0fc19d83b5a409ac,2013-05,Bedfordshire Police,Bedfordshire Police,-0.320625,52.037067,On or near HYDE CLOSE,E01017438,Central Bedfordshire 011B,Investigation complete; no suspect identified
49f35625db2430c2052d53be5537c570c0be437b160172b60d16ae0b2a8e0258,2013-05,Bedfordshire Police,Bedfordshire Police,-0.344705,52.036032,On or near SCHOOL LANE,E01017439,Central Bedfordshire 011C,Investigation complete; no suspect identified
0a4523e211c03b01663dbaa0b13bdffc80b170bc885e9a6b642ccbfa95d6811a,2013-05,Bedfordshire Police,Bedfordshire Police,-0.322336,52.035383,On or near MAPLE DRIVE,E01017440,Central Bedfordshire 011D,Investigation complete; no suspect identified
ec8183eadb3269b3c9532e63c6c60a98408211a489d51f850f22ee70ec441ed2,2013-05,Bedfordshire Police,Bedfordshire Police,-0.378106,52.012678,On or near Parking Area,E01017441,Central Bedfordshire 011E,Investigation complete; no suspect identified
723d8a89454918194c7e70316b9e2011cc4cf28be76f784889f53c81fed4aab9,2013-05,Bedfordshire Police,Bedfordshire Police,-0.303885,52.003998,On or near THREE STAR CARAVAN PARK,E01017443,Central Bedfordshire 013E,Local resolution
e07224c5231e84fdc60467ce28b872a04b271444178fca0c3fa79f914cf1d244,2013-05,Bedfordshire Police,Bedfordshire Police,-0.370735,51.960029,On or near PEGSDON WAY,E01017444,Central Bedfordshire 011F,Investigation complete; no suspect identified
3e7c0f1e0b271af0c120e41c5d3c402dc55e499c65993b22dac0021ed028104d,2013-05,Bedfordshire Police,Bedfordshire Police,-0.370735,51.960029,On or near PEGSDON WAY,E01017444,Central Bedfordshire 011F,Investigation complete; no suspect identified
98c1914365984a6b3a8680c7e35e0c3c7dc2d849ae8ee805afe483a288168fca,2013-05,Bedfordshire Police,Bedfordshire Police,-0.228954,52.016617,On or near UPPERSTONE CLOSE,E01017446,Central Bedfordshire 014A,Investigation complete; no suspect identified
896802f3e2b09dc561f5f0351605f9698ddc5e4359aba089efd3659d42307154,2013-05,Bedfordshire Police,Bedfordshire Police,-0.222435,52.012320,On or near MURRELL LANE,E01017447,Central Bedfordshire 014B,Investigation complete; no suspect identified
3abc58feb708a6409c15c50bdd74e52eb2789ddb8aae2660bd2af31214b348a2,2013-05,Bedfordshire Police,Bedfordshire Police,-0.229870,52.021846,On or near PRINCE'S STREET,E01017449,Central Bedfordshire 014D,Investigation complete; no suspect identified
10d81f9e82257f7e50682fad4674ba8ed0d899a2a5bc3495e09557665c22e252,2013-05,Bedfordshire Police,Bedfordshire Police,-0.498783,51.985370,On or near HIGHFIELDS,E01017450,Central Bedfordshire 017E,Investigation complete; no suspect identified
dc71362d7dd807824b1186acc95ce18c0bd124c2c227e80e498d85615ab38940,2013-05,Bedfordshire Police,Bedfordshire Police,-0.618392,51.986995,On or near GEORGE STREET,E01017451,Central Bedfordshire 009D,Investigation complete; no suspect identified
d3303d742884453198d352363f6a47d7f31c8afb63c3b4953ae3ae39e72dd2c8,2013-05,Bedfordshire Police,Bedfordshire Police,-0.560089,52.006779,On or near COBBLERS LANE,E01017451,Central Bedfordshire 009D,Investigation complete; no suspect identified
1285d6902b987384e68fbf1df420d50e1c0a004bbeaf6a80f5a19700d505e04a,2013-05,Bedfordshire Police,Bedfordshire Police,-0.460221,52.166048,On or near HODDER ROAD,E01017453,Bedford 005A,Investigation complete; no suspect identified
3e132d03d85dc8eb6bc7ea1e6ac8ea0628fad2c482178740827f3f94c85dcb52,2013-05,Bedfordshire Police,Bedfordshire Police,-0.455504,52.150683,On or near KINGFISHER CLOSE,E01017456,Bedford 005D,Investigation complete; no suspect identified
282da7886b423c12e6cc51fc7edd2f03ebeab9c760b5c6733302bfed05d8eaad,2013-05,Bedfordshire Police,Bedfordshire Police,-0.461509,52.152434,On or near BRICKHILL DRIVE,E01017457,Bedford 005E,Investigation complete; no suspect identified
7b3c6d3715bba870c54a95207b371a1337f87d7882fcbc770624029831316972,2013-05,Bedfordshire Police,Bedfordshire Police,-0.537821,52.144521,On or near PRINCES ROAD,E01017459,Bedford 008A,Investigation complete; no suspect identified
9fc58d34d0151aa1b370bde1dc4919c8073855cdf9cc7f305c5e3b938932d3d7,2013-05,Bedfordshire Police,Bedfordshire Police,-0.518268,52.154159,On or near STEWART CLOSE,E01017460,Bedford 008B,Investigation complete; no suspect identified
abb598d5d03f2852c73487ed27aace45da2e53e14f7305699d2c29c762525c74,2013-05,Bedfordshire Police,Bedfordshire Police,-0.517944,52.132243,On or near CARNOUSTIE DRIVE,E01017461,Bedford 008C,Suspect charged
e50febe8b4dec2cb8185c8852292e84d195c2c904aad0de894e2b537a9e8397a,2013-05,Bedfordshire Police,Bedfordshire Police,-0.529640,52.143089,On or near BRETT DRIVE,E01017462,Bedford 008D,Investigation complete; no suspect identified
34c262a63a141c226106caa6673c65b5c14627a5590824850a0366cbab31e1a7,2013-05,Bedfordshire Police,Bedfordshire Police,-0.553242,52.207542,On or near TOWN LOT LANE,E01017464,Bedford 002A,Investigation complete; no suspect identified
0260e458f41a68c890726a8380e17234c8fa9a78c8e1a533da45f7d3ce4cdfdb,2013-05,Bedfordshire Police,Bedfordshire Police,-0.550530,52.209028,On or near TRINITY CLOSE,E01017464,Bedford 002A,Investigation complete; no suspect identified
52ce5548a90809bce72d00d97bae4ed3b09ec8190345bb9a90325d3b903a060e,2013-05,Bedfordshire Police,Bedfordshire Police,-0.603375,52.192348,On or near CARRIERS WAY,E01017465,Bedford 002B,Investigation complete; no suspect identified
5bf3f9fa9018f014122f522efd7cd49e2c4eb24271e08471f6cc84f1a5edeee2,2013-05,Bedfordshire Police,Bedfordshire Police,-0.473275,52.136637,On or near PRIORY STREET,E01017466,Bedford 012A,Suspect charged
d6c73906ff817e2a2db5d818c7d29208be13f1c2c5fe3a7fa47e9d2a00cc7fdb,2013-05,Bedfordshire Police,Bedfordshire Police,-0.468922,52.137039,On or near Shopping Area,E01017466,Bedford 012A,Investigation complete; no suspect identified
8aa4fcbc8ea57b628bd3f7aa6f11ed8e612919903d4a7fb28a033ffd7824c4cd,2013-05,Bedfordshire Police,Bedfordshire Police,-0.469508,52.135707,On or near Parking Area,E01017466,Bedford 012A,Suspect charged
d1dd6961d4fd3f35628cd991564cf2aa7668c022343829204f80145c530c70f8,2013-05,Bedfordshire Police,Bedfordshire Police,-0.470832,52.135436,On or near Parking Area,E01017466,Bedford 012A,Local resolution
51bd07703950ce92dc8aeead90e90ab46a1fc7c2d683fbe6db4b0a850e2477f5,2013-05,Bedfordshire Police,Bedfordshire Police,-0.455482,52.136953,On or near CASTLE ROAD,E01017467,Bedford 012B,Investigation complete; no suspect identified
284d86a8b972bf0cd3641847f39359be80f3ec4229bd827c95c7e6b9524a5653,2013-05,Bedfordshire Police,Bedfordshire Police,-0.446839,52.132956,On or near LONGHOLME WAY,E01017468,Bedford 012C,Investigation complete; no suspect identified
d1582656170a8d5ea202c1a0fab76ff1d2019de763de1f6c8b33a79c0632dab6,2013-05,Bedfordshire Police,Bedfordshire Police,-0.464833,52.135700,On or near CASTLE LANE,E01017469,Bedford 012D,Investigation complete; no suspect identified
924a65b66854a84fe1e2c8b7b01672988ec95c8eee0eb4f7df3d054026d845fd,2013-05,Bedfordshire Police,Bedfordshire Police,-0.464227,52.137589,On or near GADSBY STREET,E01017469,Bedford 012D,Investigation complete; no suspect identified
2019eb56de03f177dc030cc5ceb96e157392d137f0becb9794ebd221b3334682,2013-05,Bedfordshire Police,Bedfordshire Police,-0.466128,52.136706,On or near Supermarket,E01017469,Bedford 012D,Offender given penalty notice
e6d8549f3fbc2a578a689913b60fa7d0ee0c8175616b2b9ba4bdd833cf544e4d,2013-05,Bedfordshire Police,Bedfordshire Police,-0.479839,52.139554,On or near BROMHAM ROAD,E01017471,Bedford 012F,Investigation complete; no suspect identified
e29f57fc4ba16367fb78961287683913933292e534fcd88eb579e605f90970ab,2013-05,Bedfordshire Police,Bedfordshire Police,-0.471331,52.137510,On or near Bus/Coach Station,E01017471,Bedford 012F,Suspect charged
6c0c18c0106bacb02cd57194d6bc921b0891f7d09be1df05db48afba0b68b782,2013-05,Bedfordshire Police,Bedfordshire Police,-0.466621,52.124466,On or near HAYNES ROAD,E01017472,Bedford 015A,Investigation complete; no suspect identified
290718168b4f130736af41fb9540b2148f37f4b11113006569829d28d43280e5,2013-05,Bedfordshire Police,Bedfordshire Police,-0.466302,52.125244,On or near GILLESPIE CLOSE,E01017473,Bedford 015B,Investigation complete; no suspect identified
1795a8acc230b607f88b981439756ea5c5577220c3472a4cd844da7faa1beb14,2013-05,Bedfordshire Police,Bedfordshire Police,-0.468480,52.126486,On or near OSSORY WAY,E01017474,Bedford 015C,Suspect charged
f067bc4386bb454badf285f181b0e8b3a31d947a36f5043146710c2bac362dfe,2013-05,Bedfordshire Police,Bedfordshire Police,-0.472102,52.124384,On or near AMPTHILL ROAD,E01017475,Bedford 015D,Investigation complete; no suspect identified
9dbdde652fb306ad3aee67045c2a011fbf4a73e12e653f3322bab284055b9368,2013-05,Bedfordshire Police,Bedfordshire Police,-0.459172,52.120197,On or near BROAD AVENUE,E01017476,Bedford 015E,Investigation complete; no suspect identified
be10f8f8e1097b76b04981d756d32c8ff0dfeebc26b5ea6877f279183d250737,2013-05,Bedfordshire Police,Bedfordshire Police,-0.459983,52.117870,On or near CORBY CLOSE,E01017477,Bedford 015F,Investigation complete; no suspect identified
230207a7d4a06539071bc55ba40fc01b10607891c9d01c3b3d79b21fdae508e9,2013-05,Bedfordshire Police,Bedfordshire Police,-0.509560,52.194294,On or near CHURCH CLOSE,E01017478,Bedford 003A,Investigation complete; no suspect identified
0910ac8ff55b2920cd55ecf0c6c459ae0c5baa0501a4c084c16e1eac6d16f172,2013-05,Bedfordshire Police,Bedfordshire Police,-0.492289,52.160321,On or near PRESERVINE WALK,E01017479,Bedford 003B,Offender given a caution
c8126c7bfb27dbec06086027a386baa723be12dd4619daa1676e8df46049350f,2013-05,Bedfordshire Police,Bedfordshire Police,-0.503772,52.169728,On or near TINSLEY CLOSE,E01017480,Bedford 003C,Investigation complete; no suspect identified
fae5948a63f44f9eb89d44730ccd976e51946bb379f2ee7d4b8378398ae401f1,2013-05,Bedfordshire Police,Bedfordshire Police,-0.497317,52.166005,On or near BENTS CLOSE,E01017481,Bedford 003D,Offender given a caution
637435b181a71c18672153f610a436e0b6235d7d51fffa4210996732f736b346,2013-05,Bedfordshire Police,Bedfordshire Police,-0.458360,52.146261,On or near ST AUGUSTINE'S ROAD,E01017482,Bedford 009A,Investigation complete; no suspect identified
8bc2ce4fd7b82195643c820e8891e490fbc715a993b639d76699126c7c94a62a,2013-05,Bedfordshire Police,Bedfordshire Police,-0.451951,52.146905,On or near BRENDON AVENUE,E01017482,Bedford 009A,Investigation complete; no suspect identified
9c0640579d5937cfba8ae4e709ca9bdc1cd4a8a6668e349c444f17abdd44c701,2013-05,Bedfordshire Police,Bedfordshire Police,-0.462859,52.139540,On or near KIMBOLTON ROAD,E01017484,Bedford 009C,Investigation complete; no suspect identified
6d34186707bf6662c172ffcd8e8f306bd787e9e1bdf9677cf1bc9929603ed7ac,2013-05,Bedfordshire Police,Bedfordshire Police,-0.457573,52.140712,On or near Sports/Recreation Area,E01017485,Bedford 009D,Suspect charged
255de371b6a6075e76547c17d12022f8567c3cdc9e9f3a755dfa0ed04e67a807,2013-05,Bedfordshire Police,Bedfordshire Police,-0.421105,52.118605,On or near HARROWDEN LANE,E01017486,Bedford 019A,Investigation complete; no suspect identified
ffe0833dae082b7aa897b6fc0cfe993bbc6748796442fb044615a90adafadfd3,2013-05,Bedfordshire Police,Bedfordshire Police,-0.435308,52.110091,On or near CONCORDE CLOSE,E01017487,Bedford 019B,Investigation complete; no suspect identified
40ae62f9552a2390c5bf97c8a98e44a8867633a9cd3cf1024b62629ea9cd202f,2013-05,Bedfordshire Police,Bedfordshire Police,-0.431562,52.109070,On or near DE HAVILLAND AVENUE,E01017487,Bedford 019B,Investigation complete; no suspect identified
b018637c692ee62cfc9aef855cec1c3908af33a5c57cbe9214cdc631688143a2,2013-05,Bedfordshire Police,Bedfordshire Police,-0.422742,52.148380,On or near KERSHOPE CLOSE,E01017490,Bedford 007C,Investigation complete; no suspect identified
9f42eafb05beb9dc1d31a5efdf7852b7916ba18d20513edc3f55f390bbac2b10,2013-05,Bedfordshire Police,Bedfordshire Police,-0.422199,52.146376,On or near SHUTTLEWORTH ROAD,E01017490,Bedford 007C,Investigation complete; no suspect identified
d43a221cd434cddc5c5434355a19979d1e989fcdcb8ec651dbb92dab92e11b0a,2013-05,Bedfordshire Police,Bedfordshire Police,-0.436909,52.146572,On or near THE CROFT,E01017491,Bedford 007D,Investigation complete; no suspect identified
f7ae0f2e908b18a9a84d95bfd271dc55587d038e54e00fdf49ae1f4095f0333c,2013-05,Bedfordshire Police,Bedfordshire Police,-0.431130,52.143825,On or near GOLDINGTON GREEN,E01017491,Bedford 007D,Suspect charged
3b3ce7de7597daf4169836b6cce605580c90d301fd52ddea6d1d6463cd21e5f2,2013-05,Bedfordshire Police,Bedfordshire Police,-0.424506,52.153879,On or near HAMSTERLEY CLOSE,E01017492,Bedford 007E,Local resolution
7cad9f3297264d7ac423d395b70a048a9ea1945761c851c7622ab0a436907eed,2013-05,Bedfordshire Police,Bedfordshire Police,-0.427400,52.152632,On or near Supermarket,E01017492,Bedford 007E,Suspect charged
9f28c6e05524e2d5c66fcfe04f48b4f0a4f5bdb3ed7bf5c83ff6782581ce3701,2013-05,Bedfordshire Police,Bedfordshire Police,-0.417579,52.153417,On or near POPPYFIELDS,E01017493,Bedford 007F,Investigation complete; no suspect identified
173ceaf16a5f7d8e395e31b320483590dd869b610911a38848cb2255ba4bcb9a,2013-05,Bedfordshire Police,Bedfordshire Police,-0.344476,52.153835,On or near WOODPECKER CLOSE,E01017495,Bedford 004B,Investigation complete; no suspect identified
198a4329084a6a187e7d5a39bb76389419de42ac64c6db8e6a043b8cbbdc3603,2013-05,Bedfordshire Police,Bedfordshire Police,-0.390614,52.127769,On or near RYE CRESCENT,E01017496,Bedford 004C,Investigation complete; no suspect identified
b5bfee174d435e4c5e0b1ef9fe6b0e241cf7d197d7422e5d9017c696fb329277,2013-05,Bedfordshire Police,Bedfordshire Police,-0.472508,52.144116,On or near GARFIELD STREET,E01017497,Bedford 010A,Investigation complete; no suspect identified
4a1592c9b7396ebcf3dd82d09d20c22822959e1513e12ee452596f79a731c4a3,2013-05,Bedfordshire Police,Bedfordshire Police,-0.471543,52.147125,On or near PARK ROAD NORTH,E01017498,Bedford 010B,Offender given penalty notice
5f2d925df9cca1ce1e52603fd8821c1a17cb987b52a129ab7957dd7d94f8b794,2013-05,Bedfordshire Police,Bedfordshire Police,-0.485421,52.149893,On or near Sports/Recreation Area,E01017499,Bedford 010C,Investigation complete; no suspect identified
5cdbadcd2262007d68fab075ea8e7bf20568852756be83d6f31f357d81a22573,2013-05,Bedfordshire Police,Bedfordshire Police,-0.485821,52.145430,On or near Petrol Station,E01017499,Bedford 010C,Investigation complete; no suspect identified
e64acae33b421c66bfffd9c1d9d32c918f8b223dc12626a04267423d5a7e9f6e,2013-05,Bedfordshire Police,Bedfordshire Police,-0.478111,52.142660,On or near WARWICK AVENUE,E01017501,Bedford 010E,Investigation complete; no suspect identified
c89e670c81970d7fb2f8803e2a5624dab9b063ed0164a29d966aaae80318d398,2013-05,Bedfordshire Police,Bedfordshire Police,-0.468380,52.141320,On or near PRINCESS STREET,E01017502,Bedford 010F,Investigation complete; no suspect identified
f0d2ea58600af22d5972f08c5631167bc865286bcf43eaf5de8e3fb12026ea3e,2013-05,Bedfordshire Police,Bedfordshire Police,-0.468254,52.139476,On or near BALSALL STREET EAST,E01017502,Bedford 010F,Investigation complete; no suspect identified
65319eba69c9b677d687453a629fe9fb733d243958952cfdd0414122ade732d0,2013-05,Bedfordshire Police,Bedfordshire Police,-0.469894,52.142779,On or near CAVENDISH STREET,E01017502,Bedford 010F,Investigation complete; no suspect identified
ba37ee0ea92c46465cbea93e97270bf6d0269399070814c510a04698d8b7d2be,2013-05,Bedfordshire Police,Bedfordshire Police,-0.602609,52.273168,On or near RUSHDEN ROAD,E01017503,Bedford 002C,Investigation complete; no suspect identified
aa4141907fcb820bd07cad87cefcb46e3975327c5925e12625fd58b787864dc2,2013-05,Bedfordshire Police,Bedfordshire Police,-0.608879,52.236272,On or near Sports/Recreation Area,E01017503,Bedford 002C,Investigation complete; no suspect identified
824858cfc4b0f30a37f85be11c8533f0ab039da2dca7e09f6f0f62afda7d7291,2013-05,Bedfordshire Police,Bedfordshire Police,-0.609841,52.202656,On or near SAXON HOUSE END,E01017504,Bedford 002D,Investigation complete; no suspect identified
154e757886c0bd70e2c540b83875dac2381c16336501cf3a0ad12195e0a0ea8d,2013-05,Bedfordshire Police,Bedfordshire Police,-0.492091,52.118168,On or near MASSEY CLOSE,E01017505,Bedford 017A,Investigation complete; no suspect identified
15a984b32889722b798ee048a074dfbd696911ba496b8f745e5bf717b92d2dc3,2013-05,Bedfordshire Police,Bedfordshire Police,-0.479869,52.120654,On or near COLLEGE STREET,E01017506,Bedford 017B,Local resolution
339c481de66ac5f7f7ddf5227d94d0d3f42fcaffdaa90cb65557af3a2248f14d,2013-05,Bedfordshire Police,Bedfordshire Police,-0.481779,52.117316,On or near WHITTINGSTALL AVENUE,E01017507,Bedford 017C,Investigation complete; no suspect identified
8a32402ac284362d73ee6f683ed8c7f77c33e85877e5a5efe56939251cc47db5,2013-05,Bedfordshire Police,Bedfordshire Police,-0.506243,52.115579,On or near GREENVIEW CLOSE,E01017510,Bedford 016B,Investigation complete; no suspect identified
8d6500e4383ea118ef3d9e68150ccaba343317cee7af9d8c28c0cf8dccb64737,2013-05,Bedfordshire Police,Bedfordshire Police,-0.496634,52.120303,On or near KING STREET,E01017510,Bedford 016B,Investigation complete; no suspect identified
8f094bcc5663dca62099c86ad70cf7ccbc420e2366500b638b3282841a9acc91,2013-05,Bedfordshire Police,Bedfordshire Police,-0.499725,52.130062,On or near Park/Open Space,E01017511,Bedford 016C,Investigation complete; no suspect identified
2ce3dc5bf12c168130613ee35f34b852e41d2c8ccc6ea9ae4bdd8f8bbbb0c791,2013-05,Bedfordshire Police,Bedfordshire Police,-0.495964,52.125042,On or near MAYFIELD CLOSE,E01017512,Bedford 016D,Offender given a caution
1016c5ff9882c3810a58cc10e86a26d138e637081c6dc27b9fe9ab4b9d364935,2013-05,Bedfordshire Police,Bedfordshire Police,-0.487523,52.113748,On or near THE HOLLIES,E01017513,Bedford 018A,Suspect charged
98f1e958daf42540e40c642e85228627b52a697677be443f7d91f2e47ce6b55c,2013-05,Bedfordshire Police,Bedfordshire Police,-0.504158,52.110670,On or near WILLIAMSON ROAD,E01017515,Bedford 018C,Investigation complete; no suspect identified
e46655c6150d5094a8e0c8082799066c39408b3f6cc1038e3f043ed7c0a0ce11,2013-05,Bedfordshire Police,Bedfordshire Police,-0.486636,52.108450,On or near Shopping Area,E01017516,Bedford 018D,Investigation complete; no suspect identified
30cd91d47b598645d1724fa21d6d0468a483bbfde3608a5d5825c1da61126419,2013-05,Bedfordshire Police,Bedfordshire Police,-0.486636,52.108450,On or near Shopping Area,E01017516,Bedford 018D,Suspect charged
833349e8f6ad4b358575f4fd1eb07687c4493d11d521da418b3413a07e42679d,2013-05,Bedfordshire Police,Bedfordshire Police,-0.452575,52.121315,On or near SOUTHWAY,E01017518,Bedford 014A,Investigation complete; no suspect identified
2b5e669a4fb7bc337d588d5dd77238ecdff482adeeef69ece2cc752a5775bf6e,2013-05,Bedfordshire Police,Bedfordshire Police,-0.451203,52.129713,On or near Supermarket,E01017519,Bedford 014B,Suspect charged
2ccb3923a65dcaabbd6f6c8b0103107cef26dccfbce719cfb3e1c8bfdd8d8b4a,2013-05,Bedfordshire Police,Bedfordshire Police,-0.451203,52.129713,On or near Supermarket,E01017519,Bedford 014B,Suspect charged
ab22a5b01f583598b2f305225159379cd1d2d5146feda89ff3a62c04221c0c68,2013-05,Bedfordshire Police,Bedfordshire Police,-0.437661,52.117162,On or near A421,E01017520,Bedford 014C,Investigation complete; no suspect identified
6d62f6251e908abfbeb9dbef5597fc68b13013bf4c767e61365388b653a94d25,2013-05,Bedfordshire Police,Bedfordshire Police,-0.454670,52.124103,On or near CEDAR ROAD,E01017521,Bedford 014D,Investigation complete; no suspect identified
f512fad3bb966d7ac0025220a0619c0423aea77fbdcdcee5cdda41a5615efa9d,2013-05,Bedfordshire Police,Bedfordshire Police,-0.461478,52.127033,On or near VULCAN STREET,E01017522,Bedford 014E,Investigation complete; no suspect identified
75fbd20681d9af2dfa8e2c5bc4906719dc03cdce886f11e0d4d338126d046d1d,2013-05,Bedfordshire Police,Bedfordshire Police,-0.461478,52.127033,On or near VULCAN STREET,E01017522,Bedford 014E,Investigation complete; no suspect identified
6a5774fb07a62eea858f641542583753f6c7642ca8edee82b2a0aa5e1cb86e22,2013-05,Bedfordshire Police,Bedfordshire Police,-0.457940,52.127554,On or near CHRISTIE ROAD,E01017523,Bedford 014F,Suspect charged
d3530d316c41a3f47ca077f0a2e8fb25210d301032a039155dfd06c67b64a771,2013-05,Bedfordshire Police,Bedfordshire Police,-0.457940,52.127554,On or near CHRISTIE ROAD,E01017523,Bedford 014F,Investigation complete; no suspect identified
25ec9e8d0a06d73fb9a80fc160ac2af2ed5fcbec785afe4c7b284e299286097a,2013-05,Bedfordshire Police,Bedfordshire Police,-0.437587,52.133463,On or near MAIA CLOSE,E01017524,Bedford 011A,Investigation complete; no suspect identified
d6ee2886fb631d8bc41ab9c20d4aad5144430981bf6284c94d74753311ef2b65,2013-05,Bedfordshire Police,Bedfordshire Police,-0.434707,52.138945,On or near HARPENDEN CLOSE,E01017525,Bedford 011B,Suspect charged
62a9ca12db7d10395f0d4d81097fa74cacfcf6b47233bbe2fa36e43f7c8daaed,2013-05,Bedfordshire Police,Bedfordshire Police,-0.430835,52.136844,On or near CARTMEL PRIORY,E01017526,Bedford 011C,Investigation complete; no suspect identified
e660a8d1d2fde9155d9643d579b44f5cd9836f73750cddfa4f7677d19e9753c9,2013-05,Bedfordshire Police,Bedfordshire Police,-0.429047,52.154856,On or near CAISTER ROAD,E01017529,Bedford 006A,Investigation complete; no suspect identified
c4c6bb480f92ff23c6e7892f812e51ea9be151678c6607762fcd061f2de61a15,2013-05,Bedfordshire Police,Bedfordshire Police,-0.431546,52.156967,On or near NEWARK AVENUE,E01017531,Bedford 006C,Investigation complete; no suspect identified
135e83d41da4d8e2367be341ef37571792cc4332e2422cff62dc64009e42f439,2013-05,Bedfordshire Police,Bedfordshire Police,-0.441392,52.152961,On or near PUTNOE HEIGHTS,E01017532,Bedford 006D,Investigation complete; no suspect identified
90f004d489190ceaca574038b1c97193988d7625a444e58b1f2e98e199465678,2013-05,Bedfordshire Police,Bedfordshire Police,-0.433618,52.157893,On or near COLCHESTER WAY,E01017533,Bedford 006E,Investigation complete; no suspect identified
82e5c952e6ca2c3431b72a6355231b8b58158347b3d26529f95c7ac1ee512cb5,2013-05,Bedfordshire Police,Bedfordshire Police,-0.434922,52.158648,On or near Pedestrian Subway,E01017533,Bedford 006E,Local resolution
0e56ee12aa949edfa051a12b667808ac0884482c6c21de943bc83dc936210c94,2013-05,Bedfordshire Police,Bedfordshire Police,-0.487943,52.137140,On or near WESTFIELD ROAD,E01017535,Bedford 013A,Investigation complete; no suspect identified
41169ebc3519f87b1b51e4e5bbcdde049b3556e0c31717965416cdcec70bd635,2013-05,Bedfordshire Police,Bedfordshire Police,-0.482084,52.133711,On or near FAIRFAX ROAD,E01017536,Bedford 013B,Investigation complete; no suspect identified
78cb51e7c5442bd2db278ea90849015de7a0125a8489e54e60e89e4725629d72,2013-05,Bedfordshire Police,Bedfordshire Police,-0.480825,52.135053,On or near HENLEY ROAD,E01017536,Bedford 013B,Investigation complete; no suspect identified
cff6e14c95a600fa932ebfdc1dedf2eb64153360fc323d69385bceb7d95557fe,2013-05,Bedfordshire Police,Bedfordshire Police,-0.493795,52.131299,On or near ORMESBY WAY,E01017537,Bedford 013C,Investigation complete; no suspect identified
b43fc28d49db7e5a501d5dec2ec1cfe610a7e914b80466d28d7d01bd33ce451e,2013-05,Bedfordshire Police,Bedfordshire Police,-0.487766,52.131581,On or near TRINITY ROAD,E01017538,Bedford 013D,Investigation complete; no suspect identified
63d605c5a5e7104b2f6fb85e9a33bb5ab8251a7745e1a4b9988c1a3a3ba62eb3,2013-05,Bedfordshire Police,Bedfordshire Police,-0.485835,52.136825,On or near WINIFRED ROAD,E01017539,Bedford 013E,Investigation complete; no suspect identified
518b3d4f44a316478aa5e5ee1b4bf4960f8e3b284ff377cc43e6665e6128f1ae,2013-05,Bedfordshire Police,Bedfordshire Police,-0.409147,52.276268,On or near KIMBOLTON ROAD,E01017540,Bedford 001A,Investigation complete; no suspect identified
890913b35258cddef6bbebe8893401ba4b93432cf8335fe3fb07bc893cda233b,2013-05,Bedfordshire Police,Bedfordshire Police,-0.467375,52.259074,On or near Petrol Station,E01017541,Bedford 001B,Local resolution
7d66c4cc53d34eb7a910be3ded769036531e95d1f1d2adce918e64bf13964a26,2013-05,Bedfordshire Police,Bedfordshire Police,-0.397141,52.181968,On or near HOLLIS LANE,E01017542,Bedford 004D,Investigation complete; no suspect identified
3a50ed453ce9feaa0cabb58847e5ced78ef1e7b38379363be305cf110be792e0,2013-05,Bedfordshire Police,Bedfordshire Police,-0.370908,52.193378,On or near COLESDEN ROAD,E01017543,Bedford 004E,Investigation complete; no suspect identified
259c2bfae00e551f665c0ee6b25f4363d6b3ec02e2e2a3182f8e2e0087313025,2013-05,Bedfordshire Police,Bedfordshire Police,-0.537081,52.229919,On or near PARK LANE,E01017545,Bedford 001D,Investigation complete; no suspect identified
39707b368161a5a466c0eaf14f4764a409765329ab913aed60241fc0dcf027b9,2013-05,Bedfordshire Police,Bedfordshire Police,-0.562778,52.130119,On or near SPRING LANE,E01017547,Bedford 002F,Investigation complete; no suspect identified
c9287db0bfc2336f3bae659f04bb947ec937cfb36c5cb4e4098b51294ddb2996,2013-05,Bedfordshire Police,Bedfordshire Police,-0.443903,52.079652,On or near HAMPTON CLOSE,E01017548,Bedford 019C,Investigation complete; no suspect identified
1193bb8c47dd9ab715904997cfa78daba92615d9fa4184454ff855342f31a182,2013-05,Bedfordshire Police,Bedfordshire Police,-0.488234,52.088393,On or near BEDFORD ROAD,E01017550,Bedford 019E,Investigation complete; no suspect identified
88827d360c22b2bf7b119acc1a041172b58b520a23a72c2f578989fb5b3cba6f,2013-05,Bedfordshire Police,Bedfordshire Police,-0.480915,52.106210,On or near AMPTHILL ROAD,E01017550,Bedford 019E,Local resolution
26afe44140c4b9bc4824eb2074690514646177c9a85fe8021ac8e8c450be1b9f,2013-05,Bedfordshire Police,Bedfordshire Police,-0.533460,52.094413,On or near CHURCH ROAD,E01017551,Bedford 020A,Investigation complete; no suspect identified
a16666216ee2f9f38666c94c1eb604a53e6e0de6a4443994f6d9ea36aafacadb,2013-05,Bedfordshire Police,Bedfordshire Police,-0.508606,52.067073,On or near THE CRESCENT,E01017552,Bedford 020B,Investigation complete; no suspect identified
7d1ac11762d0ccb50a13f88fed3d5b47f5fe475efab1be2d245fa06f12a44f95,2013-05,Bedfordshire Police,Bedfordshire Police,-0.660194,51.914028,On or near GROVE PLACE,E01017555,Central Bedfordshire 021A,Investigation complete; no suspect identified
3ee164365597305bb8ac815f3f1e47b060a399db129ed70cb660ebbddc7c0cb2,2013-05,Bedfordshire Police,Bedfordshire Police,-0.665009,51.916402,On or near FRIDAY STREET,E01017555,Central Bedfordshire 021A,Investigation complete; no suspect identified
087b8ac01b975ab522cdcee7332aa53034c2dd78d420672f491ef3724bf7d160,2013-05,Bedfordshire Police,Bedfordshire Police,-0.651514,51.917444,On or near WOODMAN CLOSE,E01017556,Central Bedfordshire 021B,Investigation complete; no suspect identified
8cf6fb2e5c986656e74a79f471def46a4243e092eb25b42f16387ece4bbe3fba,2013-05,Bedfordshire Police,Bedfordshire Police,-0.661442,51.919500,On or near BAKER STREET,E01017557,Central Bedfordshire 021C,Investigation complete; no suspect identified
e84f5e50da3899623b16db011739323b473f3ed90ff756a161175cfe12cb0ef8,2013-05,Bedfordshire Police,Bedfordshire Police,-0.431338,51.966768,On or near SHORTCROFT COURT,E01017558,Central Bedfordshire 018A,Investigation complete; no suspect identified
d18af77a0e923770ef3c59d60cf1fb3a66f576fc8007ae1740c92b5daf4ecb23,2013-05,Bedfordshire Police,Bedfordshire Police,-0.431586,51.959237,On or near LUTON ROAD,E01017559,Central Bedfordshire 018B,Investigation complete; no suspect identified
1d9a708c119dba6060a3415c3f22151fa2db27277e9467093ac7b687f901224b,2013-05,Bedfordshire Police,Bedfordshire Police,-0.425721,51.970434,On or near CHURCHILL ROAD,E01017560,Central Bedfordshire 018C,Investigation complete; no suspect identified
e7e3b90285ad69c7a229d6e6baa21de3dc1a4710baf22369255ab1199a1e799e,2013-05,Bedfordshire Police,Bedfordshire Police,-0.482828,51.860533,On or near A5,E01017561,Central Bedfordshire 033A,Suspect charged
dc8959d0737758674c35fd635c0717693049d03cf2a11e9e0e3c6d165c100293,2013-05,Bedfordshire Police,Bedfordshire Police,-0.455525,51.860565,On or near ENSLOW CLOSE,E01017563,Central Bedfordshire 033C,Investigation complete; no suspect identified
75606fa0ef93d9e3595a7ff28b7aa79e12bbc9ac8520febb6ed2b1d84ae36032,2013-05,Bedfordshire Police,Bedfordshire Police,-0.434640,51.853095,On or near ROSSWAY,E01017564,Central Bedfordshire 033D,Offender given a caution
ec1d76df4500d9321522e7753892bf827edbfc85dd9e8311cfc3e407ec192677,2013-05,Bedfordshire Police,Bedfordshire Police,-0.523289,51.879112,On or near APPLEBY GARDENS,E01017565,Central Bedfordshire 029A,Investigation complete; no suspect identified
b41317431daba676c5f89ced60279a0a9224a75bf4a878149602760dc30aa874,2013-05,Bedfordshire Police,Bedfordshire Police,-0.545327,51.883622,On or near BADGERS GATE,E01017566,Central Bedfordshire 028A,Investigation complete; no suspect identified
f4688362fed92e34a60da1cc543f8f1109d79dc8d40c54c74a8a076a4d19d4cb,2013-05,Bedfordshire Police,Bedfordshire Police,-0.529287,51.884061,On or near WEST STREET,E01017567,Central Bedfordshire 029B,Investigation complete; no suspect identified
4e4fc4a2c1e6d19813f63cb03f119459ec042c47250f260c9ac33d50dd4718b5,2013-05,Bedfordshire Police,Bedfordshire Police,-0.647056,51.911432,On or near RICHMOND ROAD,E01017575,Central Bedfordshire 024C,Investigation complete; no suspect identified
30e277b72a6d40a57ddcee72f807248287acd9a0e239bfe3be0ec95c0745b2bb,2013-05,Bedfordshire Police,Bedfordshire Police,-0.523518,51.884969,On or near Police Station,E01017567,Central Bedfordshire 029B,Suspect charged
8fd93dcecddde03c8008999449e7b165eb0b5975121daab1753b6ad00e8aaaeb,2013-05,Bedfordshire Police,Bedfordshire Police,-0.522952,51.886274,On or near Parking Area,E01017568,Central Bedfordshire 029C,Investigation complete; no suspect identified
6bd8d67bd9a11ea9adf312934d86d15fcd8c5299621e3bd048673c9a09c6abee,2013-05,Bedfordshire Police,Bedfordshire Police,-0.529126,51.892124,On or near Petrol Station,E01017568,Central Bedfordshire 029C,Investigation complete; no suspect identified
8c800a765d27845ea41f93978daa7d7c993123e82dec17b4d37f04ad25fc5385,2013-05,Bedfordshire Police,Bedfordshire Police,-0.522594,51.887888,On or near QUEENSWAY,E01017568,Central Bedfordshire 029C,Local resolution
0740d0f9fc433c78f298180bfb1534462f32a3ac11b0554f92d0ad8976ef8e3b,2013-05,Bedfordshire Police,Bedfordshire Police,-0.523901,51.885243,On or near VICTORIA STREET,E01017569,Central Bedfordshire 029D,Investigation complete; no suspect identified
29542868498c973c76139406d6f5e8fb8289b78df1e1d1849503f7ed0ec9b808,2013-05,Bedfordshire Police,Bedfordshire Police,-0.517978,51.886868,On or near KINGSBURY COURT,E01017570,Central Bedfordshire 029E,Investigation complete; no suspect identified
96e0264ed456267f9af237679529138ee56f11d4ea288f72989d7eb10df0c1cf,2013-05,Bedfordshire Police,Bedfordshire Police,-0.523897,51.891573,On or near CRABTREE WAY,E01017570,Central Bedfordshire 029E,Investigation complete; no suspect identified
87b4f1f7c1dfcd3ed30838ac041faf24294a97e3e32ef01815575435080b6a09,2013-05,Bedfordshire Police,Bedfordshire Police,-0.519971,51.885455,On or near Shopping Area,E01017570,Central Bedfordshire 029E,Investigation complete; no suspect identified
c3757babe7c2198968624dabb3ae3bdec6c72359551aa9020025a69b3a92f60a,2013-05,Bedfordshire Police,Bedfordshire Police,-0.514486,51.888757,On or near Shopping Area,E01017570,Central Bedfordshire 029E,Investigation complete; no suspect identified
f3bc6ec057591032e23d35f14137efc8cf7fc20ed2cfafbff6478b80998e961f,2013-05,Bedfordshire Police,Bedfordshire Police,-0.595860,51.877582,On or near CANTILUPE CLOSE,E01017571,Central Bedfordshire 032A,Investigation complete; no suspect identified
0ebe669e50e33770e75e67c8911208410452feec45b2028b1305f78166dec55d,2013-05,Bedfordshire Police,Bedfordshire Police,-0.645231,51.916995,On or near Supermarket,E01017573,Central Bedfordshire 024A,Suspect charged
4b29e7a3723b2d9e5861336236c28d6f2e58d05b8ba4414ca0926a7d73f4c94c,2013-05,Bedfordshire Police,Bedfordshire Police,-0.657910,51.946758,On or near Petrol Station,E01017577,Central Bedfordshire 019A,Investigation complete; no suspect identified
2832f62b9c178dece4c2b6a242abac89a587c988df351c22bde49b29a16a4115,2013-05,Bedfordshire Police,Bedfordshire Police,-0.523271,51.900035,On or near WESTBURY CLOSE,E01017578,Central Bedfordshire 026A,Investigation complete; no suspect identified
e11e3772598abe516efcf43ebc27366ae7592688ce9db7a35676b3fd3d5f8150,2013-05,Bedfordshire Police,Bedfordshire Police,-0.527947,51.906856,On or near PLAITERS WAY,E01017579,Central Bedfordshire 026B,Investigation complete; no suspect identified
f4d5e9e222223f05d7679beffb478f0fba03f72f81ed639221b487970decf339,2013-05,Bedfordshire Police,Bedfordshire Police,-0.502502,51.903504,On or near KENSINGTON CLOSE,E01017580,Central Bedfordshire 026C,Investigation complete; no suspect identified
4f2f8adb9df060db524569fbc0ad23457968e10056f87308cfd8043e43502d82,2013-05,Bedfordshire Police,Bedfordshire Police,-0.506908,51.906950,On or near LOWRY DRIVE,E01017580,Central Bedfordshire 026C,Investigation complete; no suspect identified
fb61dd691a3578a19aac58422aa727a581350c970b273a85470d1cbbd48f8977,2013-05,Bedfordshire Police,Bedfordshire Police,-0.511000,51.905411,On or near BROOKFIELD AVENUE,E01017581,Central Bedfordshire 026D,Investigation complete; no suspect identified
124ea25c3855fd628f2d92aef1bf12d9499eb582312fb5bb30d36799fa097520,2013-05,Bedfordshire Police,Bedfordshire Police,-0.514803,51.906034,On or near EAST END,E01017581,Central Bedfordshire 026D,Investigation complete; no suspect identified
84501c87b6806833c409b8f2268ddcf99550bcf02a2488f566677fb2cf7bf0f4,2013-05,Bedfordshire Police,Bedfordshire Police,-0.499807,51.886647,On or near Sports/Recreation Area,E01017582,Central Bedfordshire 027A,Investigation complete; no suspect identified
45c745f704db551f97807d18d3c81bdb969f0d89025df18339bbff19525baed8,2013-05,Bedfordshire Police,Bedfordshire Police,-0.491564,51.893708,On or near OLD DAIRY COURT,E01017583,Central Bedfordshire 027B,Investigation complete; no suspect identified
3dbe203b8d6e3bf35dd429733dd9429364f2a0e78123ae4b22a2c8585201220f,2013-05,Bedfordshire Police,Bedfordshire Police,-0.512408,51.888776,On or near Petrol Station,E01017584,Central Bedfordshire 027C,Suspect charged
b6de46f7e67cd39dd0d1a0360d01658375484d1767009d8b9801ef991dd490ac,2013-05,Bedfordshire Police,Bedfordshire Police,-0.512408,51.888776,On or near Petrol Station,E01017584,Central Bedfordshire 027C,Investigation complete; no suspect identified
bb463563682d3eea9c7cdd5e0be2f624f1950076b68422b5cb4e9e6c0c483571,2013-05,Bedfordshire Police,Bedfordshire Police,-0.503259,51.851408,On or near WOOD CLOSE,E01017586,Central Bedfordshire 032C,Suspect charged
8e4427f62acd2490f2ae31f0d55ed6204a42cbb0cde7b9773f404950720f4ab7,2013-05,Bedfordshire Police,Bedfordshire Police,-0.507405,51.852917,On or near MALMS CLOSE,E01017586,Central Bedfordshire 032C,Investigation complete; no suspect identified
1790a188a565bfdef87d3ed2c2ecf203e44d20c015c242730d0681e5096fe086,2013-05,Bedfordshire Police,Bedfordshire Police,-0.534003,51.851642,On or near B4540,E01017587,Central Bedfordshire 032D,Investigation complete; no suspect identified
e36286f9d80c7c3907b226efa7f7064f0befb67aef4b80a06d258a5ce4f397d8,2013-05,Bedfordshire Police,Bedfordshire Police,-0.678028,51.920658,On or near ST MARY'S WAY,E01017589,Central Bedfordshire 022A,Investigation complete; no suspect identified
ca4478c4e8112f488ca44445c68e5710b3f697d8b21806eb1a5d8cdc9b4c29ab,2013-05,Bedfordshire Police,Bedfordshire Police,-0.676846,51.922785,On or near LINCOMBE SLADE,E01017590,Central Bedfordshire 022B,Investigation complete; no suspect identified
3bf4c2a690a084a47eeb133e231cc28f63cbe2ce2daa1ffbd8056cf5b185a733,2013-05,Bedfordshire Police,Bedfordshire Police,-0.672219,51.911044,On or near CAMBERTON ROAD,E01017591,Central Bedfordshire 022C,Investigation complete; no suspect identified
04a76c1166b81685a64a77bc682fe57970b9d40fa263797e3e9c2fd3ba488d8b,2013-05,Bedfordshire Police,Bedfordshire Police,-0.516457,51.883198,On or near HIGH STREET SOUTH,E01017592,Central Bedfordshire 030A,Investigation complete; no suspect identified
7d88cfc972ee76f52d9ec3b945276a6b2fedc69eb9595e057b8cbd87b7b2a409,2013-05,Bedfordshire Police,Bedfordshire Police,-0.510122,51.886256,On or near STOKERS CLOSE,E01017592,Central Bedfordshire 030A,Investigation complete; no suspect identified
275f6f8f6e000dab655991a2ee8f824f0456778450f88cda93f7adbeb4e2eafb,2013-05,Bedfordshire Police,Bedfordshire Police,-0.499701,51.878940,On or near JARDINE WAY,E01017593,Central Bedfordshire 030B,Investigation complete; no suspect identified
d5b51bcf3fc3199a3f5ea2da5a252895da84b1cb4012c800e7d38bb2f9e03d25,2013-05,Bedfordshire Police,Bedfordshire Police,-0.504318,51.876841,On or near WOODFIELD GATE,E01017594,Central Bedfordshire 030C,Suspect charged
7fae1df85b2d02a22a2d977954a631259f585090e34c0cbf2111fdcaee6cc62a,2013-05,Bedfordshire Police,Bedfordshire Police,-0.545234,51.888314,On or near GREENFIELD CLOSE,E01017595,Central Bedfordshire 028B,Investigation complete; no suspect identified
a0c5c42f41f597566f266f9cc8b08f294d9d32cbb78130b7e1c74db8d717185f,2013-05,Bedfordshire Police,Bedfordshire Police,-0.534564,51.885322,On or near HAMBLING PLACE,E01017596,Central Bedfordshire 028C,Suspect charged
859bd1e4db52cef53be1c6082ea06965aea21894afdb4fff0cac218e8c06d741,2013-05,Bedfordshire Police,Bedfordshire Police,-0.532827,51.884671,On or near BENNING AVENUE,E01017597,Central Bedfordshire 028D,Investigation complete; no suspect identified
caa0c2179b42a7295151baa5779d279b057d1f56afdf71c749c40ae9a7365b4e,2013-05,Bedfordshire Police,Bedfordshire Police,-0.532473,51.895996,On or near NORTHFIELDS,E01017599,Central Bedfordshire 028F,Investigation complete; no suspect identified
c4749d6b7de351c6265b968da6925cfb339493480491c4d7c3ce55e59ad3a17e,2013-05,Bedfordshire Police,Bedfordshire Police,-0.499135,51.911617,On or near HOUGHTON PARK ROAD,E01017600,Central Bedfordshire 025A,Investigation complete; no suspect identified
48f57fd0a69b8b97f424fe77adb1644c3ea6ce519a5590cdec9d4e4c796a7def,2013-05,Bedfordshire Police,Bedfordshire Police,-0.503590,51.910999,On or near TRIDENT DRIVE,E01017601,Central Bedfordshire 025B,Investigation complete; no suspect identified
8e201957c3f895006dd9e153bcbcd04ad6a16b25ff2c7ca22276d9758db7b003,2013-05,Bedfordshire Police,Bedfordshire Police,-0.507145,51.911215,On or near PARKSIDE DRIVE,E01017601,Central Bedfordshire 025B,Investigation complete; no suspect identified
a6f6f1f1811c2661b2f374a9d95eac3b9cee5a87e030fe46587cd0bad95906d2,2013-05,Bedfordshire Police,Bedfordshire Police,-0.510978,51.910922,On or near WESTMINSTER GARDENS,E01017602,Central Bedfordshire 025C,Investigation complete; no suspect identified
bd4d3b6691599f7849735ec24e92cf324e7b0f7be3007ae4cda23b79945086bd,2013-05,Bedfordshire Police,Bedfordshire Police,-0.644418,51.919863,On or near CARINA DRIVE,E01017603,Central Bedfordshire 020A,Investigation complete; no suspect identified
ca5b671370cd19dac2e8e899e83f71ed39cd7680fb8d63898ded3bb21569f2fd,2013-05,Bedfordshire Police,Bedfordshire Police,-0.638845,51.919025,On or near OATFIELD GARDENS,E01017605,Central Bedfordshire 020C,Investigation complete; no suspect identified
64203eba61479e0d3d7ece8a3ecbaa51cc32cb374fa2750046ebec19f4f24e46,2013-05,Bedfordshire Police,Bedfordshire Police,-0.646697,51.926776,On or near VANDYKE ROAD,E01017606,Central Bedfordshire 020D,Local resolution
650ad8d7c212a5278555c323523b41e2d6413e8d255b2e8705ba42d2ab2954e8,2013-05,Bedfordshire Police,Bedfordshire Police,-0.664122,51.934024,On or near REDWOOD GLADE,E01017607,Central Bedfordshire 020E,Investigation complete; no suspect identified
579d433b3e382183e93eb1fd6d971c42c353283464ebce0505140b3e27b27f7a,2013-05,Bedfordshire Police,Bedfordshire Police,-0.657068,51.923298,On or near ASH GROVE,E01017608,Central Bedfordshire 021D,Investigation complete; no suspect identified
74767b4d149b3a70f647758fcc2890e850ab08d14767ae3dabf3b0dbe6084a9c,2013-05,Bedfordshire Police,Bedfordshire Police,-0.655058,51.924390,On or near CLARENCE ROAD,E01017609,Central Bedfordshire 021E,Suspect charged
3c5535456fe0bb5575fa502e7add280abf6a6a76c340ec73949b69e83cba317f,2013-05,Bedfordshire Police,Bedfordshire Police,-0.689892,51.920728,On or near FYNE DRIVE,E01017611,Central Bedfordshire 023A,Investigation complete; no suspect identified
008461d0a8627706532a50be6dc9485942231ca07008cba947c5dc963e687c39,2013-05,Bedfordshire Police,Bedfordshire Police,-0.594070,51.908887,On or near TILSWORTH ROAD,E01017615,Central Bedfordshire 019B,Investigation complete; no suspect identified
be3a74324f9ef2da068c1c8f0cfcd8eeb9c2b7dcd5c958516e083d450d28d8cf,2013-05,Bedfordshire Police,Bedfordshire Police,-0.480560,51.937310,On or near HILLS VIEW,E01017616,Central Bedfordshire 018D,Investigation complete; no suspect identified
4e096823d16f2e25a18ff803fc78d222358fb756e69b637033049a3d2f00f04c,2013-05,Bedfordshire Police,Bedfordshire Police,-0.519178,51.906053,On or near PEEL STREET,E01017617,Central Bedfordshire 026E,Investigation complete; no suspect identified
06936a9db9c1277779a69a52fae5221c97f86433ecef7eff4eab3a113779a5ab,2013-05,Bedfordshire Police,Bedfordshire Police,-0.522162,51.908599,On or near CHURCHFIELD ROAD,E01017618,Central Bedfordshire 025D,Investigation complete; no suspect identified
11c6af48f8cf4ea6ca8fbe57a11707bc51949f7c1d43490ea8efac375f4d20bd,2013-05,Bedfordshire Police,Bedfordshire Police,-0.514922,51.911242,On or near RECREATION ROAD,E01017619,Central Bedfordshire 025E,Investigation complete; no suspect identified
bf7e999eaada6cb6069a8313f1f811ff00bf292ecad81f79f7ac0ce3636dfedb,2013-05,Bedfordshire Police,Bedfordshire Police,-0.529942,51.945032,On or near LUTON ROAD,E01017620,Central Bedfordshire 019C,Investigation complete; no suspect identified
e48ac8652f2e57d325683b678427366add809f7204bc6313e4b7fc3f5594460e,2013-05,Bedfordshire Police,Bedfordshire Police,-0.534376,51.940213,On or near MOUNT PLEASANT AVENUE,E01017622,Central Bedfordshire 019E,Investigation complete; no suspect identified
00088d44701b27c5d69d8942c1ebd87478f1f6a9115b0bd235701af8bf97269a,2013-05,Bedfordshire Police,Bedfordshire Police,-0.513783,51.875720,On or near BIBSHALL CRESCENT,E01017626,Central Bedfordshire 031D,Investigation complete; no suspect identified
73326aa30904d91f8613febe704d61d4fa35410502640708c69c41292e87e904,2013-05,Bedfordshire Police,Bedfordshire Police,,,No location,,,Investigation complete; no suspect identified
6a7a75b737a95e4cc8427194e8ae4a395588642286c5d9404fc4a4b1510b1867,2013-05,Bedfordshire Police,Bedfordshire Police,,,No location,,,Investigation complete; no suspect identified
e4ce6dd70b93f4783002dc787dc097bb683028ee9c7002b108269b6205d4dde5,2013-05,Bedfordshire Police,Bedfordshire Police,,,No location,,,Offender given a caution
a93885aeb0cd7dfbc36305c222bf72392e39fbeb0174e9d7437e2ab34faad498,2013-05,Bedfordshire Police,Bedfordshire Police,,,No location,,,Investigation complete; no suspect identified
8980ba22d5411de114f74355d59aabcb892295328bb4d8eddd4ddb164bfd73db,2013-05,Bedfordshire Police,Bedfordshire Police,,,No location,,,Investigation complete; no suspect identified
15092e5059ee683de354ecd3802282f41596d877b71109b21a87cec65c72f2f5,2013-05,Bedfordshire Police,Bedfordshire Police,,,No location,,,Investigation complete; no suspect identified
41ce98f945283dd3d7dfc24e606257af7d89dd808144098d91066df154821bf8,2013-05,Bedfordshire Police,Bedfordshire Police,,,No location,,,Investigation complete; no suspect identified
00c634881b0b0046c857955307ed888ed566dd718090ea82da81182930e7a0cd,2013-05,Bedfordshire Police,Bedfordshire Police,,,No location,,,Investigation complete; no suspect identified
a44323c826dfc09900073797dccc06256e18b14975359a8022902300bd822178,2013-05,Bedfordshire Police,Bedfordshire Police,,,No location,,,Investigation complete; no suspect identified
7a4cf5e20961c61e1153b091b7fab8b7059d4e1f75608e01097241e46627081b,2013-05,Bedfordshire Police,Bedfordshire Police,,,No location,,,Suspect charged
488d5e970f19ff107b077bf39450c620edf92a98f4ae72004eac3abd9b934608,2013-05,Bedfordshire Police,Bedfordshire Police,,,No location,,,Investigation complete; no suspect identified
f1947021ad1aaab310544201e148b4985a4019cc9a9c225fee10ba48efbddfb3,2013-05,Bedfordshire Police,Bedfordshire Police,,,No location,,,Investigation complete; no suspect identified
b7d6c01e6db316a62971d987628baf8e0d835dd258b728b1d585fbf1aa53ea52,2013-05,Bedfordshire Police,Bedfordshire Police,-0.495913,52.123494,On or near VINEYARD WAY,E01017509,Bedford 016A,Suspect charged
108b0470e582b06fb853f91c15d31ba0d134184907e6805d1173272d14b06220,2013-05,Bedfordshire Police,Bedfordshire Police,,,No location,,,Suspect charged
5a6ecd018743c4c043d09f16d183ceafc0832aa5d0c7211e196a352813d3366c,2013-05,Bedfordshire Police,Bedfordshire Police,,,No location,,,Investigation complete; no suspect identified
2e8ad85c54467c77b95badba37cfc425652bae6c5a9e678e72890738a2afedaf,2013-05,Bedfordshire Police,Bedfordshire Police,,,No location,,,Investigation complete; no suspect identified
d603c8336ff9ddf4656e339428b2c607f6368c875faad37876f0dde66357081b,2013-05,Bedfordshire Police,Bedfordshire Police,,,No location,,,Investigation complete; no suspect identified
2e46258efea9f68a15de9e5611b358ec17120d96be7a2c4242ad080130ea8ad5,2013-05,Bedfordshire Police,Bedfordshire Police,-0.485488,51.888567,On or near KILN WAY,E01017583,Central Bedfordshire 027B,Suspect charged
f8c9a31fc06a1751a75c865bbe25e483468ab62b0673e25a1892ae349dede668,2013-05,Bedfordshire Police,Bedfordshire Police,-0.407685,51.876705,On or near GLOUCESTER ROAD,E01015789,Luton 018E,Suspect charged
f0179787a735382d6768d7424f3338f4a0127a7525395743d6946204878f5bb5,2013-05,Bedfordshire Police,Bedfordshire Police,,,No location,,,Investigation complete; no suspect identified
c85482e49f28625946c27971a079b24acdbf9078222875a1c67cd018ccee0beb,2013-05,Bedfordshire Police,Bedfordshire Police,,,No location,,,Investigation complete; no suspect identified
9dd04123fe2ef06cde0aab599846eff01619f2166eecb4add838340ce276f202,2013-05,Bedfordshire Police,Bedfordshire Police,,,No location,,,Investigation complete; no suspect identified
e4f4bfd86b134a0156860920dd4d49ff78f70d2a53ac37dc29bd39e8271e3687,2013-05,Bedfordshire Police,Bedfordshire Police,,,No location,,,Suspect charged
aba888de9d9c560950d866b89faaa09550a5c11ff0bdaa72164d16413fd7f035,2013-05,Bedfordshire Police,Bedfordshire Police,,,No location,,,Investigation complete; no suspect identified
e834318b8542523ad8935c451326dfb1ce1938bca66d3aa406a06b506a9151b5,2013-05,Bedfordshire Police,Bedfordshire Police,,,No location,,,Suspect charged
f27a59281a23a05a998b33da3a1923548f684eed00bb705060d39e024773fd0e,2013-05,Bedfordshire Police,Bedfordshire Police,,,No location,,,Investigation complete; no suspect identified
920129cf4116cdad7ffda7349048cda6610871368324d9ddb6d1c83deb447bc8,2013-05,Bedfordshire Police,Bedfordshire Police,-0.450284,51.912072,On or near REPTON CLOSE,E01015769,Luton 003A,Investigation complete; no suspect identified
7fe8795f302ddfacbbfde0063f02dff48595f0cd492563255c13bb6a4b5f65b8,2013-05,Bedfordshire Police,Bedfordshire Police,-0.392700,51.886680,On or near CRAWLEY GREEN ROAD,E01015780,Luton 016E,Offender given community sentence
8ec6cec8e18a5a99560ad2fda2b3bb02d96952395e7852d749def32aaeba12ab,2013-05,Bedfordshire Police,Bedfordshire Police,-0.431712,51.884266,On or near Sports/Recreation Area,E01015725,Luton 017E,Offender sent to prison
1b60f649e49039cea228158c46e5cd722cb06374a5a48d383c66ff31bf099256,2013-05,Bedfordshire Police,Bedfordshire Police,-0.414294,51.880868,On or near BUTE STREET,E01015794,Luton 018F,Offender given community sentence
0c482327e10754ac442ac172bb30eb018c2e9d4f5f495ec6c6fbdbaeacebd9ba,2013-05,Bedfordshire Police,Bedfordshire Police,-0.439539,51.883984,On or near MARLOW AVENUE,E01015730,Luton 019D,Defendant found not guilty
ee3b2680dfce065e4f3e92261299d8be968311c1fdec30e55a0f5db7561ec077,2013-05,Bedfordshire Police,Bedfordshire Police,-0.415846,51.883433,On or near Nightclub,E01015741,Luton 018B,Offender sent to prison
ca231a4fc28a9f5789ce50f7def35f090cf7c3d339313ee8eddcfe5da3c0174a,2013-05,Bedfordshire Police,Bedfordshire Police,-0.472686,51.895847,On or near FARINGDON ROAD,E01015718,Luton 013C,Defendant found not guilty
108b0470e582b06fb853f91c15d31ba0d134184907e6805d1173272d14b06220,2013-05,Bedfordshire Police,Bedfordshire Police,-0.439963,51.888099,On or near MEDINA ROAD,E01015726,Luton 015B,Offender sent to prison
2e46258efea9f68a15de9e5611b358ec17120d96be7a2c4242ad080130ea8ad5,2013-05,Bedfordshire Police,Bedfordshire Police,-0.485488,51.888567,On or near KILN WAY,E01017583,Central Bedfordshire 027B,Offender sent to prison
dcd26b210ba88ffcc19cb5ae2c18f400667843a070a40677303b108b891c4a77,2013-05,Bedfordshire Police,Bedfordshire Police,-0.468806,52.143412,On or near FOSTER HILL ROAD,E01017497,Bedford 010A,Offender sent to prison
6ac5a39f41b456193b4f4f525158866f5ac433b880a90cc18801932aa1696323,2013-05,Bedfordshire Police,Bedfordshire Police,-0.429814,51.884960,On or near IVY ROAD,E01015727,Luton 017F,Court case unable to proceed
99eaf23b8d9f21f3619c1110fd97007c880ad9b67086531377dfcbb16bac2e53,2013-05,Bedfordshire Police,Bedfordshire Police,-0.417033,51.897602,On or near GREENHILL AVENUE,E01015695,Luton 007C,Offender given suspended prison sentence
e29f57fc4ba16367fb78961287683913933292e534fcd88eb579e605f90970ab,2013-05,Bedfordshire Police,Bedfordshire Police,-0.471331,52.137510,On or near Bus/Coach Station,E01017471,Bedford 012F,Offender fined
4ddcb9b707c5fc15b47f1857fbb7e0a0c14166fe607a00e50e3cafec3b05d2de,2013-05,Bedfordshire Police,Bedfordshire Police,-0.403938,51.887337,On or near TREETOP CLOSE,E01015742,Luton 018C,Offender sent to prison
018a6bac10775770390457cbc44205523bb854330833713c2e62064702a680ea,2013-05,Bedfordshire Police,Bedfordshire Police,-0.437810,51.875599,On or near ROSS CLOSE,E01015736,Luton 020E,Court case unable to proceed
a4449cc93056f2ac8b87c240f3a09df457da3d8b529da2b6edf2135fe9d68e5c,2013-05,Bedfordshire Police,Bedfordshire Police,-0.455829,51.920813,On or near DENHAM CLOSE,E01015773,Luton 003D,Offender given community sentence
0d2254d8f9675451e44a70819fde7816f061b6133638030d12cd255d3be7ced9,2013-05,Bedfordshire Police,Bedfordshire Police,-0.423084,52.151918,On or near NEEDWOOD ROAD,E01017492,Bedford 007E,Offender sent to prison
24e1407209478673dc679fd49062f596e7fa44b01f83d4d8e5c389aa16973ece,2013-05,Bedfordshire Police,Bedfordshire Police,-0.575308,51.908230,On or near DICKENS LANE,E01017615,Central Bedfordshire 019B,Court case unable to proceed
5963800d35b3d471344e6c52fc796c34c92ca6ab79b09673e9317414c0cf7a0b,2013-05,Bedfordshire Police,Bedfordshire Police,-0.436911,51.919520,On or near Petrol Station,E01015710,Luton 001E,Offender given conditional discharge
c47216a892c6211f7959a270951c9f4828126886f4bdb0683bd222abed43db32,2013-05,Bedfordshire Police,Bedfordshire Police,-0.503215,51.946763,On or near Parking Area,E01017620,Central Bedfordshire 019C,Defendant found not guilty
2f9a7f4d412ab9deed0bca94fe1da4ff264c41a923248ea0f9ccd87bb7a58145,2013-05,Bedfordshire Police,Bedfordshire Police,-0.475456,52.139965,On or near TREVOR STREET,E01017501,Bedford 010E,Offender sent to prison
4dd6c3b873c61ed7f872d444b5bce6ca5be2a05773864878ebe7e365fc5622ee,2013-05,Bedfordshire Police,Bedfordshire Police,-0.499328,51.901899,On or near PLOUGH CLOSE,E01015757,Luton 009B,Offender given suspended prison sentence
04c81c2b1164509b0c0a617fabc3fa470c009a4a419340c95b27f4c979c72d05,2013-05,Bedfordshire Police,Bedfordshire Police,-0.516250,51.908894,On or near THE QUADRANT,E01017617,Central Bedfordshire 026E,Offender sent to prison
3abed495a5bb92848ad97ed50fc41d25c8dd98c9c0439976d02f3e19cdf8c2de,2013-05,Bedfordshire Police,Bedfordshire Police,-0.398729,51.898578,On or near STOPSLEY WAY,E01015796,Luton 012F,Offender sent to prison
d7cd72a3445a25739eb054e7efdd553c6a5b50f110fe26b6f1552377322c631e,2013-05,Bedfordshire Police,Bedfordshire Police,-0.449761,52.124551,On or near Parking Area,E01017521,Bedford 014D,Defendant found not guilty
853e5cafc0d9b336ae9e8f10ddc6b591930be55055825674080463cb39d7b4b1,2013-05,Bedfordshire Police,Bedfordshire Police,-0.509270,51.911584,On or near ELM PARK CLOSE,E01017601,Central Bedfordshire 025B,Offender given community sentence
a4e5194c6196e977a2edb7c2ef19a0e799a5f6bfa1f335042a1789ca2342f016,2013-05,Bedfordshire Police,Bedfordshire Police,-0.507716,51.887404,On or near LUTON ROAD,E01017584,Central Bedfordshire 027C,Offender given community sentence
796455488eb7860da762c25f3c32e68447cdec7a96a4b8eefdb5a08da1ca90b2,2013-05,Bedfordshire Police,Bedfordshire Police,-0.262992,52.087438,On or near WELLS COURT,E01017385,Central Bedfordshire 005C,Offender given community sentence
bd28afabd73fce577f84923d62090a76860b3cf96ee4f079e3b7698b66178e14,2013-05,Bedfordshire Police,Bedfordshire Police,-0.454289,51.904266,On or near MOSTYN ROAD,E01015765,Luton 006B,Offender sent to prison
cfbe687c5c7994f89c268dba6e70cfd6d2305f75c1ec4a1867a025f85e0db028,2013-05,Bedfordshire Police,Bedfordshire Police,-0.500106,51.876346,On or near MORCOM ROAD,E01017594,Central Bedfordshire 030C,Offender sent to prison
d45476601c98b15978dc44c1f3b68a175b6c15f333033dd9fc64527a00da8766,2013-05,Bedfordshire Police,Bedfordshire Police,-0.656995,51.926705,On or near BROOMHILLS ROAD,E01017609,Central Bedfordshire 021E,Offender given community sentence
425f0e397875d2282abe6a8e53011c6206fa2981b366df8faa62f0cdea67d6b5,2013-05,Bedfordshire Police,Bedfordshire Police,-0.469781,52.137140,On or near Shopping Area,E01017466,Bedford 012A,Offender given conditional discharge
5714446ea8458512579544cfdf32629abd05af8fdfb4f6a7486482c811ab1e05,2013-05,Bedfordshire Police,Bedfordshire Police,-0.470685,52.141009,On or near BOSWELL PLACE,E01017502,Bedford 010F,Defendant found not guilty
64a2c00ba0108610c6245b33260775d2072adc713451fa7a75c1e13f838b126d,2013-05,Bedfordshire Police,Bedfordshire Police,-0.463208,52.123477,On or near PEARCEY ROAD,E01017472,Bedford 015A,Defendant found not guilty
886d9de4a27c027390daf5baf8d40825db858d62fbbcaf63212d4e462fb4820a,2013-05,Bedfordshire Police,Bedfordshire Police,-0.413942,51.878903,On or near Shopping Area,E01015794,Luton 018F,Offender given community sentence
efb921d068457797c1c26bbbe91bf224b62a814ba64347472c2c0a14da3a02f0,2013-05,Bedfordshire Police,Bedfordshire Police,-0.413327,51.879443,On or near Supermarket,E01015794,Luton 018F,Offender given suspended prison sentence
58cdadacd12aba24492f50405a31ffde9cc363e077c2a160280058e33c4b5ad6,2013-05,Bedfordshire Police,Bedfordshire Police,-0.413327,51.879443,On or near Supermarket,E01015794,Luton 018F,Offender given suspended prison sentence
71c4994a4cf912801b68909d8b8bd091263a0b93d653881eade46a40e7951064,2013-05,Bedfordshire Police,Bedfordshire Police,-0.519355,51.888279,On or near DORCHESTER CLOSE,E01017570,Central Bedfordshire 029E,Offender sent to prison
f35ac4e028d347ba3f7078038039b213621060766bc6e75805b652698be72ae3,2013-05,Bedfordshire Police,Bedfordshire Police,-0.421107,51.916153,On or near CROMER WAY,E01015747,Luton 004C,Offender fined
fdffdbb4478fa0188e538180fac07cceba13c16a6b8458d1ae4617dce0d93232,2013-05,Bedfordshire Police,Bedfordshire Police,-0.466377,52.137122,On or near Shopping Area,E01017469,Bedford 012D,Defendant found not guilty
ab8d0e8f1102785b2dd2c809e9cb257bbcfc764cb83bab8b8084141ea18cd254,2013-05,Bedfordshire Police,Bedfordshire Police,-0.414197,51.879077,On or near Parking Area,E01015794,Luton 018F,Offender given suspended prison sentence
c29b61c85fddc92a197891cbd4a20171d5bab8f58242bd0315970152dbeb1c51,2013-05,Bedfordshire Police,Bedfordshire Police,-0.414818,51.880021,On or near SILVER STREET,E01015794,Luton 018F,Offender otherwise dealt with
e8c529c546ebc87d2f3d4a4e0023fb260e3c68eb495f38ea5cb9bdb82ce9b92f,2013-05,Bedfordshire Police,Bedfordshire Police,-0.246913,52.082812,On or near KINGSFIELD ROAD,E01017389,Central Bedfordshire 006C,Offender sent to prison
25ea8714452f4241ec5e6ed3b161a8c91b238b9024a6d3c227503646d66fc3b5,2013-05,Bedfordshire Police,Bedfordshire Police,-0.430458,51.892747,On or near Supermarket,E01015701,Luton 010B,Offender sent to prison
07e3aae943e01659408c941c24c438b1bf71b3e1c4c5e6bab0c8543a7f72b3f6,2013-05,Bedfordshire Police,Bedfordshire Police,-0.456914,51.914596,On or near THRICKNELLS CLOSE,E01015771,Luton 003B,Offender ordered to pay compensation
28c438c7799b0e5641ec7f22891a1dd7aebe993cbba870cabf21556bbeea010a,2013-05,Bedfordshire Police,Bedfordshire Police,-0.475615,51.904652,On or near WESTERDALE,E01015749,Luton 005A,Offender given community sentence
8890d4d61cb6d22941ec0a457b389f6f29e450e35d4642d8b4848643c4b11f10,2013-05,Bedfordshire Police,Bedfordshire Police,-0.413327,51.879443,On or near Supermarket,E01015794,Luton 018F,Offender given suspended prison sentence
116864129db52cf24283ebcac50c795cdd08739719f8a77ab6e8249a9d2a93af,2013-05,Bedfordshire Police,Bedfordshire Police,-0.390639,51.901677,On or near HAWTHORN AVENUE,E01015798,Luton 008B,Offender sent to prison
24c30e9bce5e7693895d9aa0d3fb078b9b96592da8ec229cb241658909ac91ba,2013-05,Bedfordshire Police,Bedfordshire Police,-0.466673,52.136155,On or near Nightclub,E01017469,Bedford 012D,Defendant found not guilty
067988df5edc937478b62351b087c4a56a47f59a7586fa3a88b466199cdbeb44,2013-05,Bedfordshire Police,Bedfordshire Police,-0.413465,51.882952,On or near MIDLAND ROAD,E01015741,Luton 018B,Offender sent to prison
b747b97db5c9db97220bbf1498d584634df7975132cf7c818cba1138ce45b712,2013-05,Bedfordshire Police,Bedfordshire Police,-0.529932,52.144441,On or near DOVEHOUSE CLOSE,E01017462,Bedford 008D,Court case unable to proceed
4f9f6181d4257ca71ff5e730778401d3196736ae6e83c9f32191a8417d32ab43,2013-05,Bedfordshire Police,Bedfordshire Police,-0.246913,52.082812,On or near KINGSFIELD ROAD,E01017389,Central Bedfordshire 006C,Offender sent to prison
2b0bff697ff4452d145543e1889efdc3340ba5dd80258471a45d947985a40c83,2013-05,Bedfordshire Police,Bedfordshire Police,-0.436415,51.881479,On or near FERNDALE ROAD,E01015724,Luton 019A,Court case unable to proceed
b76daadf24cad17f432304f34c5e04fc841cf9d7ca3710ffc3a6a8a73217f654,2013-05,Bedfordshire Police,Bedfordshire Police,-0.496714,52.001492,On or near Sports/Recreation Area,E01017405,Central Bedfordshire 016C,Offender given community sentence
09226f455e975c6816ab96bd6e6f143b543e705cb08fc3f4b994712b3bc689bf,2013-05,Bedfordshire Police,Bedfordshire Police,-0.411422,51.877862,On or near Further/Higher Educational Building,E01015789,Luton 018E,Offender sent to prison
90ef3b2ee5245bfd3ee539c08eefdd00004da356388aceeeabff42df7ecd5d92,2013-05,Bedfordshire Police,Bedfordshire Police,-0.466673,52.136155,On or near Nightclub,E01017469,Bedford 012D,Defendant found not guilty
ebeb60a38550fef67b55355cfa4e9d9d39548018afa042d4d5f1807ab0efcce4,2013-05,Bedfordshire Police,Bedfordshire Police,-0.427713,51.878530,On or near DOWNS ROAD,E01015795,Luton 021F,Defendant found not guilty
d22dc7b4e37401798cb8223653d3c83524899b6469d6300b04ff0ee993c524e3,2013-05,Bedfordshire Police,Bedfordshire Police,-0.413327,51.879443,On or near Supermarket,E01015794,Luton 018F,Offender given suspended prison sentence
1fca5b369fdd6217df4780182ce205412884aee444e8aa1999f3bd3c2f55bccf,2013-05,Bedfordshire Police,Bedfordshire Police,-0.436390,51.887215,On or near DUNSTABLE ROAD,E01015726,Luton 015B,Offender sent to prison
2f9a7f4d412ab9deed0bca94fe1da4ff264c41a923248ea0f9ccd87bb7a58145,2013-05,Bedfordshire Police,Bedfordshire Police,-0.475456,52.139965,On or near TREVOR STREET,E01017501,Bedford 010E,Offender sent to prison
2b5e669a4fb7bc337d588d5dd77238ecdff482adeeef69ece2cc752a5775bf6e,2013-05,Bedfordshire Police,Bedfordshire Police,-0.451203,52.129713,On or near Supermarket,E01017519,Bedford 014B,Offender given suspended prison sentence
712ebb5405bb490ea685d594efe84e823edcbbb52a83fcdfadead0cb933074a6,2013-05,Bedfordshire Police,Bedfordshire Police,-0.469508,52.135707,On or near Parking Area,E01017466,Bedford 012A,Offender otherwise dealt with
a0ba1575be9b3292664c4d58d2b2e1726c68155eb7668a74368e5d60a7d64987,2013-05,Bedfordshire Police,Bedfordshire Police,-0.488645,52.134110,On or near ALLEN CLOSE,E01017535,Bedford 013A,Offender given suspended prison sentence
883cf5a860648c461d482ea298ea9e980dacaa3dd6d78cc501401055cc7d028d,2013-05,Bedfordshire Police,Bedfordshire Police,-0.295785,52.127390,On or near SWAN LANE,E01017432,Central Bedfordshire 002C,Offender given suspended prison sentence
275ad1f2545473c56377a5c1a36ed528471294f608cbd66716335f08814ca122,2013-05,Bedfordshire Police,Bedfordshire Police,-0.471361,52.140919,On or near TAVISTOCK STREET,E01017502,Bedford 010F,Court case unable to proceed
0bd16bc624b188764f2284d14f8e14191c09ec32ad2314a82796d0a8a8a29559,2013-05,Bedfordshire Police,Bedfordshire Police,-0.411647,51.873117,On or near NEW TOWN STREET,E01015792,Luton 021D,Offender sent to prison
8aa4fcbc8ea57b628bd3f7aa6f11ed8e612919903d4a7fb28a033ffd7824c4cd,2013-05,Bedfordshire Police,Bedfordshire Police,-0.469508,52.135707,On or near Parking Area,E01017466,Bedford 012A,Offender otherwise dealt with
8aa55e9f8b42427b57a58e2ac23e4709e64bf36869228735e7fe687f15572a53,2013-05,Bedfordshire Police,Bedfordshire Police,-0.324109,52.035902,On or near PEARTREE CLOSE,E01017438,Central Bedfordshire 011B,Defendant found not guilty
1cbaf3431c96e7f28f696b0d5f6b0dfb6610983eb12560245d93aa986b21d71b,2013-05,Bedfordshire Police,Bedfordshire Police,-0.421460,51.877862,On or near BUXTON ROAD,E01015795,Luton 021F,Offender given community sentence
75f227f8baaa6b74c657f26ee37e59168719f46283187f687e16537392651d29,2013-05,Bedfordshire Police,Bedfordshire Police,-0.419578,51.886811,On or near THE LARCHES,E01015739,Luton 018A,Offender sent to prison
e567d14d2c0abe65386a9cdd14f62e02b09c9a9a483c13bf77dbd22496347637,2013-05,Bedfordshire Police,Bedfordshire Police,-0.505260,52.141470,On or near HOWDEN GARDENS,E01017460,Bedford 008B,Offender given community sentence
89e9ca0853553e191e89e9ff2a2016d55a08c326c28e5c5f5b2f87de861c456b,2013-05,Bedfordshire Police,Bedfordshire Police,-0.413993,51.880351,On or near CHEAPSIDE,E01015794,Luton 018F,Offender fined
62c85686dbbc443911adb861ae39f73e154e6012c9de78ec40049e59d429b6d5,2013-05,Bedfordshire Police,Bedfordshire Police,-0.537321,51.888558,On or near ASHCROFT,E01017596,Central Bedfordshire 028C,Offender given community sentence
9dd4ecf0b1e81ce837af24594aec50a7b0a062d843b3f38b1907109f65225ec4,2013-05,Bedfordshire Police,Bedfordshire Police,-0.469508,52.135707,On or near Parking Area,E01017466,Bedford 012A,Offender given conditional discharge
2eea8e23780d5242406181dfe17c9161b5868a695a5295e675c7f175503010c3,2013-05,Bedfordshire Police,Bedfordshire Police,-0.525983,51.892687,On or near READERS CLOSE,E01017570,Central Bedfordshire 029E,Offender fined
381453240485fe44e474a8b25c533139d8eedb456c24c870c876623cbb8fbcaa,2013-05,Bedfordshire Police,Bedfordshire Police,-0.532858,51.892647,On or near NORTH STATION WAY,E01017599,Central Bedfordshire 028F,Offender given suspended prison sentence
61876cf39e300779bee853f377a45a7f7dc265bb0fc5349eda892f688d81f767,2013-05,Bedfordshire Police,Bedfordshire Police,-0.429327,51.919338,On or near MARKHAM ROAD,E01015746,Luton 004B,Defendant found not guilty
1a5da7a24b07193fca1623276da8c7dcb8e3cfd94924f3c8fec261b40f879504,2013-05,Bedfordshire Police,Bedfordshire Police,-0.463623,52.113961,On or near TITCHFIELD DRIVE,E01017550,Bedford 019E,Offender given suspended prison sentence
ed64b9cac8112951559a875897bc0177c577798493a9d838f9853b5c57cfd20f,2013-05,Bedfordshire Police,Bedfordshire Police,-0.483361,52.134816,On or near HOWARD AVENUE,E01017539,Bedford 013E,Offender fined
c5e1d3c272ea36fd24c5a1480a647fc26d9ae05a0528c13804deedfdfd0507db,2013-05,Bedfordshire Police,Bedfordshire Police,-0.483282,51.888045,On or near SKIMPOT ROAD,E01017562,Central Bedfordshire 033B,Offender sent to prison
1343e58ee08871ac6533520d966a533b96c7390786b93544f5af4bd6dafac0e0,2013-05,Bedfordshire Police,Bedfordshire Police,-0.471730,52.128848,On or near Hospital,E01017473,Bedford 015B,Offender otherwise dealt with
9a8e97adfd712fe6437ef86c3abd8764ffa394c450cb17bfc99ddf3ac3188964,2013-05,Bedfordshire Police,Bedfordshire Police,-0.413327,51.879443,On or near Supermarket,E01015794,Luton 018F,Offender sent to prison
247d99de049de215e35e3158e68204818c56a8b3506aa748b5976c3eb572d632,2013-05,Bedfordshire Police,Bedfordshire Police,-0.471730,52.128848,On or near Hospital,E01017473,Bedford 015B,Offender sent to prison
df206e48f95e5b44320ddc4534e78a15d799e9835c95a6a5992222e518abd742,2013-05,Bedfordshire Police,Bedfordshire Police,-0.423084,52.151918,On or near NEEDWOOD ROAD,E01017492,Bedford 007E,Offender given suspended prison sentence
c0d8862b78e25bb28f27ef765dcbe37b1d437371266be6cf53baf945f1ca4744,2013-05,Bedfordshire Police,Bedfordshire Police,-0.455482,52.136953,On or near CASTLE ROAD,E01017467,Bedford 012B,Offender fined
dcd26b210ba88ffcc19cb5ae2c18f400667843a070a40677303b108b891c4a77,2013-05,Bedfordshire Police,Bedfordshire Police,-0.468806,52.143412,On or near FOSTER HILL ROAD,E01017497,Bedford 010A,Offender sent to prison
22b6d4e629c9b271d555e32f7c26792af8c61a3835267a82907899ab173721e9,2013-05,Bedfordshire Police,Bedfordshire Police,-0.421460,51.877862,On or near BUXTON ROAD,E01015795,Luton 021F,Offender sent to prison
f51db3c8424e09b62afefda390cd5a9429d9d9be93b9cf218b4ab719cc77e434,2013-05,Bedfordshire Police,Bedfordshire Police,-0.466176,51.909906,On or near SUNDON PARK ROAD,E01015754,Luton 005E,Offender given community sentence
1f158c117bf117e48757645aab50ed75e99f746c693f99ac80276e6bffb9942c,2013-05,Bedfordshire Police,Bedfordshire Police,-0.523070,51.888002,On or near Supermarket,E01017568,Central Bedfordshire 029C,Offender given suspended prison sentence
124e431af0051bfad08552c7fcd20eb709a34e7fad05fd5bdf757de1d9c963b4,2013-05,Bedfordshire Police,Bedfordshire Police,-0.272176,52.059025,On or near TITHE FARM CLOSE,E01017414,Central Bedfordshire 010E,Offender given conditional discharge
694f8cd33c027e911eee3f368d6cbaa47d3154d27414feaf89e3654fdeb7be66,2013-05,Bedfordshire Police,Bedfordshire Police,-0.268202,52.047862,On or near FLEXMORE WAY,E01017413,Central Bedfordshire 010D,Defendant found not guilty
42ec2faa6b9eb94d1ce26ee352ea27b56caf671b1d886fda4c83c5e68b107eb4,2013-05,Bedfordshire Police,Bedfordshire Police,-0.421460,51.877862,On or near BUXTON ROAD,E01015795,Luton 021F,Offender fined
e022bb6d9395e67b712d87492ac6845a1b2960a0b8ea644b62ec4c0092763b1c,2013-05,Bedfordshire Police,Bedfordshire Police,-0.468164,51.907459,On or near ESKDALE,E01015751,Luton 005B,Offender given community sentence
ab34353c8f9d0986e465ace30f01656ebe22a64c1d7ce37cf896238fb7abed98,2013-05,Bedfordshire Police,Bedfordshire Police,-0.466377,52.137122,On or near Shopping Area,E01017469,Bedford 012D,Defendant found not guilty
4ae32a7521cc77b52bc4d7c7970fd75fb6abad21ced9c0d9ca9a63954e604602,2013-05,Bedfordshire Police,Bedfordshire Police,-0.470832,52.135436,On or near Parking Area,E01017466,Bedford 012A,Offender given community sentence
08b1ab91467cb39e6ba06aeaf7d6661a55fe9c73311d8a7f98120829c2c84b01,2013-05,Bedfordshire Police,Bedfordshire Police,-0.529126,51.892124,On or near Petrol Station,E01017568,Central Bedfordshire 029C,Offender given community sentence
6750db1872e9cf5bc77634a0e82d0be377bb0bb523d592c4ebe9050ed4ec118c,2013-05,Bedfordshire Police,Bedfordshire Police,-0.387980,51.895967,On or near LONG CLOSE,E01015807,Luton 016G,Offender sent to prison
7ebb0826de52973a26cfcd904fe78badc687fe88b91902892f3f0dad6c747f95,2013-05,Bedfordshire Police,Bedfordshire Police,-0.471361,52.140919,On or near TAVISTOCK STREET,E01017502,Bedford 010F,Offender sent to prison
24b235feb279fdbe5b4aeeeba68a2be1cab030a496d5466a19d7f657b5b7a916,2013-05,Bedfordshire Police,Bedfordshire Police,-0.413089,51.877138,On or near PARK STREET WEST,E01015791,Luton 021C,Defendant found not guilty
e5b6c2ee9768ebeb56cb6a112c0c6f88a3b241d6e1e0b8f73b4a649ce6ff0440,2013-05,Bedfordshire Police,Bedfordshire Police,-0.500056,52.115401,On or near Supermarket,E01017514,Bedford 018B,Offender fined
f8cb66643d5f5f6159591266573b1be82be407b677bf77c723a8d28e37ed1829,2013-05,Bedfordshire Police,Bedfordshire Police,-0.427400,52.152632,On or near Supermarket,E01017492,Bedford 007E,Offender given suspended prison sentence
dff530dcb29266653b7d7164a64bd1f36f258ea9546d9a1de4f4f038a78494b2,2013-05,Bedfordshire Police,Bedfordshire Police,-0.367118,51.983861,On or near Park/Open Space,E01017444,Central Bedfordshire 011F,Offender sent to prison
18ab8df9043955a8f01a550d1e41e873adf71502494f321756077f294fd88b9d,2013-05,Bedfordshire Police,Bedfordshire Police,-0.414197,51.879077,On or near Parking Area,E01015794,Luton 018F,Offender sent to prison
e22ab7c1fa9052f9e96dfa21a00e42d5b50ea511a8d532755c0d67492e78946a,2013-05,Bedfordshire Police,Bedfordshire Police,-0.263900,52.086238,On or near Supermarket,E01017385,Central Bedfordshire 005C,Offender fined
e18a6d500758e344aeebdcc0cfb59f42be72c47252d1336229cb2608a1beb0d6,2013-05,Bedfordshire Police,Bedfordshire Police,-0.470877,52.129026,On or near BRITANNIA ROAD,E01017473,Bedford 015B,Offender given community sentence
f3e47d9239476b177c5cb68eae568f37f493fe7d32e808a60e013315e8c1efcc,2013-05,Bedfordshire Police,Bedfordshire Police,-0.414818,51.880021,On or near SILVER STREET,E01015794,Luton 018F,Offender otherwise dealt with
43ce9452f1d5a40f5a7b1a5c51db9f1b31e2e722caa2a5ad8469554520424bde,2013-05,Bedfordshire Police,Bedfordshire Police,-0.419476,51.872297,On or near LAWN GARDENS,E01015738,Luton 021A,Offender given conditional discharge
bc107f5bd9e32e75ef8e2268fe87726563b29785389fb44bca4b126882288010,2013-05,Bedfordshire Police,Bedfordshire Police,-0.427400,52.152632,On or near Supermarket,E01017492,Bedford 007E,Offender fined
061cb34d31cd5ba5262348f1d309b4bb0f4305bb7c3f6f6d89781e37f2bbdadc,2013-05,Bedfordshire Police,Bedfordshire Police,-0.399951,51.885466,On or near ABBOTS WOOD ROAD,E01015780,Luton 016E,Court case unable to proceed
66e908a84aa33ccf7525e28ced443c6a9021187a0b2f14f82926c0873983b5cb,2013-05,Bedfordshire Police,Bedfordshire Police,-0.411526,51.880660,On or near CHURCH STREET,E01015794,Luton 018F,Offender sent to prison
e90e4e37d240fd7f8da51a7e0e0aa43aa3eb0f076b6f2a90c18eefa2ebfb80b8,2013-05,Bedfordshire Police,Bedfordshire Police,-0.453943,51.913064,On or near AXE CLOSE,E01015772,Luton 003C,Offender given suspended prison sentence
d48f3cf8960952e46af45bf577d7fc0c855e7537792acc5774b9a23e103b82f9,2013-05,Bedfordshire Police,Bedfordshire Police,-0.408184,51.876155,On or near PARK TERRACE,E01015789,Luton 018E,Court case unable to proceed
ecce63fa3df55c6a1deb5f1187ef5fc5a9cb61d67b25ddbd709a32bf66a089c2,2013-05,Bedfordshire Police,Bedfordshire Police,-0.398187,51.886449,On or near ABBEY DRIVE,E01015781,Luton 016F,Court case unable to proceed
5a7f64b30c2ce2d9d14eef3c01ee3a8ab0fbd67f7db66b0b9242324631766978,2013-05,Bedfordshire Police,Bedfordshire Police,-0.471595,52.129817,On or near CROWN PLACE,E01017473,Bedford 015B,Offender sent to prison
8592dce9f3070c96a5a4ee770835e79ac22e53decf5d7756a2da4ea2cbfef7e8,2013-05,Bedfordshire Police,Bedfordshire Police,-0.408256,51.874519,On or near BAILEY STREET,E01015789,Luton 018E,Offender sent to prison
890f9df93c349d876350dd7b79f52bffa838cc6545b02a44f837aa1c5cb0eb8c,2013-05,Bedfordshire Police,Bedfordshire Police,-0.471161,52.135647,On or near RIVER STREET,E01017466,Bedford 012A,Offender given suspended prison sentence
80531fe9bfc778eaf58c9dd537d594c27734ff182410dca086673e425896d6ac,2013-05,Bedfordshire Police,Bedfordshire Police,-0.421460,51.877862,On or near BUXTON ROAD,E01015795,Luton 021F,Offender fined
694f8cd33c027e911eee3f368d6cbaa47d3154d27414feaf89e3654fdeb7be66,2013-05,Bedfordshire Police,Bedfordshire Police,-0.268202,52.047862,On or near FLEXMORE WAY,E01017413,Central Bedfordshire 010D,Offender sent to prison
9f347a36fc32bab77a3260b151f630200f0dbfc36b14a5d8feb682a63e105223,2013-05,Bedfordshire Police,Bedfordshire Police,-0.392716,51.889081,On or near SAYWELL ROAD,E01015779,Luton 016D,Offender sent to prison
d4d83728224ee9fd1deaf117e82ecd8027719434b0b06621723c4705a7e0b5c4,2013-05,Bedfordshire Police,Bedfordshire Police,-0.502337,51.900580,On or near NETTLE CLOSE,E01015757,Luton 009B,Offender given community sentence
93962130855c74666779b51337f6a3290da252e11d0dd7559449127d13332f10,2013-05,Bedfordshire Police,Bedfordshire Police,-0.466075,52.138251,On or near Nightclub,E01017469,Bedford 012D,Offender fined
0a65d6d3643cff11f0128edc83a56d1edf61e5ea7b130f61b91c9ce555bca4d0,2013-05,Bedfordshire Police,Bedfordshire Police,-0.423148,51.882776,On or near Supermarket,E01015699,Luton 017B,Defendant found not guilty
36df380aada04d7ef53e231dee69c4647ec2d9d33966215ce14f05b505df6e05,2013-05,Bedfordshire Police,Bedfordshire Police,-0.421182,51.892857,On or near NEW BEDFORD ROAD,E01015700,Luton 010A,Court case unable to proceed
d147f9b0e7546ca45457eeaf91c0e415a4b73e500bc6ce89c931c6e7d53e6024,2013-05,Bedfordshire Police,Bedfordshire Police,-0.411705,51.875600,On or near LANGLEY STREET,E01015791,Luton 021C,Offender fined
eb5e70c69c4e43914ccf9fd6b395c66524662496ccf59e6324ccf8f65303dfa5,2013-05,Bedfordshire Police,Bedfordshire Police,-0.389432,51.897614,On or near Supermarket,E01015813,Luton 008F,Offender given community sentence
8240271a96a6c64b9e4537bfa6a0b1d49c7e2b6dcb793667a943606c2b8c00b4,2013-05,Bedfordshire Police,Bedfordshire Police,-0.262140,52.094331,On or near URBAN WAY,E01017387,Central Bedfordshire 005E,Offender given community sentence
fbe1f01b0107ecdfd0af26a24bfb29b6d70feaee5b27de417e80f95b0a51fac2,2013-05,Bedfordshire Police,Bedfordshire Police,-0.482538,52.140982,On or near MILTON ROAD,E01017499,Bedford 010C,Offender sent to prison
838e1016a92434fc7c55c10e7ce345e2247e584d73f2d7fecc21bcdcce96768e,2013-05,Bedfordshire Police,Bedfordshire Police,-0.476930,52.136585,On or near GIBBONS ROAD,E01017466,Bedford 012A,Offender fined
a24fe56a21c7ec52603d3b33430cd21650cd62c49c2cbc52d9f0f5c71123c1d1,2013-05,Bedfordshire Police,Bedfordshire Police,-0.423121,51.876904,On or near WESTERN ROAD,E01015795,Luton 021F,Offender sent to prison
2ccb3923a65dcaabbd6f6c8b0103107cef26dccfbce719cfb3e1c8bfdd8d8b4a,2013-05,Bedfordshire Police,Bedfordshire Police,-0.451203,52.129713,On or near Supermarket,E01017519,Bedford 014B,Offender sent to prison
32a7af027c07ef89cb8486931f5d566d995a4dacd7b07e0b863126683f814964,2013-05,Bedfordshire Police,Bedfordshire Police,-0.480618,52.141560,On or near TUDOR CLOSE,E01017499,Bedford 010C,Offender given community sentence
69a67761dc33681e2eefe3ad35477b235a6db45b8f6947b56a18f62f8d56c79e,2013-05,Bedfordshire Police,Bedfordshire Police,-0.401224,51.892155,On or near HITCHIN ROAD,E01015777,Luton 012D,Court case unable to proceed
77f3d91dd7751c4afa7630ff5cc2f4d486c531736c72619b499140daf87008c0,2013-05,Bedfordshire Police,Bedfordshire Police,-0.601110,52.270525,On or near Sports/Recreation Area,E01017503,Bedford 002C,Offender given conditional discharge
4ce8dee96f08f120aabc2eb1b3a3f748c250d079cae67f34be2a6576990668f8,2013-05,Bedfordshire Police,Bedfordshire Police,-0.445256,51.944843,On or near CHURCHILL CLOSE,E01017616,Central Bedfordshire 018D,Offender sent to prison
54d38c0cc0ab5d6f3803b32907b6b25b5e24d99779f4c3656e42051bfc0f98fb,2013-05,Bedfordshire Police,Bedfordshire Police,-0.470832,52.135436,On or near Parking Area,E01017466,Bedford 012A,Offender sent to prison
2188a9c3c3344ffe270f7b7596e9979abe462578d5d7a8647a91b6b30b47c4b6,2013-05,Bedfordshire Police,Bedfordshire Police,-0.466377,52.137122,On or near Shopping Area,E01017469,Bedford 012D,Offender fined
14ff61372ff84d6d6a4adc3540f2489e9270ed8b9d4bc6db0da99c553f725a71,2013-05,Bedfordshire Police,Bedfordshire Police,-0.457573,52.140712,On or near Sports/Recreation Area,E01017485,Bedford 009D,Offender sent to prison
64db9897cabc27b47a4588edc4c9e390b37da665d95790a830dd1466f11426f7,2013-05,Bedfordshire Police,Bedfordshire Police,-0.663068,51.916156,On or near HIGH STREET,E01017555,Central Bedfordshire 021A,Offender fined
c4ac46d174d65f420657f5114d5d6423c74a56936f8e80a82d80058ac01788da,2013-05,Bedfordshire Police,Bedfordshire Police,-0.499807,51.886647,On or near Sports/Recreation Area,E01017582,Central Bedfordshire 027A,Offender given conditional discharge
5c6eaae65d4aba30bc4c84bfdae00e046eb40864b75778ebbb892ebc5fd76e53,2013-05,Bedfordshire Police,Bedfordshire Police,-0.456788,51.916177,On or near WAULUDS BANK DRIVE,E01015771,Luton 003B,Offender given community sentence
3086b06c30142b9a28105a3fdef3637275fa1578e4a18f4f3abbdb6b06feb8c3,2013-05,Bedfordshire Police,Bedfordshire Police,-0.416840,51.877458,On or near Conference/Exhibition Centre,E01015791,Luton 021C,Offender sent to prison
c5ba98fd8ee4785729047e22fccc6c3d6407e726d41f4bf3855c4949071562e9,2013-05,Bedfordshire Police,Bedfordshire Police,-0.468480,52.126486,On or near OSSORY WAY,E01017474,Bedford 015C,Defendant found not guilty
b5d299b7b84029cbf8d56f1c1202457eeda7e5efdb1ef2f07e55661ec3964e4e,2013-05,Bedfordshire Police,Bedfordshire Police,-0.484890,52.163805,On or near PARK FARM COURT,E01017479,Bedford 003B,Offender sent to prison
bff81bca4812f1fcff2991fb2351f0d2edd85b45a749dc589780231a882074f2,2013-05,Bedfordshire Police,Bedfordshire Police,-0.521693,51.890107,On or near Theatre/Concert Hall,E01017570,Central Bedfordshire 029E,Offender given community sentence
97de36e8d347e9e74cf652ed1d475dc0d63a24530d5424ccf21716ef3b76bd82,2013-05,Bedfordshire Police,Bedfordshire Police,-0.423148,51.882776,On or near Supermarket,E01015699,Luton 017B,Offender fined
82b18baedfdef007279296e8a4f76154972206d2b8ce66cb4beb7825f44c0bec,2013-05,Bedfordshire Police,Bedfordshire Police,-0.492029,51.900251,On or near RAGLAN CLOSE,E01015759,Luton 009D,Defendant found not guilty
4367458e8326fde98f36f84d1268347994e507280113fb96b608f08c10c49d52,2013-05,Bedfordshire Police,Bedfordshire Police,-0.423397,51.877744,On or near NAPIER ROAD,E01015795,Luton 021F,Offender given suspended prison sentence
2ea51e6e679c16bc975d39a666db31a168c0f764f6c9273ddedbb8e2bcbbe1e2,2013-05,Bedfordshire Police,Bedfordshire Police,-0.447987,52.125984,On or near MARETH ROAD,E01017519,Bedford 014B,Offender sent to prison
2980e68550f9c28f48de3be65ffad042944d5e82869c5df8ea980219138a01a1,2013-05,Bedfordshire Police,Bedfordshire Police,-0.416859,51.878178,On or near GEORGE STREET WEST,E01015791,Luton 021C,Offender sent to prison
f7ae0f2e908b18a9a84d95bfd271dc55587d038e54e00fdf49ae1f4095f0333c,2013-05,Bedfordshire Police,Bedfordshire Police,-0.431130,52.143825,On or near GOLDINGTON GREEN,E01017491,Bedford 007D,Offender sent to prison
3b2ddf66a3a6a3f20fbc5400d07672edff59fcdd4b7fea988df568dc1db6c1cf,2013-05,Bedfordshire Police,Bedfordshire Police,-0.468277,52.136671,On or near Shopping Area,E01017469,Bedford 012D,Offender fined
d49bb44cfd45f32374843b51f77dba5520baa2b9f8790b31164b2999b5d6e797,2013-05,Bedfordshire Police,Bedfordshire Police,-0.565685,51.883557,On or near PARK AVENUE,E01017588,Central Bedfordshire 032E,Defendant found not guilty
00281d38b2222199445f318d32b7ce14535389633cd7e4f8b51c7351f8c635ac,2013-05,Bedfordshire Police,Bedfordshire Police,-0.400412,51.874916,On or near KIMPTON ROAD,E01015790,Luton 021B,Offender given conditional discharge
a0f1ae20cd901d338339a30cbd1285883677ca5adc710542eedeecdce75ab280,2013-05,Bedfordshire Police,Bedfordshire Police,-0.457320,51.923566,On or near WINCHESTER GARDENS,E01015774,Luton 003E,Offender fined
b05da8d1f532cacd45e92e452712b5ed990fdfcb5653b93d59b3340335862663,2013-05,Bedfordshire Police,Bedfordshire Police,-0.423084,52.151918,On or near NEEDWOOD ROAD,E01017492,Bedford 007E,Defendant found not guilty
51eecf2c5b4887c83f1d6118d77fb15cca84d503e0d2ed892210206b066cdef4,2013-05,Bedfordshire Police,Bedfordshire Police,-0.427400,52.152632,On or near Supermarket,E01017492,Bedford 007E,Offender given suspended prison sentence
e7ac1119d756781a463ae2e24300c703f596db76855948e77c129f9d2267ac75,2013-05,Bedfordshire Police,Bedfordshire Police,-0.437508,51.912811,On or near ST OLAM'S CLOSE,E01015748,Luton 004D,Offender given community sentence
4dd9b6ef2383317b96b7d1ddaeff54d17b803879e00cf10e0b8d4717f7ff7ccc,2013-05,Bedfordshire Police,Bedfordshire Police,-0.466128,52.136706,On or near Supermarket,E01017469,Bedford 012D,Offender fined
21e08d2a9e32e49b71d0fe99577157804a5584154e0446ea925c32443acf064f,2013-05,Bedfordshire Police,Bedfordshire Police,-0.448947,52.114749,On or near SANDLEFORD DRIVE,E01017518,Bedford 014A,Offender sent to prison
dd9bb6a5a4d66722f415781a0185777a9e7d9ba0edb13543d1ab30dffc13168b,2013-05,Bedfordshire Police,Bedfordshire Police,-0.413327,51.879443,On or near Supermarket,E01015794,Luton 018F,Offender given suspended prison sentence
22fbaf015ffc408b492a39a29eaebf8c189e479080a41084d261354f50624a97,2013-05,Bedfordshire Police,Bedfordshire Police,-0.427713,51.878530,On or near DOWNS ROAD,E01015795,Luton 021F,Offender fined
a5e9065341f9526da7e5115265ac7eac8c55f8c0933ee32e978a19641f84f3e8,2013-05,Bedfordshire Police,Bedfordshire Police,-0.665717,51.916069,On or near BRIDGE STREET,E01017557,Central Bedfordshire 021C,Offender fined
31b5718786d6d38209891b1889da831329830f9f7cf2601b1ed63c9e73822bf6,2013-05,Bedfordshire Police,Bedfordshire Police,-0.488565,51.904720,On or near BUZZARD ROAD,E01015756,Luton 009A,Court case unable to proceed
6e3eea82e12878c0bda8e94b0dc31c62a2a5c7d6e0b76efda9a9d675afecf74d,2013-05,Bedfordshire Police,Bedfordshire Police,-0.445256,51.944843,On or near CHURCHILL CLOSE,E01017616,Central Bedfordshire 018D,Offender fined
c9281cdec6ef7dea939481eaeeab13836e84bf3f68e38c819978740b400d6474,2013-05,Bedfordshire Police,Bedfordshire Police,-0.399413,51.891196,On or near TURNERS ROAD SOUTH,E01015777,Luton 012D,Offender given conditional discharge
24275d80f502ab70fc3616cded0c38896f55d5293c6ca6c297d1b2b5cd81d453,2013-05,Bedfordshire Police,Bedfordshire Police,-0.495042,51.895766,On or near POYNTERS ROAD,E01015761,Luton 009F,Offender given community sentence
9396a674422e9048b17eee9ec8d6978611837593f98ab12ff29be57eee1a22cc,2013-05,Bedfordshire Police,Bedfordshire Police,-0.471595,52.129817,On or near CROWN PLACE,E01017473,Bedford 015B,Offender sent to prison
a9aeb47524a8acfd078668402269bbe68dda665272f7c932ee7791d311292b25,2013-05,Bedfordshire Police,Bedfordshire Police,-0.446715,51.884888,On or near FINWAY,E01015724,Luton 019A,Offender given conditional discharge
9dd2b8f01537749d005996ab5046e70c95f36e75e6f709e7d78f49b0b718ab21,2013-05,Bedfordshire Police,Bedfordshire Police,-0.476189,51.921186,On or near DENCORA WAY,E01015804,Luton 002C,Offender given community sentence
50ea635e036c287508c147e382b71acdfd5ef4317308c473fc7a09cf3c734c30,2013-05,Bedfordshire Police,Bedfordshire Police,-0.419078,51.875375,On or near ELIZABETH STREET,E01015791,Luton 021C,Defendant found not guilty
3d356f2d075e491750a67a5f988720d963fec12f0a009be52fb2f956dd086a60,2013-05,Bedfordshire Police,Bedfordshire Police,-0.645231,51.916995,On or near Supermarket,E01017573,Central Bedfordshire 024A,Offender sent to prison
59e276b009e8ceb0847d27aca5e39df299052271686d0ea435a9dcbcd623e0b2,2013-05,Bedfordshire Police,Bedfordshire Police,-0.423121,51.876904,On or near WESTERN ROAD,E01015795,Luton 021F,Offender otherwise dealt with
a247e5dde9da6e351bff73d33bdab95119b4864db743f21402a717af370d9df1,2013-05,Bedfordshire Police,Bedfordshire Police,-0.468277,52.136671,On or near Shopping Area,E01017469,Bedford 012D,Offender sent to prison
28643378e86fcc3ca2a29231ec280c55c2badbe29bcf21e37c88dcd28ee5e11e,2013-05,Bedfordshire Police,Bedfordshire Police,-0.421889,51.874334,On or near BRECON CLOSE,E01015738,Luton 021A,Offender fined
28ecce5c62a224b1bda1f947eba8e9862bc82ed1ed50afd4ad78b8455a4cd7d8,2013-05,Bedfordshire Police,Bedfordshire Police,-0.418057,51.880874,On or near MANCHESTER STREET,E01015794,Luton 018F,Offender sent to prison
4c379000e18a4ce6fe365d89fea3bded44e1c4906c73a878c9d6358b4c530095,2013-05,Bedfordshire Police,Bedfordshire Police,-0.433779,52.147475,On or near DOWNSIDE,E01017489,Bedford 007B,Offender given community sentence
edcb49faa7124ffb75eb3453b3b8b497ff06476bb8a5cc685d772a8debe49af0,2013-05,Bedfordshire Police,Bedfordshire Police,-0.399413,51.891196,On or near TURNERS ROAD SOUTH,E01015777,Luton 012D,Offender given conditional discharge
ec848cdcea461ce2a5369e834c18adbe37d7f9a0c2a902229903370bf3e49c2d,2013-05,Bedfordshire Police,Bedfordshire Police,-0.458948,52.124168,On or near KATHIE ROAD,E01017518,Bedford 014A,Offender given suspended prison sentence
6c3aca0e13fe6d9efad385c94239da563b0a48565a2111ba168c42ee678ea809,2013-05,Bedfordshire Police,Bedfordshire Police,-0.423148,51.882776,On or near Supermarket,E01015699,Luton 017B,Offender fined
7229ca3d9826d53a67c897dd978ad7456ba6d3bbfa94a45c94363ff8ca132d0e,2013-05,Bedfordshire Police,Bedfordshire Police,-0.468880,52.131877,On or near KINGSWAY,E01017473,Bedford 015B,Offender given suspended prison sentence
8961f046a73c34cc4d40aa000e1db291d9e4fb073c24626beec5cdff4f8609aa,2013-05,Bedfordshire Police,Bedfordshire Police,-0.464657,52.122966,On or near BEECHDALE ROAD,E01017472,Bedford 015A,Offender sent to prison
1ab5ed1409d134f802e9f65935c6872c9005bf1d5e33a98717bd817c7ad66a90,2013-05,Bedfordshire Police,Bedfordshire Police,-0.384389,51.902482,On or near ROCHESTER AVENUE,E01015800,Luton 008D,Offender sent to prison
e29f57fc4ba16367fb78961287683913933292e534fcd88eb579e605f90970ab,2013-05,Bedfordshire Police,Bedfordshire Police,-0.471331,52.137510,On or near Bus/Coach Station,E01017471,Bedford 012F,Offender fined
a8042eb626c88042ccde1d14c6d80edeec849a40746eaef958bb65e745640160,2013-05,Bedfordshire Police,Bedfordshire Police,-0.496279,51.875686,On or near SUFFOLK ROAD,E01017594,Central Bedfordshire 030C,Offender sent to prison
507ad56f90c25bcac81c45d5fa927a720cb96de51e220cc8a65be7536db7712a,2013-05,Bedfordshire Police,Bedfordshire Police,-0.473690,52.133918,On or near PREBEND STREET,E01017466,Bedford 012A,Offender sent to prison
6d3776b78760902d673a40921e4ecea3a6f084af204e4d098e1782937b461362,2013-05,Bedfordshire Police,Bedfordshire Police,-0.450584,52.126927,On or near CARTER CLOSE,E01017519,Bedford 014B,Court case unable to proceed
5415d88ce0cdd503771490355edc70fc2f56d8000cecce4b5b59f4b234b9f245,2013-05,Bedfordshire Police,Bedfordshire Police,-0.268409,52.091168,On or near IVEL BURY,E01017385,Central Bedfordshire 005C,Defendant found not guilty
1808b90b12c6d054921675b74e0dc51ae70f0e3e074dc31682f0c03343e80a0a,2013-05,Bedfordshire Police,Bedfordshire Police,-0.452041,52.137574,On or near YORK STREET,E01017467,Bedford 012B,Offender given community sentence
a9ed56740dadc5a8414c597e672618b4ec277e66d6553eafed9b0568e7461903,2013-05,Bedfordshire Police,Bedfordshire Police,-0.475446,51.893311,On or near LEWSEY ROAD,E01015713,Luton 013A,Court case unable to proceed
9799fbcc3b92c290bf08817789a0b6c144c9ccc22111645498d7d00f5f0441fc,2013-05,Bedfordshire Police,Bedfordshire Police,-0.466673,52.136155,On or near Nightclub,E01017469,Bedford 012D,Defendant found not guilty
59b0ec643fbad1c3977b9c9fd7de2a772809354d715a4ab46c87ba336c545fee,2013-05,Bedfordshire Police,Bedfordshire Police,-0.521693,51.890107,On or near Theatre/Concert Hall,E01017570,Central Bedfordshire 029E,Offender fined
466909d57dd6cdc651944b78f8f36d7652ff94c7e28604af8e29631daedec7fd,2013-05,Bedfordshire Police,Bedfordshire Police,-0.413993,51.880351,On or near CHEAPSIDE,E01015794,Luton 018F,Offender fined
bb4c41cc1b9efc35b9f31937cc175300008c94531694c44059011e6644065e1e,2013-05,Bedfordshire Police,Bedfordshire Police,-0.263717,52.010058,On or near THE GRANARY,E01017378,Central Bedfordshire 010C,Court case unable to proceed
3c982e77ffab08fc4cd2d2bb09570ce34991fa1df5b51073f68dc9cdefac0fda,2013-05,Bedfordshire Police,Bedfordshire Police,-0.422814,51.878195,On or near ROTHESAY ROAD,E01015794,Luton 018F,Offender fined
e5e1958b522d7a6e4ef72b2fc4bd827603184fe7a2c75a11effbf9d295bf048f,2013-05,Bedfordshire Police,Bedfordshire Police,-0.544288,51.887466,On or near SAXON CLOSE,E01017595,Central Bedfordshire 028B,Offender given community sentence
0c6dd7b931b0bae12b90635f6cf6bf49723f070f62c7f1d91b7ec340190df873,2013-05,Bedfordshire Police,Bedfordshire Police,-0.448143,51.924002,On or near WHITEHORSE VALE,E01015709,Luton 001D,Court case unable to proceed
22bef7536ba9cdb6084078089505656f09763166f96964a88b5a8d1f844beedd,2013-05,Bedfordshire Police,Bedfordshire Police,-0.258834,52.080642,On or near ELY CROFT,E01017383,Central Bedfordshire 005A,Offender given community sentence
1ea83ab3b8d69aea0c730b8dde449de7df6e2fc8f9889efd1110ebcf100f871b,2013-05,Bedfordshire Police,Bedfordshire Police,-0.473655,52.134924,On or near WESTERN STREET,E01017466,Bedford 012A,Offender given community sentence
09f7c05f14307b0b41325e4878941a3f5fb52d029610b310a3b67fd2c63d259d,2013-05,Bedfordshire Police,Bedfordshire Police,-0.467984,52.133286,On or near Further/Higher Educational Building,E01017473,Bedford 015B,Offender given conditional discharge
bb6797948ec718b5a3393c4b34261bd960c23188045a4adde411310f4d7a91ba,2013-05,Bedfordshire Police,Bedfordshire Police,-0.671452,51.916331,On or near Parking Area,E01017589,Central Bedfordshire 022A,Court case unable to proceed
44f4d765a483476b7833ebfc79c9525ffda36aed02c6b24160e0dadbcac3da0d,2013-05,Bedfordshire Police,Bedfordshire Police,-0.264398,52.087306,On or near CHURCH STREET,E01017385,Central Bedfordshire 005C,Offender sent to prison
71cf7edabbccd8f9134d1019cf792f64d3eb9fe0e43a2b5828a95675e4793a07,2013-05,Bedfordshire Police,Bedfordshire Police,-0.423121,51.876904,On or near WESTERN ROAD,E01015795,Luton 021F,Offender otherwise dealt with
32c48bef9562a232745f42c754737972720b610a72c5f9dd2f1906319e5b124b,2013-05,Bedfordshire Police,Bedfordshire Police,-0.246913,52.082812,On or near KINGSFIELD ROAD,E01017389,Central Bedfordshire 006C,Offender given community sentence
2c7dc224dfa7e595c9755769648af2c4352cde8957894d138deea45436d7bd1b,2013-05,Bedfordshire Police,Bedfordshire Police,-0.466075,52.138251,On or near Nightclub,E01017469,Bedford 012D,Offender sent to prison
36be5141cd9a75b84d739b721d1199d3825e3f874d054eb81cac62379b170895,2013-05,Bedfordshire Police,Bedfordshire Police,-0.474093,52.140927,On or near TAVISTOCK PLACE,E01017502,Bedford 010F,Offender given community sentence
127fccebc8925cbd5af70e443dd95f5ee0adfcff4663f8670ced61fb333222da,2013-05,Bedfordshire Police,Bedfordshire Police,-0.421460,51.877862,On or near BUXTON ROAD,E01015795,Luton 021F,Offender given community sentence
abebd547ac0423e6e211ee794027b46afdbca64e8a182ec7529eb038b5253bae,2013-05,Bedfordshire Police,Bedfordshire Police,-0.412719,51.886404,On or near NORTH STREET,E01015741,Luton 018B,Defendant found not guilty
36879d4af82d7a97ead36b25cbdea9996756d52885c852a14a03a1be3370eaf0,2013-05,Bedfordshire Police,Bedfordshire Police,-0.481155,51.902440,On or near ANMER GARDENS,E01015758,Luton 009C,Defendant found not guilty
8a3ea078c284f964301fa254f31d9afeb4c5cf0d90cfb58db26afaa40eafe517,2013-05,Bedfordshire Police,Bedfordshire Police,-0.262634,52.025607,On or near PIX COURT,E01017377,Central Bedfordshire 010B,Offender given suspended prison sentence
7b624bc5b969887fb2060e1020baf8bd5041b0b3555f83ff5abe0a208225d1ae,2013-05,Bedfordshire Police,Bedfordshire Police,-0.471595,52.129817,On or near CROWN PLACE,E01017473,Bedford 015B,Offender otherwise dealt with
ede0bee018db51eb764d4bfc3f73f96faf55c60b3a70ff96dc1eceac8c1928c1,2013-05,Bedfordshire Police,Bedfordshire Police,-0.453591,51.903402,On or near ARCHWAY ROAD,E01015765,Luton 006B,Offender sent to prison
51d596d4880384c002a9b861e5ba590455d46f5d12b43834c63031b8d57b8f54,2013-05,Bedfordshire Police,Bedfordshire Police,-0.356327,52.157507,On or near DOTHANS CLOSE,E01017495,Bedford 004B,Offender sent to prison
77bca7c350b8e817df111a455e7452fb318d9e2617035dbf234cbe991428695f,2013-05,Bedfordshire Police,Bedfordshire Police,-0.466709,52.126148,On or near FITZGERALD CLOSE,E01017473,Bedford 015B,Defendant found not guilty
c96f1c817904e3f3a704a99ff2bba1e4a511dcac99fab8929d1c44d7bd01048b,2013-05,Bedfordshire Police,Bedfordshire Police,-0.669472,51.918404,On or near Supermarket,E01017557,Central Bedfordshire 021C,Offender given conditional discharge
869250176f32f0a726796962be11dd3cff12261183c536333d3ba3283abc3e6b,2013-05,Bedfordshire Police,Bedfordshire Police,-0.480618,52.141560,On or near TUDOR CLOSE,E01017499,Bedford 010C,Defendant found not guilty
f422a796d2834e46b0900ea5ab27b67c293a701fa85ad56ffe42d2561192575e,2013-05,Bedfordshire Police,Bedfordshire Police,-0.477301,52.141139,On or near LANSDOWNE ROAD,E01017501,Bedford 010E,Offender otherwise dealt with
470b56425d72135afc1f57fac1ac18b6f14675295e3c0a0431b9c1f6d19ebb80,2013-05,Bedfordshire Police,Bedfordshire Police,-0.482538,52.140982,On or near MILTON ROAD,E01017499,Bedford 010C,Offender sent to prison
c20bbb9f0646aaa5e8e59db736f5b100bc7ee766ffdcf735b947fe7157769a24,2013-05,Bedfordshire Police,Bedfordshire Police,-0.454908,51.919677,On or near MORRIS CLOSE,E01015771,Luton 003B,Offender sent to prison
79a83527fc8a4d37dc650c2a608ecb700ef86b6ad740d0b1c48ebcb0ae0b4424,2013-05,Bedfordshire Police,Bedfordshire Police,-0.389432,52.127303,On or near WILLINGTON ROAD,E01017496,Bedford 004C,Offender fined
2b702a8c9fbe3c8063fb6054bfa0def8e2b4272b5947a92278302d70acf0728a,2013-05,Bedfordshire Police,Bedfordshire Police,-0.466075,52.138251,On or near Nightclub,E01017469,Bedford 012D,Offender fined
50af0dd6e5d4ac808065dcebcd1d0a3f039ff5ec83d539ba1c8053b7cfd7bae3,2013-05,Bedfordshire Police,Bedfordshire Police,-0.456784,51.917984,On or near FITZWARIN CLOSE,E01015771,Luton 003B,Offender sent to prison
a472876378dfab2f32892da5dafefd754371e8f0bd1861d30993d82a151313b9,2013-05,Bedfordshire Police,Bedfordshire Police,-0.413327,51.879443,On or near Supermarket,E01015794,Luton 018F,Offender given suspended prison sentence
2031070766c9610e1bc99f65d2c9fc76b9cff9e92d2372019c80e63aa85a5ad6,2013-05,Bedfordshire Police,Bedfordshire Police,-0.469781,52.137140,On or near Shopping Area,E01017466,Bedford 012A,Court case unable to proceed
a781dacc358e93072ff0aed34dd2b797f4287af36391c156bfd88c92129310bb,2013-05,Bedfordshire Police,Bedfordshire Police,-0.644103,51.892651,On or near GROVEBURY TURN,E01017615,Central Bedfordshire 019B,Defendant found not guilty
5f8b1381659d0e62e7217c9f524671e6dd177470ec73cda569ddfea7cbc01834,2013-05,Bedfordshire Police,Bedfordshire Police,-0.469781,52.137140,On or near Shopping Area,E01017466,Bedford 012A,Offender sent to prison
16a642c66893e7031ea82c6c1eb2b01a4f57d2631ebd90136fd9e45b6a200964,2013-05,Bedfordshire Police,Bedfordshire Police,-0.540932,52.070301,On or near ALLEN COURT,E01017416,Central Bedfordshire 009A,Offender given community sentence
64db9897cabc27b47a4588edc4c9e390b37da665d95790a830dd1466f11426f7,2013-05,Bedfordshire Police,Bedfordshire Police,-0.663068,51.916156,On or near HIGH STREET,E01017555,Central Bedfordshire 021A,Offender fined
c33264edb10d4530a461c03a7f405775630ecb41b0ed975cb8832806cf5e48d3,2013-05,Bedfordshire Police,Bedfordshire Police,-0.522594,51.887888,On or near QUEENSWAY,E01017568,Central Bedfordshire 029C,Offender given community sentence
2be9e1a84ff5352117c88219d06b1051692e07ab850b1c472b4ed16dfe2402d0,2013-05,Bedfordshire Police,Bedfordshire Police,-0.427400,52.152632,On or near Supermarket,E01017492,Bedford 007E,Offender given suspended prison sentence
736b07483914dfa0248c48abc025e22add7db5ea12d01e6d06181f1b2f7afa20,2013-05,Bedfordshire Police,Bedfordshire Police,-0.262634,52.025607,On or near PIX COURT,E01017377,Central Bedfordshire 010B,Court case unable to proceed
86ee33b52d134ee9fc9d16caea477baacb44c606e74b240158c01a1dc6152cf1,2013-05,Bedfordshire Police,Bedfordshire Police,-0.423121,51.876904,On or near WESTERN ROAD,E01015795,Luton 021F,Offender otherwise dealt with
b5ec7bdfc5cb142d03d74f8c2afcd518588523c700662ea2842dabb97d8d1d8d,2013-05,Bedfordshire Police,Bedfordshire Police,-0.450566,51.894164,On or near LARKSPUR GARDENS,E01015787,Luton 015D,Offender sent to prison
b6d3dd613f050f91b0b30b133b0366843618acfa4e01f770564e4d4f60d106cf,2013-05,Bedfordshire Police,Bedfordshire Police,-0.532858,51.892647,On or near NORTH STATION WAY,E01017599,Central Bedfordshire 028F,Court case unable to proceed
4bbc5bcfa2c4254aebd4413018e68bca0c5b18addcbfdc0e7a6f7d4cfe14d5f0,2013-05,Bedfordshire Police,Bedfordshire Police,-0.416240,51.875094,On or near CASTLE STREET,E01015791,Luton 021C,Offender given conditional discharge
7b67a9e014d820ec908df69b2698f757055f138829b6671bc2c3cf32ceb0e627,2013-05,Bedfordshire Police,Bedfordshire Police,-0.503829,52.115701,On or near MOLLY MOORE AVENUE,E01017510,Bedford 016B,Defendant found not guilty
931da7424066bc79aadbeb398c9796e71a8ada5098a78493ec5b363a82bc1a47,2013-05,Bedfordshire Police,Bedfordshire Police,-0.413942,51.878903,On or near Shopping Area,E01015794,Luton 018F,Offender given suspended prison sentence
ba3663b1a04a71ba1198aff13f8c590ceec3f1e038f716baa243f9505d4a9a21,2013-05,Bedfordshire Police,Bedfordshire Police,-0.413942,51.878903,On or near Shopping Area,E01015794,Luton 018F,Offender given community sentence
d985e7f2b57e348133905c228e9159dae3c5af04642a9cc46e84c50a040366f7,2013-05,Bedfordshire Police,Bedfordshire Police,-0.442193,52.119129,On or near BRANCASTER CLOSE,E01017521,Bedford 014D,Offender sent to prison
0d037eba8bcd4c171ccec7bfa71a45b24cd1046328682550db683194afde6bac,2013-05,Bedfordshire Police,Bedfordshire Police,-0.502502,51.903504,On or near KENSINGTON CLOSE,E01017580,Central Bedfordshire 026C,Offender given suspended prison sentence
3bea047d354bb3b58cf4aba09279b9666f7d8b15b602dea2145ddc9ce6297d38,2013-05,Bedfordshire Police,Bedfordshire Police,-0.454289,51.904266,On or near MOSTYN ROAD,E01015765,Luton 006B,Offender sent to prison
900ed0f35e1ae00ae61df0755f2b12220e7a361c1259eeffc50ff94f975a415a,2013-05,Bedfordshire Police,Bedfordshire Police,-0.447762,51.892437,On or near CALEB CLOSE,E01015787,Luton 015D,Offender sent to prison
0e79aa334903f037c20f52195d502fec1acc17e8cd150179ccbbe9c1d6456dd2,2013-05,Bedfordshire Police,Bedfordshire Police,-0.454908,51.919677,On or near MORRIS CLOSE,E01015771,Luton 003B,Defendant found not guilty
5e8358ecb4640fe7d18c8bf09a16369e26e814188696a1fcca5347bcc075caff,2013-05,Bedfordshire Police,Bedfordshire Police,-0.409226,51.878740,On or near ST MARY'S ROAD,E01015789,Luton 018E,Offender fined
3dbff176d888255c5c117c4de71d776dd99aaa223f54758f4f1816e70939445c,2013-05,Bedfordshire Police,Bedfordshire Police,-0.413942,51.878903,On or near Shopping Area,E01015794,Luton 018F,Offender given community sentence
9dd4ecf0b1e81ce837af24594aec50a7b0a062d843b3f38b1907109f65225ec4,2013-05,Bedfordshire Police,Bedfordshire Police,-0.469508,52.135707,On or near Parking Area,E01017466,Bedford 012A,Offender otherwise dealt with
b9b6deb8b18567e87b6474723569627f9c80f413b5801db2628d754178222029,2013-05,Bedfordshire Police,Bedfordshire Police,-0.493227,52.119981,On or near Police Station,E01017509,Bedford 016A,Offender fined
ec8fdb67bdf8aafabfe930f72caa0a1597e09b68f13dc612fc7367de743d61ab,2013-05,Bedfordshire Police,Bedfordshire Police,-0.427400,52.152632,On or near Supermarket,E01017492,Bedford 007E,Offender given suspended prison sentence
661b97c1d1eae8abdf8cb3bb3bcbb25f6ed0e1b3a646557d1693ca3fcf9f64fa,2013-05,Bedfordshire Police,Bedfordshire Police,-0.459248,51.913125,On or near PENHILL,E01015802,Luton 003F,Offender sent to prison
bd048c0114caeaf31debf8053c152a96fc53454b3b7dfbc2f40eb6b3e55b719b,2013-05,Bedfordshire Police,Bedfordshire Police,-0.512943,51.911747,On or near Police Station,E01017619,Central Bedfordshire 025E,Offender fined
8a7bcdd0a1b290cb1c1023f9dc3af10b63fa8e23caa3f1298f340825682d7793,2013-05,Bedfordshire Police,Bedfordshire Police,-0.462009,52.112897,On or near LILLESHALL DRIVE,E01017550,Bedford 019E,Offender sent to prison
e62fee2145a44121f2a5e8bfa888833d947982e319c9df3eb5b7569f3aa2d665,2013-05,Bedfordshire Police,Bedfordshire Police,-0.517499,51.882438,On or near STAINES SQUARE,E01017623,Central Bedfordshire 031A,Offender given community sentence
5d63ec6ac42dd382e9e039bb2a33e8b3392059000a78d04091ae8d0168b13cad,2013-05,Bedfordshire Police,Bedfordshire Police,-0.450519,52.135539,On or near RUSSELL AVENUE,E01017468,Bedford 012C,Offender sent to prison
4639452b25458a1c70e4e8a344dda20b1638e50b1a968cf6d5c4ebf6ac48289e,2013-05,Bedfordshire Police,Bedfordshire Police,-0.522952,51.886274,On or near Parking Area,E01017568,Central Bedfordshire 029C,Court case unable to proceed
d1e84b92f66f853f1f35388f10792debb5530bbffd1736707aac26c44442fa31,2013-05,Bedfordshire Police,Bedfordshire Police,-0.413327,51.879443,On or near Supermarket,E01015794,Luton 018F,Offender sent to prison
1bf8a5456e956fcd988c06cb2f92659a657901592d5a708db1d7431dbf507c71,2013-05,Bedfordshire Police,Bedfordshire Police,-0.389432,51.897614,On or near Supermarket,E01015813,Luton 008F,Offender given conditional discharge
e3c772132331cd86482b8c4d571e518588d069886faa609ddc1015d9cf820ce1,2013-05,Bedfordshire Police,Bedfordshire Police,-0.471639,52.127246,On or near OMBERSLEY ROAD,E01017473,Bedford 015B,Defendant found not guilty
712ebb5405bb490ea685d594efe84e823edcbbb52a83fcdfadead0cb933074a6,2013-05,Bedfordshire Police,Bedfordshire Police,-0.469508,52.135707,On or near Parking Area,E01017466,Bedford 012A,Offender given conditional discharge
945359418c4d601d01923000abebd15e06b1804d919b325a82e76a1f2e92ec28,2013-05,Bedfordshire Police,Bedfordshire Police,-0.467729,51.909989,On or near STONEWAYS CLOSE,E01015754,Luton 005E,Offender given conditional discharge
18544cde0a4ed2fa623bb9b078d0c8a43d525a200f0638b56b4e1345b6ae1695,2013-05,Bedfordshire Police,Bedfordshire Police,-0.469508,52.135707,On or near Parking Area,E01017466,Bedford 012A,Offender fined
696f7857c11b36e48498118c8770747e0e47efdfe910a6572fbac71421a1f643,2013-05,Bedfordshire Police,Bedfordshire Police,-0.480489,52.138924,On or near THE FINCHES,E01017471,Bedford 012F,Offender given community sentence
2f9a7f4d412ab9deed0bca94fe1da4ff264c41a923248ea0f9ccd87bb7a58145,2013-05,Bedfordshire Police,Bedfordshire Police,-0.475456,52.139965,On or near TREVOR STREET,E01017501,Bedford 010E,Offender sent to prison
dc6df612fb293718d997ea228c830763ad3073da5e0d24276e02aa54ab5cfc8b,2013-05,Bedfordshire Police,Bedfordshire Police,-0.460298,51.921932,On or near LUXEMBOURG CLOSE,E01015774,Luton 003E,Defendant found not guilty
c5e1d3c272ea36fd24c5a1480a647fc26d9ae05a0528c13804deedfdfd0507db,2013-05,Bedfordshire Police,Bedfordshire Police,-0.483282,51.888045,On or near SKIMPOT ROAD,E01017562,Central Bedfordshire 033B,Court case unable to proceed
e851508a09da36353457306eb87149e4442d8444c87d51d45184abb1c6a15272,2013-05,Bedfordshire Police,Bedfordshire Police,-0.413327,51.879443,On or near Supermarket,E01015794,Luton 018F,Offender given suspended prison sentence
13c37723d059dc737e1d210258a609f414f0ccbe338c224b75657fab9420fb93,2013-05,Bedfordshire Police,Bedfordshire Police,-0.431375,52.111064,On or near THE CRESCENT,E01017486,Bedford 019A,Offender otherwise dealt with
c175edfec32f40f075be0452d44cd654776a7ade8ab104249bae1f028a2734d2,2013-05,Bedfordshire Police,Bedfordshire Police,-0.470475,52.145448,On or near SALISBURY STREET,E01017497,Bedford 010A,Defendant found not guilty
b02f4e4f9e4580a7d84691dadc2534ab028a8a7245db0f0dbfa1b0d80c2d39a1,2013-05,Bedfordshire Police,Bedfordshire Police,-0.497677,51.876450,On or near LINCOLN CLOSE,E01017594,Central Bedfordshire 030C,Offender sent to prison
00608130bc72d39bab5503f5942f6c4d488b9070e06e2d6697dc0eb4b57c4ba2,2013-05,Bedfordshire Police,Bedfordshire Police,-0.471595,52.129817,On or near CROWN PLACE,E01017473,Bedford 015B,Defendant found not guilty
0a16066b15d3aad0c97f8ea42b64db3279a354cf0dd420e9bb5ae2fa74f6a2c4,2013-05,Bedfordshire Police,Bedfordshire Police,-0.416859,51.878178,On or near GEORGE STREET WEST,E01015791,Luton 021C,Offender given community sentence
ea642b6ed0629d36b9d123c97feec93a4a34efb3370f1696b9a568a92045eb1a,2013-05,Bedfordshire Police,Bedfordshire Police,-0.512408,51.888776,On or near Petrol Station,E01017584,Central Bedfordshire 027C,Offender sent to prison
0e92e548de33bb5bb36fa3d304136bd3183210bbacf1bf499971c44a7eda0748,2013-05,Bedfordshire Police,Bedfordshire Police,-0.480489,52.138924,On or near THE FINCHES,E01017471,Bedford 012F,Defendant found not guilty
40e05d0ad6be08b6f28c28bb8a5f7c4851af472b1a3fee2df4634f3671d6f57a,2013-05,Bedfordshire Police,Bedfordshire Police,-0.492294,52.120364,On or near Supermarket,E01017512,Bedford 016D,Offender sent to prison
e43b4905860740f5a5ebb113597684637c4d44658f8624796b5177c4bf5a7de6,2013-05,Bedfordshire Police,Bedfordshire Police,-0.473275,52.136637,On or near PRIORY STREET,E01017466,Bedford 012A,Offender deprived of property
148fc63cf149d5e0980aa9b442a3e01192d87e630a383d317ee38481171ec999,2013-05,Bedfordshire Police,Bedfordshire Police,-0.471730,52.128848,On or near Hospital,E01017473,Bedford 015B,Offender otherwise dealt with
c8d7f39d3279885693d102e7be4b18978c574cdd5ce30484598e8dba675c9053,2013-05,Bedfordshire Police,Bedfordshire Police,-0.263900,52.086238,On or near Supermarket,E01017385,Central Bedfordshire 005C,Offender sent to prison
223dfde4bb2fbbc73c2261b2dbee4179d4f0bea7aa425c4089567a8f73605122,2013-05,Bedfordshire Police,Bedfordshire Police,-0.411422,51.877862,On or near Further/Higher Educational Building,E01015789,Luton 018E,Offender sent to prison
7bad56fd5065e5801af140a75d306a7c7cf6cecc916a1ce82d2c9146880c8135,2013-05,Bedfordshire Police,Bedfordshire Police,-0.262992,52.087438,On or near WELLS COURT,E01017385,Central Bedfordshire 005C,Offender sent to prison
78859e33823144042afdae3710852d3ab7fc046488662a2872a752a9c0217793,2013-05,Bedfordshire Police,Bedfordshire Police,-0.469508,52.135707,On or near Parking Area,E01017466,Bedford 012A,Offender given community sentence
e868800bfe59f25d0eac4919d5e2426fe2da1d0e709fa643f8ad0fef86386a1d,2013-05,Bedfordshire Police,Bedfordshire Police,-0.662451,51.920761,On or near EDWARD STREET,E01017557,Central Bedfordshire 021C,Offender given community sentence
ebeb60a38550fef67b55355cfa4e9d9d39548018afa042d4d5f1807ab0efcce4,2013-05,Bedfordshire Police,Bedfordshire Police,-0.427713,51.878530,On or near DOWNS ROAD,E01015795,Luton 021F,Defendant found not guilty
105f09e28fee1cd3fd48420a40d7138b6ec7c2515bfdda1dbbf56e7d9863fd45,2013-05,Bedfordshire Police,Bedfordshire Police,-0.408256,51.874519,On or near BAILEY STREET,E01015789,Luton 018E,Offender sent to prison
cf6190f93a41de3e64a9132ae3f804c509b2338e37f0b787ffec70c18b43a15c,2013-05,Bedfordshire Police,Bedfordshire Police,-0.499135,51.911617,On or near HOUGHTON PARK ROAD,E01017600,Central Bedfordshire 025A,Offender sent to prison
5295dabc6300b7ead539d6700133813f9c8bff4bd4ec31956cc16625c17dbc8a,2013-05,Bedfordshire Police,Bedfordshire Police,-0.521693,51.890107,On or near Theatre/Concert Hall,E01017570,Central Bedfordshire 029E,Offender sent to prison
18f49ffc759bc268e406b88c9d25e3c99ebff5d3aadef6a3786abd9247a29954,2013-05,Bedfordshire Police,Bedfordshire Police,-0.496630,51.890841,On or near BUCKWOOD AVENUE,E01017582,Central Bedfordshire 027A,Offender given community sentence
cf69cd70cc91bb1aba429f50021a13d504d5374fe3629fe2d8372f9dd59874e9,2013-05,Bedfordshire Police,Bedfordshire Police,-0.522952,51.886274,On or near Parking Area,E01017568,Central Bedfordshire 029C,Offender fined
f5e2f0eb4e14a6ec22e588be46f7c42f23219246576a5d096337b599ad838978,2013-05,Bedfordshire Police,Bedfordshire Police,-0.469781,52.137140,On or near Shopping Area,E01017466,Bedford 012A,Offender given suspended prison sentence
9d3c287fe394c56b4eee8187ec161133d3e07f78b04623a5416ed3d89a646b6f,2013-05,Bedfordshire Police,Bedfordshire Police,-0.419754,51.878882,On or near Nightclub,E01015794,Luton 018F,Court case unable to proceed
8e5cc33b0ca46b4343f2c70e2602a231ef9a046f12bb3a12bd5dd5b17a1d50ef,2013-05,Bedfordshire Police,Bedfordshire Police,-0.440623,51.875339,On or near Petrol Station,E01015736,Luton 020E,Offender given conditional discharge
1dc3e06db8629cb9a50e64f2a8083b737c98ad552de82a49a05d72648f8d3ac7,2013-05,Bedfordshire Police,Bedfordshire Police,-0.461181,52.140328,On or near A4280,E01017484,Bedford 009C,Offender given suspended prison sentence
45d096030151477e77d2ac0754634d357a7e4e768032e5beeec9ccbdf74b9fda,2013-05,Bedfordshire Police,Bedfordshire Police,-0.496291,51.894928,On or near MARKHAM CRESCENT,E01017585,Central Bedfordshire 027D,Offender given community sentence
5b7223e26676e61b129d32428347e6af054236f8dd8fc8fd4afc78f1c5347874,2013-05,Bedfordshire Police,Bedfordshire Police,-0.495060,52.116300,On or near CONISTON CLOSE,E01017505,Bedford 017A,Offender given conditional discharge
b28cc23e0d5912f25528adf6c82646a55ecb2ed835802e10b4b0227299e03a27,2013-05,Bedfordshire Police,Bedfordshire Police,-0.413942,51.878903,On or near Shopping Area,E01015794,Luton 018F,Offender given suspended prison sentence
fa2ed4d35c57b6373273a6218d2d38838541615226a08c3cd503d39338a52f92,2013-05,Bedfordshire Police,Bedfordshire Police,-0.416240,51.875094,On or near CASTLE STREET,E01015791,Luton 021C,Offender fined
d7eb9d0585beb362c64cf34229251c31e8246f680f479035a8505a643981468b,2013-05,Bedfordshire Police,Bedfordshire Police,-0.468839,52.137757,On or near Parking Area,E01017466,Bedford 012A,Offender given community sentence
2fc513509aa031ea41aebc7cb3b671c50d0a00f21449f557abd2788ff2e1aa7f,2013-05,Bedfordshire Police,Bedfordshire Police,-0.263900,52.086238,On or near Supermarket,E01017385,Central Bedfordshire 005C,Offender fined
006864d25d5f5290233d38b41de96a98ea3d8534a38a75b0510ef3da343490e1,2013-05,Bedfordshire Police,Bedfordshire Police,-0.413942,51.878903,On or near Shopping Area,E01015794,Luton 018F,Offender sent to prison
7adab5528f72e463222e29489007b11b8717a62d5bcdaade52316df4a07b16cc,2013-05,Bedfordshire Police,Bedfordshire Police,-0.468277,52.136671,On or near Shopping Area,E01017469,Bedford 012D,Offender fined
adb5965ed84a5b708dfc56c6d2e46851a88943e214d6c836de62ba807e2137d8,2013-05,Bedfordshire Police,Bedfordshire Police,-0.461515,52.135719,On or near ALBANY ROAD,E01017469,Bedford 012D,Offender given community sentence
0cf617e5ec91dbc4c904710f700d3e4b7ca61d6c0c473c06425bb6e70ae69990,2013-05,Bedfordshire Police,Bedfordshire Police,-0.531454,52.070579,On or near Park/Open Space,E01017416,Central Bedfordshire 009A,Offender given conditional discharge
798770dce87cfd6206e91afb8531f0cb4242b4fd6c07f322c2515420e1763578,2013-05,Bedfordshire Police,Bedfordshire Police,-0.522952,51.886274,On or near Parking Area,E01017568,Central Bedfordshire 029C,Court case unable to proceed
818df6466b02e7daf64c1984d4107ed83b69bc99b1d708f9414dee4cfff52180,2013-05,Bedfordshire Police,Bedfordshire Police,-0.537558,51.888426,On or near Supermarket,E01017596,Central Bedfordshire 028C,Offender given conditional discharge
ac3fdc026d17437cc2768d8d3dac077efb8318d2f51b0e217fb42f21f11d5539,2013-05,Bedfordshire Police,Bedfordshire Police,-0.435092,52.145037,On or near PURBECK CLOSE,E01017491,Bedford 007D,Court case unable to proceed
4c9bdae4c875bde6bb75bc37af3e2eda1661eb2b55369ba938a06f4a4ef5a157,2013-05,Bedfordshire Police,Bedfordshire Police,-0.514803,51.906034,On or near EAST END,E01017581,Central Bedfordshire 026D,Offender given conditional discharge
125094b16aa99ca10a5c8755566a1e059cb93fa517606743ae45d2cf677dbbfc,2013-05,Bedfordshire Police,Bedfordshire Police,-0.471161,52.135647,On or near RIVER STREET,E01017466,Bedford 012A,Offender sent to prison
8dd750093f9dee6390fd6936b93fb6e35356c66eef7c55d6475fd72526f14210,2013-05,Bedfordshire Police,Bedfordshire Police,-0.459569,52.143436,On or near Supermarket,E01017484,Bedford 009C,Offender sent to prison
ace9eb2f5aece861e72d10bc0adc12c0bfe8f76c24a93303f54e34bf4bfd69b0,2013-05,Bedfordshire Police,Bedfordshire Police,-0.513200,51.871819,On or near ARDLEY CLOSE,E01017626,Central Bedfordshire 031D,Court case unable to proceed
e6cc1ca970d6051ea73208382a6cbb40c0961784a494f509531e96c8338396f1,2013-05,Bedfordshire Police,Bedfordshire Police,-0.491476,51.967923,On or near STIVERS WAY,E01017409,Central Bedfordshire 017C,Offender given conditional discharge
e0bcf74f9ddfbe9f75743705fbea7ecfc1abae7188a180ada76c71affed9ddb7,2013-05,Bedfordshire Police,Bedfordshire Police,-0.427400,52.152632,On or near Supermarket,E01017492,Bedford 007E,Offender given suspended prison sentence
c0c672dfabe8d4dfd50e3aca93475d39d22b9498f3938af254410698e3e44ef7,2013-05,Bedfordshire Police,Bedfordshire Police,-0.495042,51.895766,On or near POYNTERS ROAD,E01015761,Luton 009F,Offender given community sentence
1795a8acc230b607f88b981439756ea5c5577220c3472a4cd844da7faa1beb14,2013-05,Bedfordshire Police,Bedfordshire Police,-0.468480,52.126486,On or near OSSORY WAY,E01017474,Bedford 015C,Offender given suspended prison sentence
e576e381b5cb061a09236c372cbab6fe62a3b74ccf6e0f3092b2328643ed31e6,2013-05,Bedfordshire Police,Bedfordshire Police,-0.413465,51.882952,On or near MIDLAND ROAD,E01015741,Luton 018B,Offender sent to prison
35c08ac8fe0ed9245660b34a2ff0aace1a51cbbf6906501b314f0502f18266cf,2013-05,Bedfordshire Police,Bedfordshire Police,-0.437587,52.133463,On or near MAIA CLOSE,E01017524,Bedford 011A,Offender otherwise dealt with
e3ffb6928559b7cd35639e653192f147e939cfaf6790b0487dcc55c30f47b152,2013-05,Bedfordshire Police,Bedfordshire Police,-0.500095,52.014078,On or near CHAUNTRY WAY,E01017399,Central Bedfordshire 015A,Defendant found not guilty
2491e13df38249fa0b09e86310b7c335459d8a2ce91f18eb7f26cdf9e5ace349,2013-05,Bedfordshire Police,Bedfordshire Police,-0.427400,52.152632,On or near Supermarket,E01017492,Bedford 007E,Offender given suspended prison sentence
1aee3046f236bda216ebd67fbd364438aea48a369acc1b12591a86741c2830d4,2013-05,Bedfordshire Police,Bedfordshire Police,-0.468480,52.126486,On or near OSSORY WAY,E01017474,Bedford 015C,Offender fined
08fd3f10126d5b7ae6252762f9ad885ef041b1aeabc1f6adc634cf2156d08aea,2013-05,Bedfordshire Police,Bedfordshire Police,-0.273788,52.093621,On or near Supermarket,E01017422,Central Bedfordshire 004B,Offender fined
859b3fc0db5846d27a0e03b255d78226fe1b5397de8b7ae13636005d38203263,2013-05,Bedfordshire Police,Bedfordshire Police,-0.423148,51.882776,On or near Supermarket,E01015699,Luton 017B,Defendant found not guilty
d811f8498ca6e1b996d758a041e65651c1f55ce71ed39d89d496aa297add98ce,2013-05,Bedfordshire Police,Bedfordshire Police,-0.426331,52.141091,On or near HEATHER GARDENS,E01017527,Bedford 011D,Offender fined
017553d4ab016b1ea2144bb87b7b65acfbbcd7e4b40c1030cf56db0a5fff3805,2013-05,Bedfordshire Police,Bedfordshire Police,-0.405983,51.890745,On or near COLIN ROAD,E01015778,Luton 012E,Offender given community sentence
ec20db5ccb463b53c1556d3cc340d4394d296188d05abf99a95b386733112853,2013-05,Bedfordshire Police,Bedfordshire Police,-0.367118,51.983861,On or near Park/Open Space,E01017444,Central Bedfordshire 011F,Offender sent to prison
0a7a363f9f22e7f4d2f2e510ba5ddcc8cf025c97d62b3d44bb9753ead4d34a68,2013-05,Bedfordshire Police,Bedfordshire Police,-0.429401,51.889721,On or near MILLINERS WAY,E01015705,Luton 017D,Offender fined
e6fdb78256e1eaab8b9fe32a39ed462936048c1ca3240a4a6aec7e7dfa910f6a,2013-05,Bedfordshire Police,Bedfordshire Police,-0.466673,52.136155,On or near Nightclub,E01017469,Bedford 012D,Offender given suspended prison sentence
583cd3a90e80fb5cdf0ab22054df6fa4a220bbbbc924a0b15a333a9b1c05600a,2013-05,Bedfordshire Police,Bedfordshire Police,-0.413942,51.878903,On or near Shopping Area,E01015794,Luton 018F,Offender given community sentence
2d24d4c90c5dda5cdab9eac67784d27f452c0dccba40026fe212bf019aff0c0d,2013-05,Bedfordshire Police,Bedfordshire Police,-0.408256,51.874519,On or near BAILEY STREET,E01015789,Luton 018E,Offender sent to prison
7ad1974b91f4dd9ddff9c491e8032624590fc12cb3ac15a33f492a419b1b46d3,2013-05,Bedfordshire Police,Bedfordshire Police,-0.463209,52.114513,On or near ROMSEY WAY,E01017550,Bedford 019E,Offender sent to prison
6cf99e9a9f1cf59a5781f7b073fa51579370e0cb794507a1c69b2f5acb6c081e,2013-05,Bedfordshire Police,Bedfordshire Police,-0.422618,51.965114,On or near DUNSTALL ROAD,E01017559,Central Bedfordshire 018B,Offender given suspended prison sentence
275baf5fe13ff22edcec0ad6a2eab083abd6d441f7f9599fe07aafab965bed53,2013-05,Bedfordshire Police,Bedfordshire Police,-0.469508,52.135707,On or near Parking Area,E01017466,Bedford 012A,Offender fined
931d0a3ad3ea3284bc8991141d7981d011ace78cf90c8db84f1895cd08dc4ecb,2013-05,Bedfordshire Police,Bedfordshire Police,-0.498955,51.903064,On or near WHEATFIELD ROAD,E01015757,Luton 009B,Court case unable to proceed
8aa4fcbc8ea57b628bd3f7aa6f11ed8e612919903d4a7fb28a033ffd7824c4cd,2013-05,Bedfordshire Police,Bedfordshire Police,-0.469508,52.135707,On or near Parking Area,E01017466,Bedford 012A,Offender given conditional discharge
2aaae548a51936b7322f1bb4417d8ff15fe8eb2dbc6eafa28d2fd0317fb7fa8f,2013-05,Bedfordshire Police,Bedfordshire Police,-0.440586,51.887334,On or near PORTLAND ROAD,E01015726,Luton 015B,Defendant found not guilty
ea35725afa8a9aa359a390b500d013503a13f70ea7efb4e6d13bd3a1e7ef4769,2013-05,Bedfordshire Police,Bedfordshire Police,-0.656626,51.945412,On or near Supermarket,E01017577,Central Bedfordshire 019A,Offender given suspended prison sentence
bddd88e926c2986f11b99a84aace40074b21751bc6bbddbf2f16b5517f77c0e0,2013-05,Bedfordshire Police,Bedfordshire Police,-0.469508,52.135707,On or near Parking Area,E01017466,Bedford 012A,Offender otherwise dealt with
9693d2bec778ea28fcb3efe4fcba453391333fef98f0b0fac2a65dd445883ec8,2013-05,Bedfordshire Police,Bedfordshire Police,-0.434580,52.146298,On or near BARNHILL,E01017489,Bedford 007B,Offender fined
734a74f8e07cd729cbdd0be2f73c66ab64d84c78dc61f6ade42f4f4b86a826cb,2013-05,Bedfordshire Police,Bedfordshire Police,-0.356327,52.157507,On or near DOTHANS CLOSE,E01017495,Bedford 004B,Court case unable to proceed
9b16d0ef597c4ad028d0764aa8e1a08d2e5fb0fb5d5b6a2f4a2bf03358c80972,2013-05,Bedfordshire Police,Bedfordshire Police,-0.458684,52.124183,On or near DENTS ROAD,E01017518,Bedford 014A,Offender fined
9c5d1266f6f6674d568d2c8338702a6ddaac9887c346636620eca54f94805553,2013-05,Bedfordshire Police,Bedfordshire Police,-0.439539,51.883984,On or near MARLOW AVENUE,E01015730,Luton 019D,Defendant found not guilty
c176010217eef619cc16c5f397d3e58d445e3b21cd67b7fafac5eb7ed1825205,2013-05,Bedfordshire Police,Bedfordshire Police,-0.451500,51.892369,On or near Petrol Station,E01015787,Luton 015D,Offender given conditional discharge
34b0a08bdb7d6f138e102e4133bed524c44051f988a7ccc73cf031f95c0ad9a0,2013-05,Bedfordshire Police,Bedfordshire Police,-0.469510,52.141182,On or near PRINCES STREET,E01017502,Bedford 010F,Offender fined
05a6151c95652e7efd30f90b91dc6bbeda8caec7183b6ad26f4d2416ad026100,2013-05,Bedfordshire Police,Bedfordshire Police,-0.416084,51.880380,On or near Shopping Area,E01015794,Luton 018F,Offender given suspended prison sentence
d7891d2d6abbf8ca3d70f3683ea5f392fcded246654c5f486552fbb5b69b52c7,2013-05,Bedfordshire Police,Bedfordshire Police,-0.471730,52.128848,On or near Hospital,E01017473,Bedford 015B,Offender given conditional discharge
26bc282cdeae8a2f4f895ceda0143ee3d0eb6149f9d9b8c968463f8a94a46f0e,2013-05,Bedfordshire Police,Bedfordshire Police,-0.417847,51.874442,On or near WINDSOR STREET,E01015791,Luton 021C,Defendant found not guilty
60da0bf139d463a46dbcd51ec6455679cb5bec35f4c1e6c202820c6bc79f889b,2013-05,Bedfordshire Police,Bedfordshire Police,-0.437810,51.875599,On or near ROSS CLOSE,E01015736,Luton 020E,Offender given community sentence
9e9e53a089eba3e0dcb0f014b413d11754a87effb389a3d813de2d891d2e48b4,2013-05,Bedfordshire Police,Bedfordshire Police,-0.439119,51.903670,On or near TRINITY ROAD,E01015766,Luton 006C,Offender sent to prison
607910139ffe1c4d513169ad9976b6dd03177fc5aa55b667c85748fe63d65aa7,2013-05,Bedfordshire Police,Bedfordshire Police,-0.408256,51.874519,On or near BAILEY STREET,E01015789,Luton 018E,Offender given conditional discharge
1d3a45448f1839cbe3cfbf9a8d030c160005656f78e3da9eb42576f2f90bd403,2013-05,Bedfordshire Police,Bedfordshire Police,-0.401224,51.892155,On or near HITCHIN ROAD,E01015777,Luton 012D,Court case unable to proceed
1cf09a971ec3468acdf360b0f4befb843d43360188c8e287a2b7f7e9f92a878a,2013-05,Bedfordshire Police,Bedfordshire Police,-0.423148,51.882776,On or near Supermarket,E01015699,Luton 017B,Offender sent to prison
7565f03bf5ba1bb29c4b3ca36292a9aa30f7ce710b416344d4977363b14248db,2013-05,Bedfordshire Police,Bedfordshire Police,-0.263717,52.010058,On or near THE GRANARY,E01017378,Central Bedfordshire 010C,Court case unable to proceed
462504fbfdb0aa2cac41eb821f04eb0007672203ffa88db9c8a8e140f92e1b35,2013-05,Bedfordshire Police,Bedfordshire Police,-0.288468,52.128857,On or near Supermarket,E01017431,Central Bedfordshire 002B,Offender sent to prison
f58fc4d8a34f28d6b62ea62075bdbc72b419f68c22c770516f1a4299bdf56e8b,2013-05,Bedfordshire Police,Bedfordshire Police,-0.504307,52.108838,On or near HAYLOCK CLOSE,E01017515,Bedford 018C,Defendant found not guilty
12a423dc36f768e7fc920775a027ba42b29009842c4b5e87a0ce94aa7a2c83c2,2013-05,Bedfordshire Police,Bedfordshire Police,-0.462859,52.139540,On or near KIMBOLTON ROAD,E01017484,Bedford 009C,Court case unable to proceed
8c73b71f3eae51363094d4e45d2fea546e690522667aec5a3f2edc99a6e73ecd,2013-05,Bedfordshire Police,Bedfordshire Police,-0.659876,51.915930,On or near LAKE STREET,E01017555,Central Bedfordshire 021A,Offender fined
ee14a3dd7650586a12576f743beb976535a75f3375a7485e1faaaa8d3c9c6e94,2013-05,Bedfordshire Police,Bedfordshire Police,-0.432696,51.876879,On or near RYTON CLOSE,E01015734,Luton 020C,Court case unable to proceed
dcd26b210ba88ffcc19cb5ae2c18f400667843a070a40677303b108b891c4a77,2013-05,Bedfordshire Police,Bedfordshire Police,-0.468806,52.143412,On or near FOSTER HILL ROAD,E01017497,Bedford 010A,Offender sent to prison
7f30630f171ae18b9a16e7074141c46c2585a4b4a0ae21b4c372dabdbd440555,2013-05,Bedfordshire Police,Bedfordshire Police,-0.423121,51.876904,On or near WESTERN ROAD,E01015795,Luton 021F,Offender otherwise dealt with
d17467c59241be4685b15fbb1db44f428eb2c0a5d129f983a89770322aa6cbf8,2013-05,Bedfordshire Police,Bedfordshire Police,-0.416084,51.880380,On or near Shopping Area,E01015794,Luton 018F,Offender given suspended prison sentence
d003f541da805bfe20426f02c70737e6a86cf4ede126598a252d0af1322119e7,2013-05,Bedfordshire Police,Bedfordshire Police,-0.423148,51.882776,On or near Supermarket,E01015699,Luton 017B,Defendant found not guilty
413167b82d0e46a97f4bff20f21beb4046e373340d2e470fbd50a77dd0b6cc28,2013-05,Bedfordshire Police,Bedfordshire Police,-0.392716,51.889081,On or near SAYWELL ROAD,E01015779,Luton 016D,Offender sent to prison
62ecd8bcad4a99d0d210af9936d2317e27f40a2d6921546750fb060b5b98c5c7,2013-05,Bedfordshire Police,Bedfordshire Police,-0.470832,52.135436,On or near Parking Area,E01017466,Bedford 012A,Offender given community sentence
58eaab3c2f1bef4cefa55ba9dab161467cb33b196729844e596a443f4d3a9cce,2013-05,Bedfordshire Police,Bedfordshire Police,-0.496282,52.002655,On or near Supermarket,E01017405,Central Bedfordshire 016C,Offender given community sentence
397e187d2cfe769c93eedbcaba0cb5406a31b115d6a64d6f3140b777ee269fee,2013-05,Bedfordshire Police,Bedfordshire Police,-0.421460,51.877862,On or near BUXTON ROAD,E01015795,Luton 021F,Offender fined
511912c67287a9abb8484aab5ec9b8138e4dfc126d936d813f30c8de0359e376,2013-05,Bedfordshire Police,Bedfordshire Police,-0.489503,52.131190,On or near OUSELAND ROAD,E01017538,Bedford 013D,Offender given community sentence
a4275641e150dba78565e0262b32aafd07b2b0b95f6c13718d3293fe24766fa5,2013-05,Bedfordshire Police,Bedfordshire Police,-0.497205,51.874934,On or near NORFOLK ROAD,E01017594,Central Bedfordshire 030C,Offender sent to prison
1b4af6b5233b717736bfc27f6d94f109bf19bd4c7d5bfd757fc6c072a73d2900,2013-05,Bedfordshire Police,Bedfordshire Police,-0.414898,51.874861,On or near HOLLY STREET,E01015791,Luton 021C,Offender otherwise dealt with
bddd88e926c2986f11b99a84aace40074b21751bc6bbddbf2f16b5517f77c0e0,2013-05,Bedfordshire Police,Bedfordshire Police,-0.469508,52.135707,On or near Parking Area,E01017466,Bedford 012A,Offender given conditional discharge
302975b827ed87bb1a1f3acd529444f48c9309093ecf48acfad74a993871380d,2013-05,Bedfordshire Police,Bedfordshire Police,-0.507728,52.138903,On or near NODDERS WAY,E01017461,Bedford 008C,Court case unable to proceed
56918b265fbb36f98dd6564d476038ea2e62b903a69cf2666d1db75656cec67b,2013-05,Bedfordshire Police,Bedfordshire Police,-0.446715,51.884888,On or near FINWAY,E01015724,Luton 019A,Offender fined
07c728722251aa5a36c897b6e3991f3b7bb5eca0171a8bc9a532254ae6d499de,2013-05,Bedfordshire Police,Bedfordshire Police,-0.427146,52.142441,On or near CHAPEL CLOSE,E01017527,Bedford 011D,Offender sent to prison
0d70f3f2f7574eee684e9196ed3cbacd7dba941e7ccf5220c347fe24c7f95faf,2013-05,Bedfordshire Police,Bedfordshire Police,-0.423148,51.882776,On or near Supermarket,E01015699,Luton 017B,Offender sent to prison
24c30e9bce5e7693895d9aa0d3fb078b9b96592da8ec229cb241658909ac91ba,2013-05,Bedfordshire Police,Bedfordshire Police,-0.466673,52.136155,On or near Nightclub,E01017469,Bedford 012D,Defendant found not guilty
3f8833570522a3830f9e83f000bbbc13420d9c9805c3014b8fa948db1ad98485,2013-05,Bedfordshire Police,Bedfordshire Police,-0.514113,51.873620,On or near Pedestrian Subway,E01017626,Central Bedfordshire 031D,Offender fined
031f2b543cc76d115b88bc6e84d4df91311ccc762abe279cbe964c6c047785f7,2013-05,Bedfordshire Police,Bedfordshire Police,-0.499135,51.911617,On or near HOUGHTON PARK ROAD,E01017600,Central Bedfordshire 025A,Court case unable to proceed
aa444dba1d42d025003850a7d89e43ca6866748b5ea8608b73b10259a0d34ee4,2013-05,Bedfordshire Police,Bedfordshire Police,-0.659876,51.915930,On or near LAKE STREET,E01017555,Central Bedfordshire 021A,Court case unable to proceed
0c482327e10754ac442ac172bb30eb018c2e9d4f5f495ec6c6fbdbaeacebd9ba,2013-05,Bedfordshire Police,Bedfordshire Police,-0.439539,51.883984,On or near MARLOW AVENUE,E01015730,Luton 019D,Defendant found not guilty
9664a308b1d6c48a44e2007f2ad812363ca826554a5e06651909799a6680ccff,2013-05,Bedfordshire Police,Bedfordshire Police,-0.487523,51.896767,On or near LEAGRAVE HIGH STREET,E01015763,Luton 013E,Defendant found not guilty
007feefccc07e2c50ee17709fdf293d5bb55c37a0b84c0835ba1706dd171bd4b,2013-05,Bedfordshire Police,Bedfordshire Police,-0.471383,52.138572,On or near GWYN STREET,E01017471,Bedford 012F,Offender given community sentence
