Crime ID,Month,Reported by,Falls within,Longitude,Latitude,Location,LSOA code,LSOA name,Crime type,Last outcome category,Context
,2011-03,Durham Constabulary,Durham Constabulary,-3.178968,51.473132,On or near Penarth Road,W01001952,Cardiff 049F,Other crime,,
,2011-03,Durham Constabulary,Durham Constabulary,-1.740027,54.907060,On or near The Copse,E01020634,County Durham 001A,Anti-social behaviour,,
,2011-03,Durham Constabulary,Durham Constabulary,-1.737046,54.907449,On or near Valley View,E01020634,County Durham 001A,Anti-social behaviour,,
,2011-03,Durham Constabulary,Durham Constabulary,-1.737046,54.907449,On or near Valley View,E01020634,County Durham 001A,Anti-social behaviour,,
,2011-03,Durham Constabulary,Durham Constabulary,-1.727867,54.906261,On or near Park View,E01020634,County Durham 001A,Other crime,,
,2011-03,Durham Constabulary,Durham Constabulary,-1.718119,54.901943,On or near The Sycamores,E01020635,County Durham 001B,Anti-social behaviour,,
,2011-03,Durham Constabulary,Durham Constabulary,-1.747424,54.903814,On or near Brackenridge,E01020636,County Durham 001C,Anti-social behaviour,,
,2011-03,Durham Constabulary,Durham Constabulary,-1.730921,54.906798,On or near Willow View,E01020636,County Durham 001C,Anti-social behaviour,,
,2011-03,Durham Constabulary,Durham Constabulary,-1.738932,54.905234,On or near Maple Terrace,E01020636,County Durham 001C,Anti-social behaviour,,
,2011-03,Durham Constabulary,Durham Constabulary,-1.738932,54.905234,On or near Maple Terrace,E01020636,County Durham 001C,Anti-social behaviour,,
,2011-03,Durham Constabulary,Durham Constabulary,-1.747424,54.903814,On or near Brackenridge,E01020636,County Durham 001C,Anti-social behaviour,,
,2011-03,Durham Constabulary,Durham Constabulary,-1.741505,54.902777,On or near Thornhill Gardens,E01020636,County Durham 001C,Anti-social behaviour,,
,2011-03,Durham Constabulary,Durham Constabulary,-1.738932,54.905234,On or near Maple Terrace,E01020636,County Durham 001C,Anti-social behaviour,,
,2011-03,Durham Constabulary,Durham Constabulary,-1.738932,54.905234,On or near Maple Terrace,E01020636,County Durham 001C,Anti-social behaviour,,
,2011-03,Durham Constabulary,Durham Constabulary,-1.730921,54.906798,On or near Willow View,E01020636,County Durham 001C,Anti-social behaviour,,
,2011-03,Durham Constabulary,Durham Constabulary,-1.741752,54.903191,On or near Friarside Gardens,E01020636,County Durham 001C,Anti-social behaviour,,
,2011-03,Durham Constabulary,Durham Constabulary,-1.745468,54.904969,On or near Briardene,E01020636,County Durham 001C,Burglary,,
,2011-03,Durham Constabulary,Durham Constabulary,-1.747424,54.903814,On or near Brackenridge,E01020636,County Durham 001C,Burglary,,
,2011-03,Durham Constabulary,Durham Constabulary,-1.738244,54.905493,On or near Poplar Avenue,E01020636,County Durham 001C,Burglary,,
,2011-03,Durham Constabulary,Durham Constabulary,-1.736110,54.905084,On or near Birch Crescent,E01020636,County Durham 001C,Burglary,,
,2011-03,Durham Constabulary,Durham Constabulary,-1.738932,54.905234,On or near Maple Terrace,E01020636,County Durham 001C,Violent crime,,
,2011-03,Durham Constabulary,Durham Constabulary,-1.742091,54.903776,On or near Lintz Terrace,E01020636,County Durham 001C,Other crime,,
,2011-03,Durham Constabulary,Durham Constabulary,-1.738932,54.905234,On or near Maple Terrace,E01020636,County Durham 001C,Other crime,,
,2011-03,Durham Constabulary,Durham Constabulary,-1.747424,54.903814,On or near Brackenridge,E01020636,County Durham 001C,Other crime,,
,2011-03,Durham Constabulary,Durham Constabulary,-1.742925,54.902591,On or near Albion Gardens,E01020636,County Durham 001C,Other crime,,
,2011-03,Durham Constabulary,Durham Constabulary,-1.732115,54.895990,On or near Mulberry Grove,E01020654,County Durham 001D,Anti-social behaviour,,
,2011-03,Durham Constabulary,Durham Constabulary,-1.746433,54.885300,On or near Sunset View,E01020654,County Durham 001D,Anti-social behaviour,,
,2011-03,Durham Constabulary,Durham Constabulary,-1.732115,54.895990,On or near Mulberry Grove,E01020654,County Durham 001D,Violent crime,,
,2011-03,Durham Constabulary,Durham Constabulary,-1.712924,54.882539,On or near North Leigh,E01020676,County Durham 001E,Anti-social behaviour,,
,2011-03,Durham Constabulary,Durham Constabulary,-1.712924,54.882539,On or near North Leigh,E01020676,County Durham 001E,Anti-social behaviour,,
,2011-03,Durham Constabulary,Durham Constabulary,-1.730176,54.885202,On or near Westhills,E01020676,County Durham 001E,Anti-social behaviour,,
,2011-03,Durham Constabulary,Durham Constabulary,-1.726536,54.886335,On or near Front Street,E01020676,County Durham 001E,Anti-social behaviour,,
,2011-03,Durham Constabulary,Durham Constabulary,-1.725303,54.886548,On or near Unity Terrace,E01020676,County Durham 001E,Anti-social behaviour,,
,2011-03,Durham Constabulary,Durham Constabulary,-1.726536,54.886335,On or near Front Street,E01020676,County Durham 001E,Anti-social behaviour,,
,2011-03,Durham Constabulary,Durham Constabulary,-1.726536,54.886335,On or near Front Street,E01020676,County Durham 001E,Burglary,,
,2011-03,Durham Constabulary,Durham Constabulary,-1.706242,54.884041,On or near New Front Street,E01020676,County Durham 001E,Vehicle crime,,
,2011-03,Durham Constabulary,Durham Constabulary,-1.732096,54.884838,On or near White-Le-Head Gardens,E01020676,County Durham 001E,Violent crime,,
,2011-03,Durham Constabulary,Durham Constabulary,-1.706242,54.884041,On or near New Front Street,E01020676,County Durham 001E,Other crime,,
,2011-03,Durham Constabulary,Durham Constabulary,-1.594941,54.886202,On or near Callander,E01020613,County Durham 002A,Anti-social behaviour,,
,2011-03,Durham Constabulary,Durham Constabulary,-1.594941,54.886202,On or near Callander,E01020613,County Durham 002A,Anti-social behaviour,,
,2011-03,Durham Constabulary,Durham Constabulary,-1.593534,54.886610,On or near Ross,E01020613,County Durham 002A,Anti-social behaviour,,
,2011-03,Durham Constabulary,Durham Constabulary,-1.594941,54.886202,On or near Callander,E01020613,County Durham 002A,Violent crime,,
,2011-03,Durham Constabulary,Durham Constabulary,-1.593534,54.886610,On or near Ross,E01020613,County Durham 002A,Other crime,,
,2011-03,Durham Constabulary,Durham Constabulary,-1.594509,54.882705,On or near Byron Close,E01020613,County Durham 002A,Other crime,,
,2011-03,Durham Constabulary,Durham Constabulary,-1.595775,54.885432,On or near Cannock,E01020613,County Durham 002A,Other crime,,
,2011-03,Durham Constabulary,Durham Constabulary,-1.598784,54.885415,On or near Iris Crescent,E01020614,County Durham 002B,Anti-social behaviour,,
,2011-03,Durham Constabulary,Durham Constabulary,-1.600631,54.886266,On or near The Oval,E01020614,County Durham 002B,Anti-social behaviour,,
,2011-03,Durham Constabulary,Durham Constabulary,-1.602440,54.882991,On or near Ardrossan,E01020614,County Durham 002B,Anti-social behaviour,,
,2011-03,Durham Constabulary,Durham Constabulary,-1.601315,54.878539,On or near Institute Terrace West,E01020614,County Durham 002B,Anti-social behaviour,,
,2011-03,Durham Constabulary,Durham Constabulary,-1.593877,54.885129,On or near Coldstream,E01020614,County Durham 002B,Anti-social behaviour,,
,2011-03,Durham Constabulary,Durham Constabulary,-1.598876,54.884022,On or near Aberfoyle,E01020614,County Durham 002B,Vehicle crime,,
,2011-03,Durham Constabulary,Durham Constabulary,-1.593877,54.885129,On or near Coldstream,E01020614,County Durham 002B,Vehicle crime,,
,2011-03,Durham Constabulary,Durham Constabulary,-1.602440,54.882991,On or near Ardrossan,E01020614,County Durham 002B,Vehicle crime,,
,2011-03,Durham Constabulary,Durham Constabulary,-1.600458,54.883246,On or near Abington,E01020614,County Durham 002B,Other crime,,
,2011-03,Durham Constabulary,Durham Constabulary,-1.593877,54.885129,On or near Coldstream,E01020614,County Durham 002B,Other crime,,
,2011-03,Durham Constabulary,Durham Constabulary,-1.596864,54.885723,On or near Cromarty,E01020614,County Durham 002B,Other crime,,
,2011-03,Durham Constabulary,Durham Constabulary,-1.601538,54.884363,On or near Arisaig,E01020614,County Durham 002B,Other crime,,
,2011-03,Durham Constabulary,Durham Constabulary,-1.630240,54.873545,On or near Laurel Crescent,E01020622,County Durham 002C,Anti-social behaviour,,
,2011-03,Durham Constabulary,Durham Constabulary,-1.654047,54.877677,On or near Birchwood Close,E01020622,County Durham 002C,Anti-social behaviour,,
,2011-03,Durham Constabulary,Durham Constabulary,-1.650056,54.876048,On or near Station Road,E01020622,County Durham 002C,Anti-social behaviour,,
,2011-03,Durham Constabulary,Durham Constabulary,-1.630240,54.873545,On or near Laurel Crescent,E01020622,County Durham 002C,Burglary,,
,2011-03,Durham Constabulary,Durham Constabulary,-1.654047,54.877677,On or near Birchwood Close,E01020622,County Durham 002C,Burglary,,
,2011-03,Durham Constabulary,Durham Constabulary,-1.635355,54.873165,On or near Arthur Street,E01020622,County Durham 002C,Burglary,,
,2011-03,Durham Constabulary,Durham Constabulary,-1.635355,54.873165,On or near Arthur Street,E01020622,County Durham 002C,Vehicle crime,,
,2011-03,Durham Constabulary,Durham Constabulary,-1.650056,54.876048,On or near Station Road,E01020622,County Durham 002C,Vehicle crime,,
,2011-03,Durham Constabulary,Durham Constabulary,-1.654047,54.877677,On or near Birchwood Close,E01020622,County Durham 002C,Vehicle crime,,
,2011-03,Durham Constabulary,Durham Constabulary,-1.650056,54.876048,On or near Station Road,E01020622,County Durham 002C,Vehicle crime,,
,2011-03,Durham Constabulary,Durham Constabulary,-1.608587,54.882337,On or near Wensley Close,E01020623,County Durham 002D,Anti-social behaviour,,
,2011-03,Durham Constabulary,Durham Constabulary,-1.608587,54.882337,On or near Wensley Close,E01020623,County Durham 002D,Anti-social behaviour,,
,2011-03,Durham Constabulary,Durham Constabulary,-1.611105,54.886380,On or near Bradley Close,E01020623,County Durham 002D,Anti-social behaviour,,
,2011-03,Durham Constabulary,Durham Constabulary,-1.610963,54.883307,On or near Middleham Close,E01020623,County Durham 002D,Burglary,,
,2011-03,Durham Constabulary,Durham Constabulary,-1.607170,54.888677,On or near Bellerby Drive,E01020623,County Durham 002D,Vehicle crime,,
,2011-03,Durham Constabulary,Durham Constabulary,-1.610089,54.888237,On or near Askrigg Close,E01020623,County Durham 002D,Other crime,,
,2011-03,Durham Constabulary,Durham Constabulary,-1.856819,54.865441,On or near Queensway,E01020627,County Durham 003A,Burglary,,
,2011-03,Durham Constabulary,Durham Constabulary,-1.852517,54.861499,On or near North View,E01020627,County Durham 003A,Violent crime,,
,2011-03,Durham Constabulary,Durham Constabulary,-1.852517,54.861499,On or near North View,E01020627,County Durham 003A,Violent crime,,
,2011-03,Durham Constabulary,Durham Constabulary,-1.852517,54.861499,On or near North View,E01020627,County Durham 003A,Other crime,,
,2011-03,Durham Constabulary,Durham Constabulary,-1.855479,54.869716,On or near Peile Park,E01020628,County Durham 003B,Anti-social behaviour,,
,2011-03,Durham Constabulary,Durham Constabulary,-1.854413,54.871441,On or near Churchill Close,E01020628,County Durham 003B,Anti-social behaviour,,
,2011-03,Durham Constabulary,Durham Constabulary,-1.859747,54.870306,On or near Wood Street,E01020628,County Durham 003B,Anti-social behaviour,,
,2011-03,Durham Constabulary,Durham Constabulary,-1.852623,54.870980,On or near The Briary,E01020628,County Durham 003B,Anti-social behaviour,,
,2011-03,Durham Constabulary,Durham Constabulary,-1.858880,54.873090,On or near Oley Meadows,E01020628,County Durham 003B,Burglary,,
,2011-03,Durham Constabulary,Durham Constabulary,-1.854192,54.872285,On or near Snows Green Road,E01020628,County Durham 003B,Other crime,,
,2011-03,Durham Constabulary,Durham Constabulary,-1.851766,54.862568,On or near Newlands,E01020629,County Durham 003C,Anti-social behaviour,,
,2011-03,Durham Constabulary,Durham Constabulary,-1.850717,54.863870,On or near Princess Avenue,E01020629,County Durham 003C,Anti-social behaviour,,
,2011-03,Durham Constabulary,Durham Constabulary,-1.845169,54.868509,On or near Selborne Gardens,E01020629,County Durham 003C,Anti-social behaviour,,
,2011-03,Durham Constabulary,Durham Constabulary,-1.848899,54.862600,On or near Ritsons Road,E01020629,County Durham 003C,Anti-social behaviour,,
,2011-03,Durham Constabulary,Durham Constabulary,-1.851766,54.862568,On or near Newlands,E01020629,County Durham 003C,Anti-social behaviour,,
,2011-03,Durham Constabulary,Durham Constabulary,-1.851766,54.862568,On or near Newlands,E01020629,County Durham 003C,Anti-social behaviour,,
,2011-03,Durham Constabulary,Durham Constabulary,-1.852899,54.863531,On or near Moorlands,E01020629,County Durham 003C,Anti-social behaviour,,
,2011-03,Durham Constabulary,Durham Constabulary,-1.854268,54.864215,On or near York Road,E01020629,County Durham 003C,Burglary,,
,2011-03,Durham Constabulary,Durham Constabulary,-1.850846,54.866853,On or near Rosedale Avenue,E01020629,County Durham 003C,Burglary,,
,2011-03,Durham Constabulary,Durham Constabulary,-1.847697,54.867344,On or near Golden Acre,E01020629,County Durham 003C,Violent crime,,
,2011-03,Durham Constabulary,Durham Constabulary,-1.820977,54.902390,On or near Derwent Crescent,E01020655,County Durham 003D,Anti-social behaviour,,
,2011-03,Durham Constabulary,Durham Constabulary,-1.815449,54.904035,On or near Coltpark Woods,E01020655,County Durham 003D,Anti-social behaviour,,
,2011-03,Durham Constabulary,Durham Constabulary,-1.817884,54.903571,On or near Dene Court,E01020655,County Durham 003D,Anti-social behaviour,,
,2011-03,Durham Constabulary,Durham Constabulary,-1.809331,54.885226,On or near Handley Cross,E01020655,County Durham 003D,Anti-social behaviour,,
,2011-03,Durham Constabulary,Durham Constabulary,-1.809331,54.885226,On or near Handley Cross,E01020655,County Durham 003D,Anti-social behaviour,,
,2011-03,Durham Constabulary,Durham Constabulary,-1.809331,54.885226,On or near Handley Cross,E01020655,County Durham 003D,Anti-social behaviour,,
,2011-03,Durham Constabulary,Durham Constabulary,-1.809331,54.885226,On or near Handley Cross,E01020655,County Durham 003D,Anti-social behaviour,,
,2011-03,Durham Constabulary,Durham Constabulary,-1.812302,54.903248,On or near Oakwell Court,E01020655,County Durham 003D,Anti-social behaviour,,
,2011-03,Durham Constabulary,Durham Constabulary,-1.809331,54.885226,On or near Handley Cross,E01020655,County Durham 003D,Anti-social behaviour,,
,2011-03,Durham Constabulary,Durham Constabulary,-1.809331,54.885226,On or near Handley Cross,E01020655,County Durham 003D,Burglary,,
,2011-03,Durham Constabulary,Durham Constabulary,-1.779444,54.900426,On or near High Mill Road,E01020655,County Durham 003D,Other crime,,
,2011-03,Durham Constabulary,Durham Constabulary,-1.841779,54.890602,On or near Hadrians Way,E01020656,County Durham 003E,Anti-social behaviour,,
,2011-03,Durham Constabulary,Durham Constabulary,-1.834313,54.886395,On or near Ebchester Hill,E01020656,County Durham 003E,Anti-social behaviour,,
,2011-03,Durham Constabulary,Durham Constabulary,-1.834313,54.886395,On or near Ebchester Hill,E01020656,County Durham 003E,Anti-social behaviour,,
,2011-03,Durham Constabulary,Durham Constabulary,-1.840819,54.888803,On or near Spring Close,E01020656,County Durham 003E,Other crime,,
,2011-03,Durham Constabulary,Durham Constabulary,-1.818000,54.881294,On or near Fines Road,E01020657,County Durham 003F,Anti-social behaviour,,
,2011-03,Durham Constabulary,Durham Constabulary,-1.842845,54.872927,On or near Sherwood Close,E01020657,County Durham 003F,Anti-social behaviour,,
,2011-03,Durham Constabulary,Durham Constabulary,-1.818000,54.881294,On or near Fines Road,E01020657,County Durham 003F,Anti-social behaviour,,
,2011-03,Durham Constabulary,Durham Constabulary,-1.819621,54.881207,On or near Highsteads,E01020657,County Durham 003F,Anti-social behaviour,,
,2011-03,Durham Constabulary,Durham Constabulary,-1.816348,54.881103,On or near South Magdalene,E01020657,County Durham 003F,Anti-social behaviour,,
,2011-03,Durham Constabulary,Durham Constabulary,-1.818000,54.881294,On or near Fines Road,E01020657,County Durham 003F,Anti-social behaviour,,
,2011-03,Durham Constabulary,Durham Constabulary,-1.819621,54.881207,On or near Highsteads,E01020657,County Durham 003F,Anti-social behaviour,,
,2011-03,Durham Constabulary,Durham Constabulary,-1.819621,54.881207,On or near Highsteads,E01020657,County Durham 003F,Anti-social behaviour,,
,2011-03,Durham Constabulary,Durham Constabulary,-1.815173,54.882512,On or near North Magdalene,E01020657,County Durham 003F,Anti-social behaviour,,
,2011-03,Durham Constabulary,Durham Constabulary,-1.819621,54.881207,On or near Highsteads,E01020657,County Durham 003F,Anti-social behaviour,,
,2011-03,Durham Constabulary,Durham Constabulary,-1.828132,54.877328,On or near Fairview Drive,E01020657,County Durham 003F,Anti-social behaviour,,
,2011-03,Durham Constabulary,Durham Constabulary,-1.818000,54.881294,On or near Fines Road,E01020657,County Durham 003F,Anti-social behaviour,,
,2011-03,Durham Constabulary,Durham Constabulary,-1.815173,54.882512,On or near North Magdalene,E01020657,County Durham 003F,Anti-social behaviour,,
,2011-03,Durham Constabulary,Durham Constabulary,-1.819621,54.881207,On or near Highsteads,E01020657,County Durham 003F,Burglary,,
,2011-03,Durham Constabulary,Durham Constabulary,-1.818000,54.881294,On or near Fines Road,E01020657,County Durham 003F,Burglary,,
,2011-03,Durham Constabulary,Durham Constabulary,-1.819621,54.881207,On or near Highsteads,E01020657,County Durham 003F,Burglary,,
,2011-03,Durham Constabulary,Durham Constabulary,-1.828132,54.877328,On or near Fairview Drive,E01020657,County Durham 003F,Violent crime,,
,2011-03,Durham Constabulary,Durham Constabulary,-1.701041,54.868491,On or near Front Street,E01020661,County Durham 004A,Anti-social behaviour,,
,2011-03,Durham Constabulary,Durham Constabulary,-1.701041,54.868491,On or near Front Street,E01020661,County Durham 004A,Anti-social behaviour,,
,2011-03,Durham Constabulary,Durham Constabulary,-1.695416,54.870562,On or near Thorneyholme Terrace,E01020661,County Durham 004A,Anti-social behaviour,,
,2011-03,Durham Constabulary,Durham Constabulary,-1.701041,54.868491,On or near Front Street,E01020661,County Durham 004A,Anti-social behaviour,,
,2011-03,Durham Constabulary,Durham Constabulary,-1.702807,54.867795,On or near Braidwood Mews,E01020661,County Durham 004A,Anti-social behaviour,,
,2011-03,Durham Constabulary,Durham Constabulary,-1.701041,54.868491,On or near Front Street,E01020661,County Durham 004A,Anti-social behaviour,,
,2011-03,Durham Constabulary,Durham Constabulary,-1.697608,54.877505,On or near Orchard Grove,E01020661,County Durham 004A,Anti-social behaviour,,
,2011-03,Durham Constabulary,Durham Constabulary,-1.705654,54.868431,On or near Heather Way,E01020661,County Durham 004A,Anti-social behaviour,,
,2011-03,Durham Constabulary,Durham Constabulary,-1.698526,54.871433,On or near Beamish Street,E01020661,County Durham 004A,Anti-social behaviour,,
,2011-03,Durham Constabulary,Durham Constabulary,-1.701041,54.868491,On or near Front Street,E01020661,County Durham 004A,Anti-social behaviour,,
,2011-03,Durham Constabulary,Durham Constabulary,-1.698526,54.871433,On or near Beamish Street,E01020661,County Durham 004A,Anti-social behaviour,,
,2011-03,Durham Constabulary,Durham Constabulary,-1.701041,54.868491,On or near Front Street,E01020661,County Durham 004A,Anti-social behaviour,,
,2011-03,Durham Constabulary,Durham Constabulary,-1.693080,54.874573,On or near Kay Street,E01020661,County Durham 004A,Anti-social behaviour,,
,2011-03,Durham Constabulary,Durham Constabulary,-1.705276,54.868924,On or near Bracken Close,E01020661,County Durham 004A,Anti-social behaviour,,
,2011-03,Durham Constabulary,Durham Constabulary,-1.701041,54.868491,On or near Front Street,E01020661,County Durham 004A,Anti-social behaviour,,
,2011-03,Durham Constabulary,Durham Constabulary,-1.701041,54.868491,On or near Front Street,E01020661,County Durham 004A,Anti-social behaviour,,
,2011-03,Durham Constabulary,Durham Constabulary,-1.701041,54.868491,On or near Front Street,E01020661,County Durham 004A,Anti-social behaviour,,
,2011-03,Durham Constabulary,Durham Constabulary,-1.693993,54.873353,On or near Joicey Gardens,E01020661,County Durham 004A,Anti-social behaviour,,
,2011-03,Durham Constabulary,Durham Constabulary,-1.697633,54.874207,On or near Barnhill,E01020661,County Durham 004A,Anti-social behaviour,,
,2011-03,Durham Constabulary,Durham Constabulary,-1.698526,54.871433,On or near Beamish Street,E01020661,County Durham 004A,Anti-social behaviour,,
,2011-03,Durham Constabulary,Durham Constabulary,-1.695416,54.870562,On or near Thorneyholme Terrace,E01020661,County Durham 004A,Anti-social behaviour,,
,2011-03,Durham Constabulary,Durham Constabulary,-1.698526,54.871433,On or near Beamish Street,E01020661,County Durham 004A,Anti-social behaviour,,
,2011-03,Durham Constabulary,Durham Constabulary,-1.701041,54.868491,On or near Front Street,E01020661,County Durham 004A,Anti-social behaviour,,
,2011-03,Durham Constabulary,Durham Constabulary,-1.692974,54.874079,On or near Ridley Street,E01020661,County Durham 004A,Anti-social behaviour,,
,2011-03,Durham Constabulary,Durham Constabulary,-1.702807,54.867795,On or near Braidwood Mews,E01020661,County Durham 004A,Anti-social behaviour,,
,2011-03,Durham Constabulary,Durham Constabulary,-1.698526,54.871433,On or near Beamish Street,E01020661,County Durham 004A,Anti-social behaviour,,
,2011-03,Durham Constabulary,Durham Constabulary,-1.702807,54.867795,On or near Braidwood Mews,E01020661,County Durham 004A,Anti-social behaviour,,
,2011-03,Durham Constabulary,Durham Constabulary,-1.701041,54.868491,On or near Front Street,E01020661,County Durham 004A,Anti-social behaviour,,
,2011-03,Durham Constabulary,Durham Constabulary,-1.698526,54.871433,On or near Beamish Street,E01020661,County Durham 004A,Anti-social behaviour,,
,2011-03,Durham Constabulary,Durham Constabulary,-1.697608,54.877505,On or near Orchard Grove,E01020661,County Durham 004A,Anti-social behaviour,,
,2011-03,Durham Constabulary,Durham Constabulary,-1.699046,54.874894,On or near Sunny Terrace,E01020661,County Durham 004A,Anti-social behaviour,,
,2011-03,Durham Constabulary,Durham Constabulary,-1.701041,54.868491,On or near Front Street,E01020661,County Durham 004A,Anti-social behaviour,,
,2011-03,Durham Constabulary,Durham Constabulary,-1.701041,54.868491,On or near Front Street,E01020661,County Durham 004A,Anti-social behaviour,,
,2011-03,Durham Constabulary,Durham Constabulary,-1.701041,54.868491,On or near Front Street,E01020661,County Durham 004A,Anti-social behaviour,,
,2011-03,Durham Constabulary,Durham Constabulary,-1.701041,54.868491,On or near Front Street,E01020661,County Durham 004A,Anti-social behaviour,,
,2011-03,Durham Constabulary,Durham Constabulary,-1.698526,54.871433,On or near Beamish Street,E01020661,County Durham 004A,Anti-social behaviour,,
,2011-03,Durham Constabulary,Durham Constabulary,-1.698526,54.871433,On or near Beamish Street,E01020661,County Durham 004A,Anti-social behaviour,,
,2011-03,Durham Constabulary,Durham Constabulary,-1.701041,54.868491,On or near Front Street,E01020661,County Durham 004A,Anti-social behaviour,,
,2011-03,Durham Constabulary,Durham Constabulary,-1.692974,54.874079,On or near Ridley Street,E01020661,County Durham 004A,Burglary,,
,2011-03,Durham Constabulary,Durham Constabulary,-1.697608,54.877505,On or near Orchard Grove,E01020661,County Durham 004A,Vehicle crime,,
,2011-03,Durham Constabulary,Durham Constabulary,-1.699046,54.874894,On or near Sunny Terrace,E01020661,County Durham 004A,Vehicle crime,,
,2011-03,Durham Constabulary,Durham Constabulary,-1.699046,54.874894,On or near Sunny Terrace,E01020661,County Durham 004A,Vehicle crime,,
,2011-03,Durham Constabulary,Durham Constabulary,-1.701041,54.868491,On or near Front Street,E01020661,County Durham 004A,Vehicle crime,,
,2011-03,Durham Constabulary,Durham Constabulary,-1.692974,54.874079,On or near Ridley Street,E01020661,County Durham 004A,Vehicle crime,,
,2011-03,Durham Constabulary,Durham Constabulary,-1.701041,54.868491,On or near Front Street,E01020661,County Durham 004A,Violent crime,,
,2011-03,Durham Constabulary,Durham Constabulary,-1.701041,54.868491,On or near Front Street,E01020661,County Durham 004A,Violent crime,,
,2011-03,Durham Constabulary,Durham Constabulary,-1.701041,54.868491,On or near Front Street,E01020661,County Durham 004A,Violent crime,,
,2011-03,Durham Constabulary,Durham Constabulary,-1.698526,54.871433,On or near Beamish Street,E01020661,County Durham 004A,Other crime,,
,2011-03,Durham Constabulary,Durham Constabulary,-1.698526,54.871433,On or near Beamish Street,E01020661,County Durham 004A,Other crime,,
,2011-03,Durham Constabulary,Durham Constabulary,-1.701041,54.868491,On or near Front Street,E01020661,County Durham 004A,Other crime,,
,2011-03,Durham Constabulary,Durham Constabulary,-1.701041,54.868491,On or near Front Street,E01020661,County Durham 004A,Other crime,,
,2011-03,Durham Constabulary,Durham Constabulary,-1.701041,54.868491,On or near Front Street,E01020661,County Durham 004A,Other crime,,
,2011-03,Durham Constabulary,Durham Constabulary,-1.701041,54.868491,On or near Front Street,E01020661,County Durham 004A,Other crime,,
,2011-03,Durham Constabulary,Durham Constabulary,-1.698526,54.871433,On or near Beamish Street,E01020661,County Durham 004A,Other crime,,
,2011-03,Durham Constabulary,Durham Constabulary,-1.701041,54.868491,On or near Front Street,E01020661,County Durham 004A,Other crime,,
,2011-03,Durham Constabulary,Durham Constabulary,-1.701041,54.868491,On or near Front Street,E01020661,County Durham 004A,Other crime,,
,2011-03,Durham Constabulary,Durham Constabulary,-1.701041,54.868491,On or near Front Street,E01020661,County Durham 004A,Other crime,,
,2011-03,Durham Constabulary,Durham Constabulary,-1.701041,54.868491,On or near Front Street,E01020661,County Durham 004A,Other crime,,
,2011-03,Durham Constabulary,Durham Constabulary,-1.697633,54.874207,On or near Barnhill,E01020661,County Durham 004A,Other crime,,
,2011-03,Durham Constabulary,Durham Constabulary,-1.692974,54.874079,On or near Ridley Street,E01020661,County Durham 004A,Other crime,,
,2011-03,Durham Constabulary,Durham Constabulary,-1.698526,54.871433,On or near Beamish Street,E01020661,County Durham 004A,Other crime,,
,2011-03,Durham Constabulary,Durham Constabulary,-1.702807,54.867795,On or near Braidwood Mews,E01020661,County Durham 004A,Other crime,,
,2011-03,Durham Constabulary,Durham Constabulary,-1.701041,54.868491,On or near Front Street,E01020661,County Durham 004A,Other crime,,
,2011-03,Durham Constabulary,Durham Constabulary,-1.698526,54.871433,On or near Beamish Street,E01020661,County Durham 004A,Other crime,,
,2011-03,Durham Constabulary,Durham Constabulary,-1.698526,54.871433,On or near Beamish Street,E01020661,County Durham 004A,Other crime,,
,2011-03,Durham Constabulary,Durham Constabulary,-1.697608,54.877505,On or near Orchard Grove,E01020661,County Durham 004A,Other crime,,
,2011-03,Durham Constabulary,Durham Constabulary,-1.682379,54.873908,On or near Bourne Court,E01020662,County Durham 004B,Anti-social behaviour,,
,2011-03,Durham Constabulary,Durham Constabulary,-1.692224,54.876404,On or near Sylvia Terrace,E01020662,County Durham 004B,Anti-social behaviour,,
,2011-03,Durham Constabulary,Durham Constabulary,-1.682379,54.873908,On or near Bourne Court,E01020662,County Durham 004B,Anti-social behaviour,,
,2011-03,Durham Constabulary,Durham Constabulary,-1.691629,54.876870,On or near Robert Terrace,E01020662,County Durham 004B,Anti-social behaviour,,
,2011-03,Durham Constabulary,Durham Constabulary,-1.691629,54.876870,On or near Robert Terrace,E01020662,County Durham 004B,Anti-social behaviour,,
,2011-03,Durham Constabulary,Durham Constabulary,-1.689112,54.875839,On or near Wylam Road,E01020662,County Durham 004B,Anti-social behaviour,,
,2011-03,Durham Constabulary,Durham Constabulary,-1.691629,54.876870,On or near Robert Terrace,E01020662,County Durham 004B,Anti-social behaviour,,
,2011-03,Durham Constabulary,Durham Constabulary,-1.691144,54.877111,On or near Watson Street,E01020662,County Durham 004B,Anti-social behaviour,,
,2011-03,Durham Constabulary,Durham Constabulary,-1.692224,54.876404,On or near Sylvia Terrace,E01020662,County Durham 004B,Anti-social behaviour,,
,2011-03,Durham Constabulary,Durham Constabulary,-1.683581,54.875573,On or near Cumbria Place,E01020662,County Durham 004B,Anti-social behaviour,,
,2011-03,Durham Constabulary,Durham Constabulary,-1.691144,54.877111,On or near Watson Street,E01020662,County Durham 004B,Anti-social behaviour,,
,2011-03,Durham Constabulary,Durham Constabulary,-1.690331,54.873344,On or near Murray Park,E01020662,County Durham 004B,Anti-social behaviour,,
,2011-03,Durham Constabulary,Durham Constabulary,-1.690331,54.873344,On or near Murray Park,E01020662,County Durham 004B,Anti-social behaviour,,
,2011-03,Durham Constabulary,Durham Constabulary,-1.691629,54.876870,On or near Robert Terrace,E01020662,County Durham 004B,Anti-social behaviour,,
,2011-03,Durham Constabulary,Durham Constabulary,-1.685086,54.876458,On or near Hillside Gardens,E01020662,County Durham 004B,Anti-social behaviour,,
,2011-03,Durham Constabulary,Durham Constabulary,-1.691629,54.876870,On or near Robert Terrace,E01020662,County Durham 004B,Anti-social behaviour,,
,2011-03,Durham Constabulary,Durham Constabulary,-1.692867,54.875966,On or near Wylam Terrace,E01020662,County Durham 004B,Anti-social behaviour,,
,2011-03,Durham Constabulary,Durham Constabulary,-1.691629,54.876870,On or near Robert Terrace,E01020662,County Durham 004B,Anti-social behaviour,,
,2011-03,Durham Constabulary,Durham Constabulary,-1.692867,54.875966,On or near Wylam Terrace,E01020662,County Durham 004B,Anti-social behaviour,,
,2011-03,Durham Constabulary,Durham Constabulary,-1.691629,54.876870,On or near Robert Terrace,E01020662,County Durham 004B,Anti-social behaviour,,
,2011-03,Durham Constabulary,Durham Constabulary,-1.682379,54.873908,On or near Bourne Court,E01020662,County Durham 004B,Burglary,,
,2011-03,Durham Constabulary,Durham Constabulary,-1.693762,54.874997,On or near View Lane,E01020662,County Durham 004B,Burglary,,
,2011-03,Durham Constabulary,Durham Constabulary,-1.682379,54.873908,On or near Bourne Court,E01020662,County Durham 004B,Burglary,,
,2011-03,Durham Constabulary,Durham Constabulary,-1.682379,54.873908,On or near Bourne Court,E01020662,County Durham 004B,Burglary,,
,2011-03,Durham Constabulary,Durham Constabulary,-1.692867,54.875966,On or near Wylam Terrace,E01020662,County Durham 004B,Burglary,,
,2011-03,Durham Constabulary,Durham Constabulary,-1.682379,54.873908,On or near Bourne Court,E01020662,County Durham 004B,Burglary,,
,2011-03,Durham Constabulary,Durham Constabulary,-1.693762,54.874997,On or near View Lane,E01020662,County Durham 004B,Vehicle crime,,
,2011-03,Durham Constabulary,Durham Constabulary,-1.685086,54.876458,On or near Hillside Gardens,E01020662,County Durham 004B,Other crime,,
,2011-03,Durham Constabulary,Durham Constabulary,-1.682379,54.873908,On or near Bourne Court,E01020662,County Durham 004B,Other crime,,
,2011-03,Durham Constabulary,Durham Constabulary,-1.664597,54.874022,On or near John Street,E01020663,County Durham 004C,Anti-social behaviour,,
,2011-03,Durham Constabulary,Durham Constabulary,-1.689898,54.878959,On or near Pearson Street,E01020663,County Durham 004C,Anti-social behaviour,,
,2011-03,Durham Constabulary,Durham Constabulary,-1.664597,54.874022,On or near John Street,E01020663,County Durham 004C,Anti-social behaviour,,
,2011-03,Durham Constabulary,Durham Constabulary,-1.664597,54.874022,On or near John Street,E01020663,County Durham 004C,Anti-social behaviour,,
,2011-03,Durham Constabulary,Durham Constabulary,-1.679776,54.873973,On or near East Street,E01020663,County Durham 004C,Anti-social behaviour,,
,2011-03,Durham Constabulary,Durham Constabulary,-1.686604,54.879724,On or near Causey Drive,E01020663,County Durham 004C,Anti-social behaviour,,
,2011-03,Durham Constabulary,Durham Constabulary,-1.689898,54.878959,On or near Pearson Street,E01020663,County Durham 004C,Anti-social behaviour,,
,2011-03,Durham Constabulary,Durham Constabulary,-1.689898,54.878959,On or near Pearson Street,E01020663,County Durham 004C,Anti-social behaviour,,
,2011-03,Durham Constabulary,Durham Constabulary,-1.686604,54.879724,On or near Causey Drive,E01020663,County Durham 004C,Anti-social behaviour,,
,2011-03,Durham Constabulary,Durham Constabulary,-1.689898,54.878959,On or near Pearson Street,E01020663,County Durham 004C,Anti-social behaviour,,
,2011-03,Durham Constabulary,Durham Constabulary,-1.686604,54.879724,On or near Causey Drive,E01020663,County Durham 004C,Anti-social behaviour,,
,2011-03,Durham Constabulary,Durham Constabulary,-1.661615,54.874705,On or near Beamish Hills,E01020663,County Durham 004C,Anti-social behaviour,,
,2011-03,Durham Constabulary,Durham Constabulary,-1.664597,54.874022,On or near John Street,E01020663,County Durham 004C,Anti-social behaviour,,
,2011-03,Durham Constabulary,Durham Constabulary,-1.686604,54.879724,On or near Causey Drive,E01020663,County Durham 004C,Anti-social behaviour,,
,2011-03,Durham Constabulary,Durham Constabulary,-1.664597,54.874022,On or near John Street,E01020663,County Durham 004C,Anti-social behaviour,,
,2011-03,Durham Constabulary,Durham Constabulary,-1.663912,54.873993,On or near Gladstone Street,E01020663,County Durham 004C,Anti-social behaviour,,
,2011-03,Durham Constabulary,Durham Constabulary,-1.686999,54.880965,On or near Badgers Wood,E01020663,County Durham 004C,Anti-social behaviour,,
,2011-03,Durham Constabulary,Durham Constabulary,-1.686604,54.879724,On or near Causey Drive,E01020663,County Durham 004C,Anti-social behaviour,,
,2011-03,Durham Constabulary,Durham Constabulary,-1.675303,54.874069,On or near Strathmore Close,E01020663,County Durham 004C,Burglary,,
,2011-03,Durham Constabulary,Durham Constabulary,-1.677519,54.873625,On or near St. Aubyns Way,E01020663,County Durham 004C,Burglary,,
,2011-03,Durham Constabulary,Durham Constabulary,-1.678948,54.874294,On or near Gibside Close,E01020663,County Durham 004C,Vehicle crime,,
,2011-03,Durham Constabulary,Durham Constabulary,-1.678948,54.874294,On or near Gibside Close,E01020663,County Durham 004C,Vehicle crime,,
,2011-03,Durham Constabulary,Durham Constabulary,-1.678948,54.874294,On or near Gibside Close,E01020663,County Durham 004C,Vehicle crime,,
,2011-03,Durham Constabulary,Durham Constabulary,-1.678948,54.874294,On or near Gibside Close,E01020663,County Durham 004C,Vehicle crime,,
,2011-03,Durham Constabulary,Durham Constabulary,-1.675303,54.874069,On or near Strathmore Close,E01020663,County Durham 004C,Violent crime,,
,2011-03,Durham Constabulary,Durham Constabulary,-1.665235,54.874167,On or near Roseberry Street,E01020663,County Durham 004C,Other crime,,
,2011-03,Durham Constabulary,Durham Constabulary,-1.689317,54.881564,On or near Causey Way,E01020663,County Durham 004C,Other crime,,
,2011-03,Durham Constabulary,Durham Constabulary,-1.665235,54.874167,On or near Roseberry Street,E01020663,County Durham 004C,Other crime,,
,2011-03,Durham Constabulary,Durham Constabulary,-1.663912,54.873993,On or near Gladstone Street,E01020663,County Durham 004C,Other crime,,
,2011-03,Durham Constabulary,Durham Constabulary,-1.664597,54.874022,On or near John Street,E01020663,County Durham 004C,Other crime,,
,2011-03,Durham Constabulary,Durham Constabulary,-1.689060,54.880566,On or near Argyle Court,E01020663,County Durham 004C,Other crime,,
,2011-03,Durham Constabulary,Durham Constabulary,-1.665235,54.874167,On or near Roseberry Street,E01020663,County Durham 004C,Other crime,,
,2011-03,Durham Constabulary,Durham Constabulary,-1.663912,54.873993,On or near Gladstone Street,E01020663,County Durham 004C,Other crime,,
,2011-03,Durham Constabulary,Durham Constabulary,-1.663912,54.873993,On or near Gladstone Street,E01020663,County Durham 004C,Other crime,,
,2011-03,Durham Constabulary,Durham Constabulary,-1.685135,54.872171,On or near Chester Road,E01020674,County Durham 004D,Anti-social behaviour,,
,2011-03,Durham Constabulary,Durham Constabulary,-1.681011,54.871442,On or near Kingsley Close,E01020674,County Durham 004D,Anti-social behaviour,,
,2011-03,Durham Constabulary,Durham Constabulary,-1.673344,54.869669,On or near Brentwood Court,E01020674,County Durham 004D,Anti-social behaviour,,
,2011-03,Durham Constabulary,Durham Constabulary,-1.677239,54.871657,On or near Shakespeare Close,E01020674,County Durham 004D,Anti-social behaviour,,
,2011-03,Durham Constabulary,Durham Constabulary,-1.673344,54.869669,On or near Brentwood Court,E01020674,County Durham 004D,Anti-social behaviour,,
,2011-03,Durham Constabulary,Durham Constabulary,-1.685135,54.872171,On or near Chester Road,E01020674,County Durham 004D,Anti-social behaviour,,
,2011-03,Durham Constabulary,Durham Constabulary,-1.673344,54.869669,On or near Brentwood Court,E01020674,County Durham 004D,Anti-social behaviour,,
,2011-03,Durham Constabulary,Durham Constabulary,-1.685135,54.872171,On or near Chester Road,E01020674,County Durham 004D,Anti-social behaviour,,
,2011-03,Durham Constabulary,Durham Constabulary,-1.685135,54.872171,On or near Chester Road,E01020674,County Durham 004D,Vehicle crime,,
,2011-03,Durham Constabulary,Durham Constabulary,-1.682523,54.871482,On or near Browning Close,E01020674,County Durham 004D,Vehicle crime,,
,2011-03,Durham Constabulary,Durham Constabulary,-1.673344,54.869669,On or near Brentwood Court,E01020674,County Durham 004D,Violent crime,,
,2011-03,Durham Constabulary,Durham Constabulary,-1.673344,54.869669,On or near Brentwood Court,E01020674,County Durham 004D,Violent crime,,
,2011-03,Durham Constabulary,Durham Constabulary,-1.676694,54.867647,On or near Girvan Close,E01020674,County Durham 004D,Violent crime,,
,2011-03,Durham Constabulary,Durham Constabulary,-1.677239,54.871657,On or near Shakespeare Close,E01020674,County Durham 004D,Other crime,,
,2011-03,Durham Constabulary,Durham Constabulary,-1.677239,54.871657,On or near Shakespeare Close,E01020674,County Durham 004D,Other crime,,
,2011-03,Durham Constabulary,Durham Constabulary,-1.677239,54.871657,On or near Shakespeare Close,E01020674,County Durham 004D,Other crime,,
,2011-03,Durham Constabulary,Durham Constabulary,-1.704610,54.876929,On or near Good Street,E01020678,County Durham 004E,Anti-social behaviour,,
,2011-03,Durham Constabulary,Durham Constabulary,-1.714132,54.876997,On or near Bowmont Drive,E01020678,County Durham 004E,Anti-social behaviour,,
,2011-03,Durham Constabulary,Durham Constabulary,-1.704610,54.876929,On or near Good Street,E01020678,County Durham 004E,Anti-social behaviour,,
,2011-03,Durham Constabulary,Durham Constabulary,-1.704610,54.876929,On or near Good Street,E01020678,County Durham 004E,Anti-social behaviour,,
,2011-03,Durham Constabulary,Durham Constabulary,-1.704610,54.876929,On or near Good Street,E01020678,County Durham 004E,Anti-social behaviour,,
,2011-03,Durham Constabulary,Durham Constabulary,-1.710543,54.879747,On or near Jutland Terrace,E01020678,County Durham 004E,Anti-social behaviour,,
,2011-03,Durham Constabulary,Durham Constabulary,-1.704610,54.876929,On or near Good Street,E01020678,County Durham 004E,Anti-social behaviour,,
,2011-03,Durham Constabulary,Durham Constabulary,-1.704610,54.876929,On or near Good Street,E01020678,County Durham 004E,Anti-social behaviour,,
,2011-03,Durham Constabulary,Durham Constabulary,-1.714132,54.876997,On or near Bowmont Drive,E01020678,County Durham 004E,Anti-social behaviour,,
,2011-03,Durham Constabulary,Durham Constabulary,-1.716636,54.877722,On or near Errington Drive,E01020678,County Durham 004E,Anti-social behaviour,,
,2011-03,Durham Constabulary,Durham Constabulary,-1.704610,54.876929,On or near Good Street,E01020678,County Durham 004E,Anti-social behaviour,,
,2011-03,Durham Constabulary,Durham Constabulary,-1.704610,54.876929,On or near Good Street,E01020678,County Durham 004E,Violent crime,,
,2011-03,Durham Constabulary,Durham Constabulary,-1.704610,54.876929,On or near Good Street,E01020678,County Durham 004E,Other crime,,
,2011-03,Durham Constabulary,Durham Constabulary,-1.641244,54.871493,On or near Edenfield,E01020606,County Durham 005A,Anti-social behaviour,,
,2011-03,Durham Constabulary,Durham Constabulary,-1.639849,54.870671,On or near Summerfield,E01020606,County Durham 005A,Anti-social behaviour,,
,2011-03,Durham Constabulary,Durham Constabulary,-1.636754,54.863149,On or near Albert Street,E01020606,County Durham 005A,Anti-social behaviour,,
,2011-03,Durham Constabulary,Durham Constabulary,-1.637362,54.863106,On or near Queen Street,E01020606,County Durham 005A,Anti-social behaviour,,
,2011-03,Durham Constabulary,Durham Constabulary,-1.636130,54.863201,On or near West Street,E01020606,County Durham 005A,Anti-social behaviour,,
,2011-03,Durham Constabulary,Durham Constabulary,-1.636130,54.863201,On or near West Street,E01020606,County Durham 005A,Anti-social behaviour,,
,2011-03,Durham Constabulary,Durham Constabulary,-1.636130,54.863201,On or near West Street,E01020606,County Durham 005A,Anti-social behaviour,,
,2011-03,Durham Constabulary,Durham Constabulary,-1.636130,54.863201,On or near West Street,E01020606,County Durham 005A,Anti-social behaviour,,
,2011-03,Durham Constabulary,Durham Constabulary,-1.636130,54.863201,On or near West Street,E01020606,County Durham 005A,Anti-social behaviour,,
,2011-03,Durham Constabulary,Durham Constabulary,-1.637362,54.863106,On or near Queen Street,E01020606,County Durham 005A,Anti-social behaviour,,
,2011-03,Durham Constabulary,Durham Constabulary,-1.634824,54.862883,On or near Grange Court,E01020606,County Durham 005A,Anti-social behaviour,,
,2011-03,Durham Constabulary,Durham Constabulary,-1.637885,54.863835,On or near Pine Street,E01020606,County Durham 005A,Anti-social behaviour,,
,2011-03,Durham Constabulary,Durham Constabulary,-1.637362,54.863106,On or near Queen Street,E01020606,County Durham 005A,Anti-social behaviour,,
,2011-03,Durham Constabulary,Durham Constabulary,-1.634824,54.862883,On or near Grange Court,E01020606,County Durham 005A,Anti-social behaviour,,
,2011-03,Durham Constabulary,Durham Constabulary,-1.641244,54.871493,On or near Edenfield,E01020606,County Durham 005A,Anti-social behaviour,,
,2011-03,Durham Constabulary,Durham Constabulary,-1.634824,54.862883,On or near Grange Court,E01020606,County Durham 005A,Anti-social behaviour,,
,2011-03,Durham Constabulary,Durham Constabulary,-1.641244,54.871493,On or near Edenfield,E01020606,County Durham 005A,Burglary,,
,2011-03,Durham Constabulary,Durham Constabulary,-1.637362,54.863106,On or near Queen Street,E01020606,County Durham 005A,Burglary,,
,2011-03,Durham Constabulary,Durham Constabulary,-1.641244,54.871493,On or near Edenfield,E01020606,County Durham 005A,Burglary,,
,2011-03,Durham Constabulary,Durham Constabulary,-1.637362,54.863106,On or near Queen Street,E01020606,County Durham 005A,Vehicle crime,,
,2011-03,Durham Constabulary,Durham Constabulary,-1.636130,54.863201,On or near West Street,E01020606,County Durham 005A,Violent crime,,
,2011-03,Durham Constabulary,Durham Constabulary,-1.637885,54.863835,On or near Pine Street,E01020606,County Durham 005A,Violent crime,,
,2011-03,Durham Constabulary,Durham Constabulary,-1.641244,54.871493,On or near Edenfield,E01020606,County Durham 005A,Other crime,,
,2011-03,Durham Constabulary,Durham Constabulary,-1.637362,54.863106,On or near Queen Street,E01020606,County Durham 005A,Other crime,,
,2011-03,Durham Constabulary,Durham Constabulary,-1.641244,54.871493,On or near Edenfield,E01020606,County Durham 005A,Other crime,,
,2011-03,Durham Constabulary,Durham Constabulary,-1.641244,54.871493,On or near Edenfield,E01020606,County Durham 005A,Other crime,,
,2011-03,Durham Constabulary,Durham Constabulary,-1.639849,54.870671,On or near Summerfield,E01020606,County Durham 005A,Other crime,,
,2011-03,Durham Constabulary,Durham Constabulary,-1.605332,54.874158,On or near Barbary Close,E01020615,County Durham 005B,Anti-social behaviour,,
,2011-03,Durham Constabulary,Durham Constabulary,-1.598046,54.876597,On or near Brecon Place,E01020615,County Durham 005B,Anti-social behaviour,,
,2011-03,Durham Constabulary,Durham Constabulary,-1.598046,54.876597,On or near Brecon Place,E01020615,County Durham 005B,Anti-social behaviour,,
,2011-03,Durham Constabulary,Durham Constabulary,-1.600110,54.875867,On or near Ascot Place,E01020615,County Durham 005B,Anti-social behaviour,,
,2011-03,Durham Constabulary,Durham Constabulary,-1.598653,54.875107,On or near Gairloch Drive,E01020615,County Durham 005B,Anti-social behaviour,,
,2011-03,Durham Constabulary,Durham Constabulary,-1.598653,54.875107,On or near Gairloch Drive,E01020615,County Durham 005B,Anti-social behaviour,,
,2011-03,Durham Constabulary,Durham Constabulary,-1.606708,54.873686,On or near Ernest Street,E01020615,County Durham 005B,Anti-social behaviour,,
,2011-03,Durham Constabulary,Durham Constabulary,-1.598653,54.875107,On or near Gairloch Drive,E01020615,County Durham 005B,Anti-social behaviour,,
,2011-03,Durham Constabulary,Durham Constabulary,-1.600110,54.875867,On or near Ascot Place,E01020615,County Durham 005B,Anti-social behaviour,,
,2011-03,Durham Constabulary,Durham Constabulary,-1.598653,54.875107,On or near Gairloch Drive,E01020615,County Durham 005B,Anti-social behaviour,,
,2011-03,Durham Constabulary,Durham Constabulary,-1.606708,54.873686,On or near Ernest Street,E01020615,County Durham 005B,Anti-social behaviour,,
,2011-03,Durham Constabulary,Durham Constabulary,-1.605332,54.874158,On or near Barbary Close,E01020615,County Durham 005B,Anti-social behaviour,,
,2011-03,Durham Constabulary,Durham Constabulary,-1.606708,54.873686,On or near Ernest Street,E01020615,County Durham 005B,Anti-social behaviour,,
,2011-03,Durham Constabulary,Durham Constabulary,-1.598653,54.875107,On or near Gairloch Drive,E01020615,County Durham 005B,Anti-social behaviour,,
,2011-03,Durham Constabulary,Durham Constabulary,-1.598653,54.875107,On or near Gairloch Drive,E01020615,County Durham 005B,Burglary,,
,2011-03,Durham Constabulary,Durham Constabulary,-1.599536,54.877141,On or near Conway Place,E01020615,County Durham 005B,Vehicle crime,,
,2011-03,Durham Constabulary,Durham Constabulary,-1.598653,54.875107,On or near Gairloch Drive,E01020615,County Durham 005B,Vehicle crime,,
,2011-03,Durham Constabulary,Durham Constabulary,-1.600110,54.875867,On or near Ascot Place,E01020615,County Durham 005B,Violent crime,,
,2011-03,Durham Constabulary,Durham Constabulary,-1.601981,54.875738,On or near Wansbeck Close,E01020615,County Durham 005B,Violent crime,,
,2011-03,Durham Constabulary,Durham Constabulary,-1.606708,54.873686,On or near Ernest Street,E01020615,County Durham 005B,Other crime,,
,2011-03,Durham Constabulary,Durham Constabulary,-1.598653,54.875107,On or near Gairloch Drive,E01020615,County Durham 005B,Other crime,,
,2011-03,Durham Constabulary,Durham Constabulary,-1.603909,54.876203,On or near Coquet Drive,E01020615,County Durham 005B,Other crime,,
,2011-03,Durham Constabulary,Durham Constabulary,-1.604054,54.871009,On or near Brackenbeds Close,E01020616,County Durham 005C,Anti-social behaviour,,
,2011-03,Durham Constabulary,Durham Constabulary,-1.613138,54.874300,On or near Fairfield,E01020616,County Durham 005C,Anti-social behaviour,,
,2011-03,Durham Constabulary,Durham Constabulary,-1.605071,54.872153,On or near Southfield,E01020616,County Durham 005C,Anti-social behaviour,,
,2011-03,Durham Constabulary,Durham Constabulary,-1.612895,54.873652,On or near Mossway,E01020616,County Durham 005C,Anti-social behaviour,,
,2011-03,Durham Constabulary,Durham Constabulary,-1.608878,54.871689,On or near Wood Street,E01020616,County Durham 005C,Anti-social behaviour,,
,2011-03,Durham Constabulary,Durham Constabulary,-1.609998,54.871828,On or near Vicarage Close,E01020616,County Durham 005C,Anti-social behaviour,,
,2011-03,Durham Constabulary,Durham Constabulary,-1.607752,54.872099,On or near Grange Street,E01020616,County Durham 005C,Anti-social behaviour,,
,2011-03,Durham Constabulary,Durham Constabulary,-1.609998,54.871828,On or near Vicarage Close,E01020616,County Durham 005C,Anti-social behaviour,,
,2011-03,Durham Constabulary,Durham Constabulary,-1.610272,54.870858,On or near The Wynd,E01020616,County Durham 005C,Anti-social behaviour,,
,2011-03,Durham Constabulary,Durham Constabulary,-1.608859,54.873559,On or near Ivyway,E01020616,County Durham 005C,Anti-social behaviour,,
,2011-03,Durham Constabulary,Durham Constabulary,-1.613486,54.873708,On or near Greenacres,E01020616,County Durham 005C,Anti-social behaviour,,
,2011-03,Durham Constabulary,Durham Constabulary,-1.608638,54.873854,On or near Hylton Terrace,E01020616,County Durham 005C,Anti-social behaviour,,
,2011-03,Durham Constabulary,Durham Constabulary,-1.608638,54.873854,On or near Hylton Terrace,E01020616,County Durham 005C,Anti-social behaviour,,
,2011-03,Durham Constabulary,Durham Constabulary,-1.609998,54.871828,On or near Vicarage Close,E01020616,County Durham 005C,Anti-social behaviour,,
,2011-03,Durham Constabulary,Durham Constabulary,-1.612895,54.873652,On or near Mossway,E01020616,County Durham 005C,Anti-social behaviour,,
,2011-03,Durham Constabulary,Durham Constabulary,-1.611759,54.873460,On or near Sandyford,E01020616,County Durham 005C,Anti-social behaviour,,
,2011-03,Durham Constabulary,Durham Constabulary,-1.611759,54.873460,On or near Sandyford,E01020616,County Durham 005C,Anti-social behaviour,,
,2011-03,Durham Constabulary,Durham Constabulary,-1.609998,54.871828,On or near Vicarage Close,E01020616,County Durham 005C,Anti-social behaviour,,
,2011-03,Durham Constabulary,Durham Constabulary,-1.610272,54.870858,On or near The Wynd,E01020616,County Durham 005C,Anti-social behaviour,,
,2011-03,Durham Constabulary,Durham Constabulary,-1.611759,54.873460,On or near Sandyford,E01020616,County Durham 005C,Anti-social behaviour,,
,2011-03,Durham Constabulary,Durham Constabulary,-1.604054,54.871009,On or near Brackenbeds Close,E01020616,County Durham 005C,Anti-social behaviour,,
,2011-03,Durham Constabulary,Durham Constabulary,-1.605736,54.872623,On or near Fieldside,E01020616,County Durham 005C,Anti-social behaviour,,
,2011-03,Durham Constabulary,Durham Constabulary,-1.611759,54.873460,On or near Sandyford,E01020616,County Durham 005C,Anti-social behaviour,,
,2011-03,Durham Constabulary,Durham Constabulary,-1.608638,54.873854,On or near Hylton Terrace,E01020616,County Durham 005C,Vehicle crime,,
,2011-03,Durham Constabulary,Durham Constabulary,-1.611345,54.874402,On or near Sandyford Place,E01020616,County Durham 005C,Vehicle crime,,
,2011-03,Durham Constabulary,Durham Constabulary,-1.608928,54.871348,On or near Elwin Place,E01020616,County Durham 005C,Vehicle crime,,
,2011-03,Durham Constabulary,Durham Constabulary,-1.608638,54.873854,On or near Hylton Terrace,E01020616,County Durham 005C,Violent crime,,
,2011-03,Durham Constabulary,Durham Constabulary,-1.608638,54.873854,On or near Hylton Terrace,E01020616,County Durham 005C,Violent crime,,
,2011-03,Durham Constabulary,Durham Constabulary,-1.605736,54.872623,On or near Fieldside,E01020616,County Durham 005C,Other crime,,
,2011-03,Durham Constabulary,Durham Constabulary,-1.609998,54.871828,On or near Vicarage Close,E01020616,County Durham 005C,Other crime,,
,2011-03,Durham Constabulary,Durham Constabulary,-1.608638,54.873854,On or near Hylton Terrace,E01020616,County Durham 005C,Other crime,,
,2011-03,Durham Constabulary,Durham Constabulary,-1.611759,54.873460,On or near Sandyford,E01020616,County Durham 005C,Other crime,,
,2011-03,Durham Constabulary,Durham Constabulary,-1.609675,54.871413,On or near The Garth,E01020616,County Durham 005C,Other crime,,
,2011-03,Durham Constabulary,Durham Constabulary,-1.608878,54.871689,On or near Wood Street,E01020616,County Durham 005C,Other crime,,
,2011-03,Durham Constabulary,Durham Constabulary,-1.604054,54.871009,On or near Brackenbeds Close,E01020616,County Durham 005C,Other crime,,
,2011-03,Durham Constabulary,Durham Constabulary,-1.608638,54.873854,On or near Hylton Terrace,E01020616,County Durham 005C,Other crime,,
,2011-03,Durham Constabulary,Durham Constabulary,-1.611345,54.874402,On or near Sandyford Place,E01020616,County Durham 005C,Other crime,,
,2011-03,Durham Constabulary,Durham Constabulary,-1.604054,54.871009,On or near Brackenbeds Close,E01020616,County Durham 005C,Other crime,,
,2011-03,Durham Constabulary,Durham Constabulary,-1.621774,54.865700,On or near Roseberry Villas,E01020617,County Durham 005D,Anti-social behaviour,,
,2011-03,Durham Constabulary,Durham Constabulary,-1.621662,54.871011,On or near Elm Avenue,E01020617,County Durham 005D,Anti-social behaviour,,
,2011-03,Durham Constabulary,Durham Constabulary,-1.623383,54.868590,On or near Lovaine Street,E01020617,County Durham 005D,Anti-social behaviour,,
,2011-03,Durham Constabulary,Durham Constabulary,-1.624426,54.867021,On or near Industrial Street,E01020617,County Durham 005D,Anti-social behaviour,,
,2011-03,Durham Constabulary,Durham Constabulary,-1.615645,54.872870,On or near Kings Lane,E01020617,County Durham 005D,Anti-social behaviour,,
,2011-03,Durham Constabulary,Durham Constabulary,-1.617122,54.873189,On or near Thornton Lea,E01020617,County Durham 005D,Anti-social behaviour,,
,2011-03,Durham Constabulary,Durham Constabulary,-1.621774,54.865700,On or near Roseberry Villas,E01020617,County Durham 005D,Anti-social behaviour,,
,2011-03,Durham Constabulary,Durham Constabulary,-1.621774,54.865700,On or near Roseberry Villas,E01020617,County Durham 005D,Anti-social behaviour,,
,2011-03,Durham Constabulary,Durham Constabulary,-1.623673,54.867531,On or near Provident Street,E01020617,County Durham 005D,Other crime,,
,2011-03,Durham Constabulary,Durham Constabulary,-1.623673,54.867531,On or near Provident Street,E01020617,County Durham 005D,Other crime,,
,2011-03,Durham Constabulary,Durham Constabulary,-1.623673,54.867531,On or near Provident Street,E01020617,County Durham 005D,Other crime,,
,2011-03,Durham Constabulary,Durham Constabulary,-1.623673,54.867531,On or near Provident Street,E01020617,County Durham 005D,Other crime,,
,2011-03,Durham Constabulary,Durham Constabulary,-1.742106,54.860003,On or near Hamsterley Gardens,E01020626,County Durham 006A,Anti-social behaviour,,
,2011-03,Durham Constabulary,Durham Constabulary,-1.733970,54.858180,On or near Elizabeth Street,E01020626,County Durham 006A,Anti-social behaviour,,
,2011-03,Durham Constabulary,Durham Constabulary,-1.738351,54.862502,On or near Fines Park,E01020626,County Durham 006A,Anti-social behaviour,,
,2011-03,Durham Constabulary,Durham Constabulary,-1.737644,54.860964,On or near Frosterley Gardens,E01020626,County Durham 006A,Anti-social behaviour,,
,2011-03,Durham Constabulary,Durham Constabulary,-1.738351,54.862502,On or near Fines Park,E01020626,County Durham 006A,Anti-social behaviour,,
,2011-03,Durham Constabulary,Durham Constabulary,-1.742106,54.860003,On or near Hamsterley Gardens,E01020626,County Durham 006A,Anti-social behaviour,,
,2011-03,Durham Constabulary,Durham Constabulary,-1.744523,54.857124,On or near Snowdon Court,E01020626,County Durham 006A,Anti-social behaviour,,
,2011-03,Durham Constabulary,Durham Constabulary,-1.733970,54.858180,On or near Elizabeth Street,E01020626,County Durham 006A,Anti-social behaviour,,
,2011-03,Durham Constabulary,Durham Constabulary,-1.739152,54.861399,On or near Clowes Terrace,E01020626,County Durham 006A,Anti-social behaviour,,
,2011-03,Durham Constabulary,Durham Constabulary,-1.744523,54.857124,On or near Snowdon Court,E01020626,County Durham 006A,Anti-social behaviour,,
,2011-03,Durham Constabulary,Durham Constabulary,-1.739152,54.861399,On or near Clowes Terrace,E01020626,County Durham 006A,Vehicle crime,,
,2011-03,Durham Constabulary,Durham Constabulary,-1.737644,54.860964,On or near Frosterley Gardens,E01020626,County Durham 006A,Violent crime,,
,2011-03,Durham Constabulary,Durham Constabulary,-1.744523,54.857124,On or near Snowdon Court,E01020626,County Durham 006A,Other crime,,
,2011-03,Durham Constabulary,Durham Constabulary,-1.733970,54.858180,On or near Elizabeth Street,E01020626,County Durham 006A,Other crime,,
,2011-03,Durham Constabulary,Durham Constabulary,-1.746851,54.865989,On or near Kirkfield Gardens,E01020638,County Durham 006B,Anti-social behaviour,,
,2011-03,Durham Constabulary,Durham Constabulary,-1.737137,54.864675,On or near Fairfield,E01020638,County Durham 006B,Anti-social behaviour,,
,2011-03,Durham Constabulary,Durham Constabulary,-1.746595,54.862053,On or near Cedar Court,E01020638,County Durham 006B,Anti-social behaviour,,
,2011-03,Durham Constabulary,Durham Constabulary,-1.746851,54.865989,On or near Kirkfield Gardens,E01020638,County Durham 006B,Anti-social behaviour,,
,2011-03,Durham Constabulary,Durham Constabulary,-1.737137,54.864675,On or near Fairfield,E01020638,County Durham 006B,Anti-social behaviour,,
,2011-03,Durham Constabulary,Durham Constabulary,-1.746851,54.865989,On or near Kirkfield Gardens,E01020638,County Durham 006B,Anti-social behaviour,,
,2011-03,Durham Constabulary,Durham Constabulary,-1.746851,54.865989,On or near Kirkfield Gardens,E01020638,County Durham 006B,Anti-social behaviour,,
,2011-03,Durham Constabulary,Durham Constabulary,-1.744051,54.862802,On or near North Road,E01020638,County Durham 006B,Anti-social behaviour,,
,2011-03,Durham Constabulary,Durham Constabulary,-1.746851,54.865989,On or near Kirkfield Gardens,E01020638,County Durham 006B,Anti-social behaviour,,
,2011-03,Durham Constabulary,Durham Constabulary,-1.744051,54.862802,On or near North Road,E01020638,County Durham 006B,Anti-social behaviour,,
,2011-03,Durham Constabulary,Durham Constabulary,-1.740829,54.862364,On or near Church Street,E01020638,County Durham 006B,Anti-social behaviour,,
,2011-03,Durham Constabulary,Durham Constabulary,-1.746851,54.865989,On or near Kirkfield Gardens,E01020638,County Durham 006B,Anti-social behaviour,,
,2011-03,Durham Constabulary,Durham Constabulary,-1.744917,54.861366,On or near Oakwood,E01020638,County Durham 006B,Violent crime,,
,2011-03,Durham Constabulary,Durham Constabulary,-1.746851,54.865989,On or near Kirkfield Gardens,E01020638,County Durham 006B,Other crime,,
,2011-03,Durham Constabulary,Durham Constabulary,-1.747430,54.865568,On or near Tollgate Bungalows,E01020638,County Durham 006B,Other crime,,
,2011-03,Durham Constabulary,Durham Constabulary,-1.746595,54.862053,On or near Cedar Court,E01020638,County Durham 006B,Other crime,,
,2011-03,Durham Constabulary,Durham Constabulary,-1.746851,54.865989,On or near Kirkfield Gardens,E01020638,County Durham 006B,Other crime,,
,2011-03,Durham Constabulary,Durham Constabulary,-1.746851,54.865989,On or near Kirkfield Gardens,E01020638,County Durham 006B,Other crime,,
,2011-03,Durham Constabulary,Durham Constabulary,-1.744917,54.861366,On or near Oakwood,E01020638,County Durham 006B,Other crime,,
,2011-03,Durham Constabulary,Durham Constabulary,-1.749696,54.859390,On or near Annfield Place,E01020639,County Durham 006C,Anti-social behaviour,,
,2011-03,Durham Constabulary,Durham Constabulary,-1.748172,54.863988,On or near Hilda Street,E01020639,County Durham 006C,Anti-social behaviour,,
,2011-03,Durham Constabulary,Durham Constabulary,-1.744721,54.865203,On or near Balmoral Drive,E01020639,County Durham 006C,Anti-social behaviour,,
,2011-03,Durham Constabulary,Durham Constabulary,-1.748172,54.863988,On or near Hilda Street,E01020639,County Durham 006C,Anti-social behaviour,,
,2011-03,Durham Constabulary,Durham Constabulary,-1.740373,54.865400,On or near The Hawthorns,E01020639,County Durham 006C,Anti-social behaviour,,
,2011-03,Durham Constabulary,Durham Constabulary,-1.744721,54.865203,On or near Balmoral Drive,E01020639,County Durham 006C,Anti-social behaviour,,
,2011-03,Durham Constabulary,Durham Constabulary,-1.744721,54.865203,On or near Balmoral Drive,E01020639,County Durham 006C,Anti-social behaviour,,
,2011-03,Durham Constabulary,Durham Constabulary,-1.744721,54.865203,On or near Balmoral Drive,E01020639,County Durham 006C,Anti-social behaviour,,
,2011-03,Durham Constabulary,Durham Constabulary,-1.744976,54.864305,On or near The Ridings,E01020639,County Durham 006C,Anti-social behaviour,,
,2011-03,Durham Constabulary,Durham Constabulary,-1.748172,54.863988,On or near Hilda Street,E01020639,County Durham 006C,Anti-social behaviour,,
,2011-03,Durham Constabulary,Durham Constabulary,-1.744721,54.865203,On or near Balmoral Drive,E01020639,County Durham 006C,Anti-social behaviour,,
,2011-03,Durham Constabulary,Durham Constabulary,-1.744976,54.864305,On or near The Ridings,E01020639,County Durham 006C,Anti-social behaviour,,
,2011-03,Durham Constabulary,Durham Constabulary,-1.740373,54.865400,On or near The Hawthorns,E01020639,County Durham 006C,Anti-social behaviour,,
,2011-03,Durham Constabulary,Durham Constabulary,-1.749274,54.864682,On or near Greentree Lane,E01020639,County Durham 006C,Anti-social behaviour,,
,2011-03,Durham Constabulary,Durham Constabulary,-1.749696,54.859390,On or near Annfield Place,E01020639,County Durham 006C,Anti-social behaviour,,
,2011-03,Durham Constabulary,Durham Constabulary,-1.744721,54.865203,On or near Balmoral Drive,E01020639,County Durham 006C,Anti-social behaviour,,
,2011-03,Durham Constabulary,Durham Constabulary,-1.748986,54.863298,On or near Laburnum Terrace,E01020639,County Durham 006C,Anti-social behaviour,,
,2011-03,Durham Constabulary,Durham Constabulary,-1.744976,54.864305,On or near The Ridings,E01020639,County Durham 006C,Anti-social behaviour,,
,2011-03,Durham Constabulary,Durham Constabulary,-1.744976,54.864305,On or near The Ridings,E01020639,County Durham 006C,Burglary,,
,2011-03,Durham Constabulary,Durham Constabulary,-1.748172,54.863988,On or near Hilda Street,E01020639,County Durham 006C,Vehicle crime,,
,2011-03,Durham Constabulary,Durham Constabulary,-1.744721,54.865203,On or near Balmoral Drive,E01020639,County Durham 006C,Violent crime,,
,2011-03,Durham Constabulary,Durham Constabulary,-1.750185,54.858349,On or near West Road,E01020639,County Durham 006C,Violent crime,,
,2011-03,Durham Constabulary,Durham Constabulary,-1.744721,54.865203,On or near Balmoral Drive,E01020639,County Durham 006C,Violent crime,,
,2011-03,Durham Constabulary,Durham Constabulary,-1.748172,54.863988,On or near Hilda Street,E01020639,County Durham 006C,Violent crime,,
,2011-03,Durham Constabulary,Durham Constabulary,-1.744721,54.865203,On or near Balmoral Drive,E01020639,County Durham 006C,Other crime,,
,2011-03,Durham Constabulary,Durham Constabulary,-1.750185,54.858349,On or near West Road,E01020639,County Durham 006C,Other crime,,
,2011-03,Durham Constabulary,Durham Constabulary,-1.748313,54.868814,On or near Carrmyers,E01020639,County Durham 006C,Other crime,,
,2011-03,Durham Constabulary,Durham Constabulary,-1.744721,54.865203,On or near Balmoral Drive,E01020639,County Durham 006C,Other crime,,
,2011-03,Durham Constabulary,Durham Constabulary,-1.755463,54.879486,On or near South Meadows,E01020653,County Durham 006D,Anti-social behaviour,,
,2011-03,Durham Constabulary,Durham Constabulary,-1.755463,54.879486,On or near South Meadows,E01020653,County Durham 006D,Anti-social behaviour,,
,2011-03,Durham Constabulary,Durham Constabulary,-1.766824,54.874270,On or near Pontopsyde,E01020653,County Durham 006D,Anti-social behaviour,,
,2011-03,Durham Constabulary,Durham Constabulary,-1.766824,54.874270,On or near Pontopsyde,E01020653,County Durham 006D,Anti-social behaviour,,
,2011-03,Durham Constabulary,Durham Constabulary,-1.755463,54.879486,On or near South Meadows,E01020653,County Durham 006D,Anti-social behaviour,,
,2011-03,Durham Constabulary,Durham Constabulary,-1.768510,54.873707,On or near Pikesyde,E01020653,County Durham 006D,Burglary,,
,2011-03,Durham Constabulary,Durham Constabulary,-1.766824,54.874270,On or near Pontopsyde,E01020653,County Durham 006D,Burglary,,
,2011-03,Durham Constabulary,Durham Constabulary,-1.750876,54.877671,On or near Bradley Lodge Drive,E01020653,County Durham 006D,Burglary,,
,2011-03,Durham Constabulary,Durham Constabulary,-1.768510,54.873707,On or near Pikesyde,E01020653,County Durham 006D,Burglary,,
,2011-03,Durham Constabulary,Durham Constabulary,-1.755463,54.879486,On or near South Meadows,E01020653,County Durham 006D,Vehicle crime,,
,2011-03,Durham Constabulary,Durham Constabulary,-1.748927,54.880291,On or near Lily Gardens,E01020653,County Durham 006D,Violent crime,,
,2011-03,Durham Constabulary,Durham Constabulary,-1.755463,54.879486,On or near South Meadows,E01020653,County Durham 006D,Violent crime,,
,2011-03,Durham Constabulary,Durham Constabulary,-1.766824,54.874270,On or near Pontopsyde,E01020653,County Durham 006D,Other crime,,
,2011-03,Durham Constabulary,Durham Constabulary,-1.755463,54.879486,On or near South Meadows,E01020653,County Durham 006D,Other crime,,
,2011-03,Durham Constabulary,Durham Constabulary,-1.766824,54.874270,On or near Pontopsyde,E01020653,County Durham 006D,Other crime,,
,2011-03,Durham Constabulary,Durham Constabulary,-1.766824,54.874270,On or near Pontopsyde,E01020653,County Durham 006D,Other crime,,
,2011-03,Durham Constabulary,Durham Constabulary,-1.766824,54.874270,On or near Pontopsyde,E01020653,County Durham 006D,Other crime,,
,2011-03,Durham Constabulary,Durham Constabulary,-1.766824,54.874270,On or near Pontopsyde,E01020653,County Durham 006D,Other crime,,
,2011-03,Durham Constabulary,Durham Constabulary,-1.766824,54.874270,On or near Pontopsyde,E01020653,County Durham 006D,Other crime,,
,2011-03,Durham Constabulary,Durham Constabulary,-1.768510,54.873707,On or near Pikesyde,E01020653,County Durham 006D,Other crime,,
,2011-03,Durham Constabulary,Durham Constabulary,-1.755463,54.879486,On or near South Meadows,E01020653,County Durham 006D,Other crime,,
,2011-03,Durham Constabulary,Durham Constabulary,-1.744414,54.884173,On or near Moorlands,E01020677,County Durham 006E,Anti-social behaviour,,
,2011-03,Durham Constabulary,Durham Constabulary,-1.714394,54.879568,On or near Epworth,E01020677,County Durham 006E,Anti-social behaviour,,
,2011-03,Durham Constabulary,Durham Constabulary,-1.718923,54.878338,On or near Woodburn,E01020677,County Durham 006E,Anti-social behaviour,,
,2011-03,Durham Constabulary,Durham Constabulary,-1.717140,54.879242,On or near The Grange,E01020677,County Durham 006E,Anti-social behaviour,,
,2011-03,Durham Constabulary,Durham Constabulary,-1.744414,54.884173,On or near Moorlands,E01020677,County Durham 006E,Anti-social behaviour,,
,2011-03,Durham Constabulary,Durham Constabulary,-1.714394,54.879568,On or near Epworth,E01020677,County Durham 006E,Anti-social behaviour,,
,2011-03,Durham Constabulary,Durham Constabulary,-1.744414,54.884173,On or near Moorlands,E01020677,County Durham 006E,Anti-social behaviour,,
,2011-03,Durham Constabulary,Durham Constabulary,-1.748699,54.879446,On or near North Road,E01020677,County Durham 006E,Burglary,,
,2011-03,Durham Constabulary,Durham Constabulary,-1.709574,54.880113,On or near The Crescent,E01020677,County Durham 006E,Vehicle crime,,
,2011-03,Durham Constabulary,Durham Constabulary,-1.731972,54.884676,On or near West Road,E01020677,County Durham 006E,Other crime,,
,2011-03,Durham Constabulary,Durham Constabulary,-1.715480,54.882464,On or near Parkside,E01020677,County Durham 006E,Other crime,,
,2011-03,Durham Constabulary,Durham Constabulary,-1.580934,54.861558,On or near South Street,E01020596,County Durham 007A,Anti-social behaviour,,
,2011-03,Durham Constabulary,Durham Constabulary,-1.583770,54.864534,On or near Conyers Gardens,E01020596,County Durham 007A,Anti-social behaviour,,
,2011-03,Durham Constabulary,Durham Constabulary,-1.579548,54.864456,On or near Pelaw Road,E01020596,County Durham 007A,Anti-social behaviour,,
,2011-03,Durham Constabulary,Durham Constabulary,-1.581656,54.863978,On or near Pelaw Square,E01020596,County Durham 007A,Anti-social behaviour,,
,2011-03,Durham Constabulary,Durham Constabulary,-1.579548,54.864456,On or near Pelaw Road,E01020596,County Durham 007A,Anti-social behaviour,,
,2011-03,Durham Constabulary,Durham Constabulary,-1.582151,54.865831,On or near Conyers Avenue,E01020596,County Durham 007A,Anti-social behaviour,,
,2011-03,Durham Constabulary,Durham Constabulary,-1.584861,54.864412,On or near Pelaw Crescent,E01020596,County Durham 007A,Anti-social behaviour,,
,2011-03,Durham Constabulary,Durham Constabulary,-1.580729,54.864730,On or near Conyers Road,E01020596,County Durham 007A,Anti-social behaviour,,
,2011-03,Durham Constabulary,Durham Constabulary,-1.584691,54.865867,On or near Beechwoods,E01020596,County Durham 007A,Anti-social behaviour,,
,2011-03,Durham Constabulary,Durham Constabulary,-1.584861,54.864412,On or near Pelaw Crescent,E01020596,County Durham 007A,Anti-social behaviour,,
,2011-03,Durham Constabulary,Durham Constabulary,-1.584861,54.864412,On or near Pelaw Crescent,E01020596,County Durham 007A,Anti-social behaviour,,
,2011-03,Durham Constabulary,Durham Constabulary,-1.583254,54.866168,On or near Firtrees,E01020596,County Durham 007A,Violent crime,,
,2011-03,Durham Constabulary,Durham Constabulary,-1.584861,54.864412,On or near Pelaw Crescent,E01020596,County Durham 007A,Other crime,,
,2011-03,Durham Constabulary,Durham Constabulary,-1.582151,54.865831,On or near Conyers Avenue,E01020596,County Durham 007A,Other crime,,
,2011-03,Durham Constabulary,Durham Constabulary,-1.584861,54.864412,On or near Pelaw Crescent,E01020596,County Durham 007A,Other crime,,
,2011-03,Durham Constabulary,Durham Constabulary,-1.582151,54.865831,On or near Conyers Avenue,E01020596,County Durham 007A,Other crime,,
,2011-03,Durham Constabulary,Durham Constabulary,-1.590779,54.863183,On or near Elmway,E01020597,County Durham 007B,Anti-social behaviour,,
,2011-03,Durham Constabulary,Durham Constabulary,-1.582941,54.861754,On or near Glencoe Avenue,E01020597,County Durham 007B,Anti-social behaviour,,
,2011-03,Durham Constabulary,Durham Constabulary,-1.588208,54.864702,On or near Hollycrest,E01020597,County Durham 007B,Anti-social behaviour,,
,2011-03,Durham Constabulary,Durham Constabulary,-1.582941,54.861754,On or near Glencoe Avenue,E01020597,County Durham 007B,Anti-social behaviour,,
,2011-03,Durham Constabulary,Durham Constabulary,-1.590779,54.863183,On or near Elmway,E01020597,County Durham 007B,Anti-social behaviour,,
,2011-03,Durham Constabulary,Durham Constabulary,-1.582941,54.861754,On or near Glencoe Avenue,E01020597,County Durham 007B,Anti-social behaviour,,
,2011-03,Durham Constabulary,Durham Constabulary,-1.579973,54.861025,On or near Glenmore Avenue,E01020597,County Durham 007B,Other crime,,
,2011-03,Durham Constabulary,Durham Constabulary,-1.575946,54.864731,On or near Highfield Rise,E01020598,County Durham 007C,Anti-social behaviour,,
,2011-03,Durham Constabulary,Durham Constabulary,-1.576628,54.866549,On or near Northlands,E01020598,County Durham 007C,Anti-social behaviour,,
,2011-03,Durham Constabulary,Durham Constabulary,-1.574863,54.861106,On or near Hillside,E01020598,County Durham 007C,Anti-social behaviour,,
,2011-03,Durham Constabulary,Durham Constabulary,-1.574863,54.861106,On or near Hillside,E01020598,County Durham 007C,Anti-social behaviour,,
,2011-03,Durham Constabulary,Durham Constabulary,-1.570773,54.858899,On or near Hopgarth Gardens,E01020598,County Durham 007C,Anti-social behaviour,,
,2011-03,Durham Constabulary,Durham Constabulary,-1.574613,54.862597,On or near Springfield Gardens,E01020598,County Durham 007C,Anti-social behaviour,,
,2011-03,Durham Constabulary,Durham Constabulary,-1.571101,54.860293,On or near Picktree Lane,E01020598,County Durham 007C,Anti-social behaviour,,
,2011-03,Durham Constabulary,Durham Constabulary,-1.570773,54.858899,On or near Hopgarth Gardens,E01020598,County Durham 007C,Anti-social behaviour,,
,2011-03,Durham Constabulary,Durham Constabulary,-1.570773,54.858899,On or near Hopgarth Gardens,E01020598,County Durham 007C,Anti-social behaviour,,
,2011-03,Durham Constabulary,Durham Constabulary,-1.571101,54.860293,On or near Picktree Lane,E01020598,County Durham 007C,Anti-social behaviour,,
,2011-03,Durham Constabulary,Durham Constabulary,-1.570773,54.858899,On or near Hopgarth Gardens,E01020598,County Durham 007C,Anti-social behaviour,,
,2011-03,Durham Constabulary,Durham Constabulary,-1.571313,54.862397,On or near Appledore Gardens,E01020598,County Durham 007C,Vehicle crime,,
,2011-03,Durham Constabulary,Durham Constabulary,-1.575998,54.859798,On or near Prospect Street,E01020598,County Durham 007C,Other crime,,
,2011-03,Durham Constabulary,Durham Constabulary,-1.576628,54.866549,On or near Northlands,E01020598,County Durham 007C,Other crime,,
,2011-03,Durham Constabulary,Durham Constabulary,-1.570773,54.858899,On or near Hopgarth Gardens,E01020598,County Durham 007C,Other crime,,
,2011-03,Durham Constabulary,Durham Constabulary,-1.575946,54.864731,On or near Highfield Rise,E01020598,County Durham 007C,Other crime,,
,2011-03,Durham Constabulary,Durham Constabulary,-1.570773,54.858899,On or near Hopgarth Gardens,E01020598,County Durham 007C,Other crime,,
,2011-03,Durham Constabulary,Durham Constabulary,-1.564264,54.880371,On or near Ambleside Court,E01020611,County Durham 007D,Anti-social behaviour,,
,2011-03,Durham Constabulary,Durham Constabulary,-1.576093,54.877457,On or near Pelaw Grange Court,E01020611,County Durham 007D,Anti-social behaviour,,
,2011-03,Durham Constabulary,Durham Constabulary,-1.564264,54.880371,On or near Ambleside Court,E01020611,County Durham 007D,Anti-social behaviour,,
,2011-03,Durham Constabulary,Durham Constabulary,-1.572063,54.873974,On or near Lombard Drive,E01020611,County Durham 007D,Anti-social behaviour,,
,2011-03,Durham Constabulary,Durham Constabulary,-1.564264,54.880371,On or near Ambleside Court,E01020611,County Durham 007D,Anti-social behaviour,,
,2011-03,Durham Constabulary,Durham Constabulary,-1.568563,54.874833,On or near Merlin Drive,E01020611,County Durham 007D,Anti-social behaviour,,
,2011-03,Durham Constabulary,Durham Constabulary,-1.564264,54.880371,On or near Ambleside Court,E01020611,County Durham 007D,Anti-social behaviour,,
,2011-03,Durham Constabulary,Durham Constabulary,-1.572063,54.873974,On or near Lombard Drive,E01020611,County Durham 007D,Anti-social behaviour,,
,2011-03,Durham Constabulary,Durham Constabulary,-1.572063,54.873974,On or near Lombard Drive,E01020611,County Durham 007D,Anti-social behaviour,,
,2011-03,Durham Constabulary,Durham Constabulary,-1.564264,54.880371,On or near Ambleside Court,E01020611,County Durham 007D,Anti-social behaviour,,
,2011-03,Durham Constabulary,Durham Constabulary,-1.572063,54.873974,On or near Lombard Drive,E01020611,County Durham 007D,Anti-social behaviour,,
,2011-03,Durham Constabulary,Durham Constabulary,-1.572063,54.873974,On or near Lombard Drive,E01020611,County Durham 007D,Other crime,,
,2011-03,Durham Constabulary,Durham Constabulary,-1.573544,54.865055,On or near Highfield Crescent,E01020612,County Durham 007E,Anti-social behaviour,,
,2011-03,Durham Constabulary,Durham Constabulary,-1.575738,54.872738,On or near Queensmere,E01020612,County Durham 007E,Anti-social behaviour,,
,2011-03,Durham Constabulary,Durham Constabulary,-1.573306,54.865459,On or near Highfield Gardens,E01020612,County Durham 007E,Anti-social behaviour,,
,2011-03,Durham Constabulary,Durham Constabulary,-1.575738,54.872738,On or near Queensmere,E01020612,County Durham 007E,Anti-social behaviour,,
,2011-03,Durham Constabulary,Durham Constabulary,-1.567359,54.863551,On or near Shields Road,E01020612,County Durham 007E,Burglary,,
,2011-03,Durham Constabulary,Durham Constabulary,-1.566966,54.865302,On or near Cherry Banks,E01020612,County Durham 007E,Violent crime,,
,2011-03,Durham Constabulary,Durham Constabulary,-1.686726,54.863962,On or near Durham Road,E01020647,County Durham 008A,Anti-social behaviour,,
,2011-03,Durham Constabulary,Durham Constabulary,-1.682195,54.861641,On or near Austen Place,E01020647,County Durham 008A,Anti-social behaviour,,
,2011-03,Durham Constabulary,Durham Constabulary,-1.678375,54.863949,On or near Cookson Place,E01020647,County Durham 008A,Anti-social behaviour,,
,2011-03,Durham Constabulary,Durham Constabulary,-1.682195,54.861641,On or near Austen Place,E01020647,County Durham 008A,Anti-social behaviour,,
,2011-03,Durham Constabulary,Durham Constabulary,-1.683802,54.863307,On or near Ladysmith Court,E01020647,County Durham 008A,Anti-social behaviour,,
,2011-03,Durham Constabulary,Durham Constabulary,-1.688304,54.865449,On or near Engels Terrace,E01020647,County Durham 008A,Anti-social behaviour,,
,2011-03,Durham Constabulary,Durham Constabulary,-1.683802,54.863307,On or near Ladysmith Court,E01020647,County Durham 008A,Anti-social behaviour,,
,2011-03,Durham Constabulary,Durham Constabulary,-1.682195,54.861641,On or near Austen Place,E01020647,County Durham 008A,Anti-social behaviour,,
,2011-03,Durham Constabulary,Durham Constabulary,-1.686726,54.863962,On or near Durham Road,E01020647,County Durham 008A,Anti-social behaviour,,
,2011-03,Durham Constabulary,Durham Constabulary,-1.686107,54.865416,On or near Cotswold Terrace,E01020647,County Durham 008A,Anti-social behaviour,,
,2011-03,Durham Constabulary,Durham Constabulary,-1.688304,54.865449,On or near Engels Terrace,E01020647,County Durham 008A,Anti-social behaviour,,
,2011-03,Durham Constabulary,Durham Constabulary,-1.681004,54.868377,On or near Mowlam Drive,E01020647,County Durham 008A,Anti-social behaviour,,
,2011-03,Durham Constabulary,Durham Constabulary,-1.681118,54.863867,On or near Fonteyn Place,E01020647,County Durham 008A,Anti-social behaviour,,
,2011-03,Durham Constabulary,Durham Constabulary,-1.686726,54.863962,On or near Durham Road,E01020647,County Durham 008A,Anti-social behaviour,,
,2011-03,Durham Constabulary,Durham Constabulary,-1.684058,54.864494,On or near Malvern Terrace,E01020647,County Durham 008A,Violent crime,,
,2011-03,Durham Constabulary,Durham Constabulary,-1.684058,54.864494,On or near Malvern Terrace,E01020647,County Durham 008A,Violent crime,,
,2011-03,Durham Constabulary,Durham Constabulary,-1.684058,54.864494,On or near Malvern Terrace,E01020647,County Durham 008A,Violent crime,,
,2011-03,Durham Constabulary,Durham Constabulary,-1.688304,54.865449,On or near Engels Terrace,E01020647,County Durham 008A,Other crime,,
,2011-03,Durham Constabulary,Durham Constabulary,-1.683802,54.863307,On or near Ladysmith Court,E01020647,County Durham 008A,Other crime,,
,2011-03,Durham Constabulary,Durham Constabulary,-1.678565,54.855790,On or near Oak Terrace,E01020648,County Durham 008B,Anti-social behaviour,,
,2011-03,Durham Constabulary,Durham Constabulary,-1.677079,54.858509,On or near Cloverhill Court,E01020648,County Durham 008B,Anti-social behaviour,,
,2011-03,Durham Constabulary,Durham Constabulary,-1.679187,54.861732,On or near Bronte Place,E01020648,County Durham 008B,Anti-social behaviour,,
,2011-03,Durham Constabulary,Durham Constabulary,-1.696581,54.860707,On or near Hustledown Gardens,E01020648,County Durham 008B,Anti-social behaviour,,
,2011-03,Durham Constabulary,Durham Constabulary,-1.698131,54.861744,On or near Orwell Gardens,E01020648,County Durham 008B,Anti-social behaviour,,
,2011-03,Durham Constabulary,Durham Constabulary,-1.678565,54.855790,On or near Oak Terrace,E01020648,County Durham 008B,Anti-social behaviour,,
,2011-03,Durham Constabulary,Durham Constabulary,-1.700008,54.860787,On or near Coquet Gardens,E01020648,County Durham 008B,Anti-social behaviour,,
,2011-03,Durham Constabulary,Durham Constabulary,-1.678565,54.855790,On or near Oak Terrace,E01020648,County Durham 008B,Anti-social behaviour,,
,2011-03,Durham Constabulary,Durham Constabulary,-1.696581,54.860707,On or near Hustledown Gardens,E01020648,County Durham 008B,Anti-social behaviour,,
,2011-03,Durham Constabulary,Durham Constabulary,-1.679187,54.861732,On or near Bronte Place,E01020648,County Durham 008B,Anti-social behaviour,,
,2011-03,Durham Constabulary,Durham Constabulary,-1.702524,54.861737,On or near Medway Gardens,E01020648,County Durham 008B,Anti-social behaviour,,
,2011-03,Durham Constabulary,Durham Constabulary,-1.696581,54.860707,On or near Hustledown Gardens,E01020648,County Durham 008B,Anti-social behaviour,,
,2011-03,Durham Constabulary,Durham Constabulary,-1.698131,54.861744,On or near Orwell Gardens,E01020648,County Durham 008B,Anti-social behaviour,,
,2011-03,Durham Constabulary,Durham Constabulary,-1.678913,54.855081,On or near Palm Terrace,E01020648,County Durham 008B,Anti-social behaviour,,
,2011-03,Durham Constabulary,Durham Constabulary,-1.678565,54.855790,On or near Oak Terrace,E01020648,County Durham 008B,Anti-social behaviour,,
,2011-03,Durham Constabulary,Durham Constabulary,-1.696581,54.860707,On or near Hustledown Gardens,E01020648,County Durham 008B,Anti-social behaviour,,
,2011-03,Durham Constabulary,Durham Constabulary,-1.678565,54.855790,On or near Oak Terrace,E01020648,County Durham 008B,Anti-social behaviour,,
,2011-03,Durham Constabulary,Durham Constabulary,-1.677079,54.858509,On or near Cloverhill Court,E01020648,County Durham 008B,Anti-social behaviour,,
,2011-03,Durham Constabulary,Durham Constabulary,-1.678565,54.855790,On or near Oak Terrace,E01020648,County Durham 008B,Anti-social behaviour,,
,2011-03,Durham Constabulary,Durham Constabulary,-1.702524,54.861737,On or near Medway Gardens,E01020648,County Durham 008B,Anti-social behaviour,,
,2011-03,Durham Constabulary,Durham Constabulary,-1.698131,54.861744,On or near Orwell Gardens,E01020648,County Durham 008B,Anti-social behaviour,,
,2011-03,Durham Constabulary,Durham Constabulary,-1.678913,54.855081,On or near Palm Terrace,E01020648,County Durham 008B,Anti-social behaviour,,
,2011-03,Durham Constabulary,Durham Constabulary,-1.677079,54.858509,On or near Cloverhill Court,E01020648,County Durham 008B,Anti-social behaviour,,
,2011-03,Durham Constabulary,Durham Constabulary,-1.696581,54.860707,On or near Hustledown Gardens,E01020648,County Durham 008B,Anti-social behaviour,,
,2011-03,Durham Constabulary,Durham Constabulary,-1.698131,54.861744,On or near Orwell Gardens,E01020648,County Durham 008B,Anti-social behaviour,,
,2011-03,Durham Constabulary,Durham Constabulary,-1.678565,54.855790,On or near Oak Terrace,E01020648,County Durham 008B,Anti-social behaviour,,
,2011-03,Durham Constabulary,Durham Constabulary,-1.698131,54.861744,On or near Orwell Gardens,E01020648,County Durham 008B,Anti-social behaviour,,
,2011-03,Durham Constabulary,Durham Constabulary,-1.696581,54.860707,On or near Hustledown Gardens,E01020648,County Durham 008B,Anti-social behaviour,,
,2011-03,Durham Constabulary,Durham Constabulary,-1.698131,54.861744,On or near Orwell Gardens,E01020648,County Durham 008B,Anti-social behaviour,,
,2011-03,Durham Constabulary,Durham Constabulary,-1.698131,54.861744,On or near Orwell Gardens,E01020648,County Durham 008B,Burglary,,
,2011-03,Durham Constabulary,Durham Constabulary,-1.678565,54.855790,On or near Oak Terrace,E01020648,County Durham 008B,Burglary,,
,2011-03,Durham Constabulary,Durham Constabulary,-1.678913,54.855081,On or near Palm Terrace,E01020648,County Durham 008B,Robbery,,
,2011-03,Durham Constabulary,Durham Constabulary,-1.698131,54.861744,On or near Orwell Gardens,E01020648,County Durham 008B,Vehicle crime,,
,2011-03,Durham Constabulary,Durham Constabulary,-1.678565,54.855790,On or near Oak Terrace,E01020648,County Durham 008B,Violent crime,,
,2011-03,Durham Constabulary,Durham Constabulary,-1.696581,54.860707,On or near Hustledown Gardens,E01020648,County Durham 008B,Violent crime,,
,2011-03,Durham Constabulary,Durham Constabulary,-1.680565,54.855023,On or near Hazel Terrace,E01020648,County Durham 008B,Violent crime,,
,2011-03,Durham Constabulary,Durham Constabulary,-1.693338,54.861130,On or near Hollyhill Gardens West,E01020648,County Durham 008B,Violent crime,,
,2011-03,Durham Constabulary,Durham Constabulary,-1.678565,54.855790,On or near Oak Terrace,E01020648,County Durham 008B,Violent crime,,
,2011-03,Durham Constabulary,Durham Constabulary,-1.696581,54.860707,On or near Hustledown Gardens,E01020648,County Durham 008B,Other crime,,
,2011-03,Durham Constabulary,Durham Constabulary,-1.698131,54.861744,On or near Orwell Gardens,E01020648,County Durham 008B,Other crime,,
,2011-03,Durham Constabulary,Durham Constabulary,-1.700008,54.860787,On or near Coquet Gardens,E01020648,County Durham 008B,Other crime,,
,2011-03,Durham Constabulary,Durham Constabulary,-1.677079,54.858509,On or near Cloverhill Court,E01020648,County Durham 008B,Other crime,,
,2011-03,Durham Constabulary,Durham Constabulary,-1.678565,54.855790,On or near Oak Terrace,E01020648,County Durham 008B,Other crime,,
,2011-03,Durham Constabulary,Durham Constabulary,-1.667471,54.852417,On or near William Street,E01020649,County Durham 008C,Anti-social behaviour,,
,2011-03,Durham Constabulary,Durham Constabulary,-1.674872,54.857892,On or near Woodside Gardens,E01020649,County Durham 008C,Anti-social behaviour,,
,2011-03,Durham Constabulary,Durham Constabulary,-1.674872,54.857892,On or near Woodside Gardens,E01020649,County Durham 008C,Anti-social behaviour,,
,2011-03,Durham Constabulary,Durham Constabulary,-1.674872,54.857892,On or near Woodside Gardens,E01020649,County Durham 008C,Anti-social behaviour,,
,2011-03,Durham Constabulary,Durham Constabulary,-1.668844,54.852115,On or near Edward Street,E01020649,County Durham 008C,Anti-social behaviour,,
,2011-03,Durham Constabulary,Durham Constabulary,-1.669756,54.851058,On or near Railway Street,E01020649,County Durham 008C,Anti-social behaviour,,
,2011-03,Durham Constabulary,Durham Constabulary,-1.674872,54.857892,On or near Woodside Gardens,E01020649,County Durham 008C,Anti-social behaviour,,
,2011-03,Durham Constabulary,Durham Constabulary,-1.669756,54.851058,On or near Railway Street,E01020649,County Durham 008C,Anti-social behaviour,,
,2011-03,Durham Constabulary,Durham Constabulary,-1.668844,54.852115,On or near Edward Street,E01020649,County Durham 008C,Anti-social behaviour,,
,2011-03,Durham Constabulary,Durham Constabulary,-1.674872,54.857892,On or near Woodside Gardens,E01020649,County Durham 008C,Anti-social behaviour,,
,2011-03,Durham Constabulary,Durham Constabulary,-1.670345,54.851356,On or near Wylam Street,E01020649,County Durham 008C,Anti-social behaviour,,
,2011-03,Durham Constabulary,Durham Constabulary,-1.665455,54.853283,On or near Oswald Street,E01020649,County Durham 008C,Anti-social behaviour,,
,2011-03,Durham Constabulary,Durham Constabulary,-1.670345,54.851356,On or near Wylam Street,E01020649,County Durham 008C,Anti-social behaviour,,
,2011-03,Durham Constabulary,Durham Constabulary,-1.673641,54.850169,On or near Ousterley Terrace,E01020649,County Durham 008C,Anti-social behaviour,,
,2011-03,Durham Constabulary,Durham Constabulary,-1.668844,54.852115,On or near Edward Street,E01020649,County Durham 008C,Burglary,,
,2011-03,Durham Constabulary,Durham Constabulary,-1.666280,54.853268,On or near Thomas Street,E01020649,County Durham 008C,Burglary,,
,2011-03,Durham Constabulary,Durham Constabulary,-1.669756,54.851058,On or near Railway Street,E01020649,County Durham 008C,Burglary,,
,2011-03,Durham Constabulary,Durham Constabulary,-1.674872,54.857892,On or near Woodside Gardens,E01020649,County Durham 008C,Violent crime,,
,2011-03,Durham Constabulary,Durham Constabulary,-1.673641,54.850169,On or near Ousterley Terrace,E01020649,County Durham 008C,Violent crime,,
,2011-03,Durham Constabulary,Durham Constabulary,-1.668844,54.852115,On or near Edward Street,E01020649,County Durham 008C,Violent crime,,
,2011-03,Durham Constabulary,Durham Constabulary,-1.669756,54.851058,On or near Railway Street,E01020649,County Durham 008C,Violent crime,,
,2011-03,Durham Constabulary,Durham Constabulary,-1.669036,54.853437,On or near Front Street,E01020649,County Durham 008C,Other crime,,
,2011-03,Durham Constabulary,Durham Constabulary,-1.665455,54.853283,On or near Oswald Street,E01020649,County Durham 008C,Other crime,,
,2011-03,Durham Constabulary,Durham Constabulary,-1.669036,54.853437,On or near Front Street,E01020649,County Durham 008C,Other crime,,
,2011-03,Durham Constabulary,Durham Constabulary,-1.699481,54.866726,On or near Spen Street,E01020673,County Durham 008D,Anti-social behaviour,,
,2011-03,Durham Constabulary,Durham Constabulary,-1.687402,54.863101,On or near Hollyhill Gardens East,E01020673,County Durham 008D,Anti-social behaviour,,
,2011-03,Durham Constabulary,Durham Constabulary,-1.699481,54.866726,On or near Spen Street,E01020673,County Durham 008D,Anti-social behaviour,,
,2011-03,Durham Constabulary,Durham Constabulary,-1.698189,54.866480,On or near Tyne Road,E01020673,County Durham 008D,Anti-social behaviour,,
,2011-03,Durham Constabulary,Durham Constabulary,-1.691641,54.862923,On or near Lenin Terrace,E01020673,County Durham 008D,Anti-social behaviour,,
,2011-03,Durham Constabulary,Durham Constabulary,-1.698189,54.866480,On or near Tyne Road,E01020673,County Durham 008D,Anti-social behaviour,,
,2011-03,Durham Constabulary,Durham Constabulary,-1.687402,54.863101,On or near Hollyhill Gardens East,E01020673,County Durham 008D,Anti-social behaviour,,
,2011-03,Durham Constabulary,Durham Constabulary,-1.698189,54.866480,On or near Tyne Road,E01020673,County Durham 008D,Anti-social behaviour,,
,2011-03,Durham Constabulary,Durham Constabulary,-1.687402,54.863101,On or near Hollyhill Gardens East,E01020673,County Durham 008D,Anti-social behaviour,,
,2011-03,Durham Constabulary,Durham Constabulary,-1.687402,54.863101,On or near Hollyhill Gardens East,E01020673,County Durham 008D,Anti-social behaviour,,
,2011-03,Durham Constabulary,Durham Constabulary,-1.698189,54.866480,On or near Tyne Road,E01020673,County Durham 008D,Anti-social behaviour,,
,2011-03,Durham Constabulary,Durham Constabulary,-1.698189,54.866480,On or near Tyne Road,E01020673,County Durham 008D,Anti-social behaviour,,
,2011-03,Durham Constabulary,Durham Constabulary,-1.693050,54.864086,On or near Avon Road,E01020673,County Durham 008D,Anti-social behaviour,,
,2011-03,Durham Constabulary,Durham Constabulary,-1.693050,54.864086,On or near Avon Road,E01020673,County Durham 008D,Anti-social behaviour,,
,2011-03,Durham Constabulary,Durham Constabulary,-1.697647,54.863936,On or near Tyne Road East,E01020673,County Durham 008D,Anti-social behaviour,,
,2011-03,Durham Constabulary,Durham Constabulary,-1.695999,54.865567,On or near Wansbeck Avenue,E01020673,County Durham 008D,Anti-social behaviour,,
,2011-03,Durham Constabulary,Durham Constabulary,-1.687402,54.863101,On or near Hollyhill Gardens East,E01020673,County Durham 008D,Anti-social behaviour,,
,2011-03,Durham Constabulary,Durham Constabulary,-1.697647,54.863936,On or near Tyne Road East,E01020673,County Durham 008D,Anti-social behaviour,,
,2011-03,Durham Constabulary,Durham Constabulary,-1.693050,54.864086,On or near Avon Road,E01020673,County Durham 008D,Anti-social behaviour,,
,2011-03,Durham Constabulary,Durham Constabulary,-1.687402,54.863101,On or near Hollyhill Gardens East,E01020673,County Durham 008D,Anti-social behaviour,,
,2011-03,Durham Constabulary,Durham Constabulary,-1.697647,54.863936,On or near Tyne Road East,E01020673,County Durham 008D,Anti-social behaviour,,
,2011-03,Durham Constabulary,Durham Constabulary,-1.687402,54.863101,On or near Hollyhill Gardens East,E01020673,County Durham 008D,Anti-social behaviour,,
,2011-03,Durham Constabulary,Durham Constabulary,-1.698899,54.865323,On or near Joseph Street,E01020673,County Durham 008D,Anti-social behaviour,,
,2011-03,Durham Constabulary,Durham Constabulary,-1.694589,54.862544,On or near Keir Hardie Avenue,E01020673,County Durham 008D,Anti-social behaviour,,
,2011-03,Durham Constabulary,Durham Constabulary,-1.698189,54.866480,On or near Tyne Road,E01020673,County Durham 008D,Anti-social behaviour,,
,2011-03,Durham Constabulary,Durham Constabulary,-1.693050,54.864086,On or near Avon Road,E01020673,County Durham 008D,Anti-social behaviour,,
,2011-03,Durham Constabulary,Durham Constabulary,-1.693050,54.864086,On or near Avon Road,E01020673,County Durham 008D,Anti-social behaviour,,
,2011-03,Durham Constabulary,Durham Constabulary,-1.699547,54.866214,On or near Smailes Street,E01020673,County Durham 008D,Vehicle crime,,
,2011-03,Durham Constabulary,Durham Constabulary,-1.687402,54.863101,On or near Hollyhill Gardens East,E01020673,County Durham 008D,Violent crime,,
,2011-03,Durham Constabulary,Durham Constabulary,-1.698189,54.866480,On or near Tyne Road,E01020673,County Durham 008D,Other crime,,
,2011-03,Durham Constabulary,Durham Constabulary,-1.695999,54.865567,On or near Wansbeck Avenue,E01020673,County Durham 008D,Other crime,,
,2011-03,Durham Constabulary,Durham Constabulary,-1.698189,54.866480,On or near Tyne Road,E01020673,County Durham 008D,Other crime,,
,2011-03,Durham Constabulary,Durham Constabulary,-1.691641,54.862923,On or near Lenin Terrace,E01020673,County Durham 008D,Other crime,,
,2011-03,Durham Constabulary,Durham Constabulary,-1.697647,54.863936,On or near Tyne Road East,E01020673,County Durham 008D,Other crime,,
,2011-03,Durham Constabulary,Durham Constabulary,-1.688867,54.869108,On or near Burns Close,E01020675,County Durham 008E,Anti-social behaviour,,
,2011-03,Durham Constabulary,Durham Constabulary,-1.694496,54.866516,On or near Wear Road,E01020675,County Durham 008E,Anti-social behaviour,,
,2011-03,Durham Constabulary,Durham Constabulary,-1.693092,54.866809,On or near Gainsborough Road,E01020675,County Durham 008E,Anti-social behaviour,,
,2011-03,Durham Constabulary,Durham Constabulary,-1.696961,54.866127,On or near Tyne Vale,E01020675,County Durham 008E,Anti-social behaviour,,
,2011-03,Durham Constabulary,Durham Constabulary,-1.692370,54.867499,On or near Constable Close,E01020675,County Durham 008E,Anti-social behaviour,,
,2011-03,Durham Constabulary,Durham Constabulary,-1.692370,54.867499,On or near Constable Close,E01020675,County Durham 008E,Anti-social behaviour,,
,2011-03,Durham Constabulary,Durham Constabulary,-1.686351,54.870108,On or near Arnold Close,E01020675,County Durham 008E,Anti-social behaviour,,
,2011-03,Durham Constabulary,Durham Constabulary,-1.693345,54.868355,On or near Reynolds Close,E01020675,County Durham 008E,Anti-social behaviour,,
,2011-03,Durham Constabulary,Durham Constabulary,-1.694489,54.867495,On or near Landseer Close,E01020675,County Durham 008E,Anti-social behaviour,,
,2011-03,Durham Constabulary,Durham Constabulary,-1.692370,54.867499,On or near Constable Close,E01020675,County Durham 008E,Anti-social behaviour,,
,2011-03,Durham Constabulary,Durham Constabulary,-1.692370,54.867499,On or near Constable Close,E01020675,County Durham 008E,Anti-social behaviour,,
,2011-03,Durham Constabulary,Durham Constabulary,-1.693092,54.866809,On or near Gainsborough Road,E01020675,County Durham 008E,Anti-social behaviour,,
,2011-03,Durham Constabulary,Durham Constabulary,-1.686181,54.869883,On or near Chaucer Close,E01020675,County Durham 008E,Vehicle crime,,
,2011-03,Durham Constabulary,Durham Constabulary,-1.696961,54.866127,On or near Tyne Vale,E01020675,County Durham 008E,Vehicle crime,,
,2011-03,Durham Constabulary,Durham Constabulary,-1.693092,54.866809,On or near Gainsborough Road,E01020675,County Durham 008E,Violent crime,,
,2011-03,Durham Constabulary,Durham Constabulary,-1.684896,54.868927,On or near Keats Close,E01020675,County Durham 008E,Other crime,,
,2011-03,Durham Constabulary,Durham Constabulary,-1.696961,54.866127,On or near Tyne Vale,E01020675,County Durham 008E,Other crime,,
,2011-03,Durham Constabulary,Durham Constabulary,-1.694489,54.867495,On or near Landseer Close,E01020675,County Durham 008E,Other crime,,
,2011-03,Durham Constabulary,Durham Constabulary,-1.694489,54.867495,On or near Landseer Close,E01020675,County Durham 008E,Other crime,,
,2011-03,Durham Constabulary,Durham Constabulary,-1.693092,54.866809,On or near Gainsborough Road,E01020675,County Durham 008E,Other crime,,
,2011-03,Durham Constabulary,Durham Constabulary,-1.694489,54.867495,On or near Landseer Close,E01020675,County Durham 008E,Other crime,,
,2011-03,Durham Constabulary,Durham Constabulary,-1.723370,54.859315,On or near Stanleyburn View,E01020624,County Durham 009A,Anti-social behaviour,,
,2011-03,Durham Constabulary,Durham Constabulary,-1.726127,54.859339,On or near Meldon Way,E01020624,County Durham 009A,Anti-social behaviour,,
,2011-03,Durham Constabulary,Durham Constabulary,-1.723370,54.859315,On or near Stanleyburn View,E01020624,County Durham 009A,Anti-social behaviour,,
,2011-03,Durham Constabulary,Durham Constabulary,-1.726127,54.859339,On or near Meldon Way,E01020624,County Durham 009A,Anti-social behaviour,,
,2011-03,Durham Constabulary,Durham Constabulary,-1.723370,54.859315,On or near Stanleyburn View,E01020624,County Durham 009A,Anti-social behaviour,,
,2011-03,Durham Constabulary,Durham Constabulary,-1.726127,54.859339,On or near Meldon Way,E01020624,County Durham 009A,Anti-social behaviour,,
,2011-03,Durham Constabulary,Durham Constabulary,-1.723370,54.859315,On or near Stanleyburn View,E01020624,County Durham 009A,Anti-social behaviour,,
,2011-03,Durham Constabulary,Durham Constabulary,-1.723370,54.859315,On or near Stanleyburn View,E01020624,County Durham 009A,Anti-social behaviour,,
,2011-03,Durham Constabulary,Durham Constabulary,-1.726127,54.859339,On or near Meldon Way,E01020624,County Durham 009A,Burglary,,
,2011-03,Durham Constabulary,Durham Constabulary,-1.733116,54.857854,On or near William Street,E01020624,County Durham 009A,Burglary,,
,2011-03,Durham Constabulary,Durham Constabulary,-1.723370,54.859315,On or near Stanleyburn View,E01020624,County Durham 009A,Vehicle crime,,
,2011-03,Durham Constabulary,Durham Constabulary,-1.723370,54.859315,On or near Stanleyburn View,E01020624,County Durham 009A,Vehicle crime,,
,2011-03,Durham Constabulary,Durham Constabulary,-1.726127,54.859339,On or near Meldon Way,E01020624,County Durham 009A,Violent crime,,
,2011-03,Durham Constabulary,Durham Constabulary,-1.723370,54.859315,On or near Stanleyburn View,E01020624,County Durham 009A,Violent crime,,
,2011-03,Durham Constabulary,Durham Constabulary,-1.733903,54.856553,On or near Durham Road,E01020624,County Durham 009A,Violent crime,,
,2011-03,Durham Constabulary,Durham Constabulary,-1.726127,54.859339,On or near Meldon Way,E01020624,County Durham 009A,Other crime,,
,2011-03,Durham Constabulary,Durham Constabulary,-1.723370,54.859315,On or near Stanleyburn View,E01020624,County Durham 009A,Other crime,,
,2011-03,Durham Constabulary,Durham Constabulary,-1.726127,54.859339,On or near Meldon Way,E01020624,County Durham 009A,Other crime,,
,2011-03,Durham Constabulary,Durham Constabulary,-1.726127,54.859339,On or near Meldon Way,E01020624,County Durham 009A,Other crime,,
,2011-03,Durham Constabulary,Durham Constabulary,-1.726127,54.859339,On or near Meldon Way,E01020624,County Durham 009A,Other crime,,
,2011-03,Durham Constabulary,Durham Constabulary,-1.738758,54.859772,On or near New Front Street,E01020625,County Durham 009B,Anti-social behaviour,,
,2011-03,Durham Constabulary,Durham Constabulary,-1.734287,54.857371,On or near Railway Street,E01020625,County Durham 009B,Anti-social behaviour,,
,2011-03,Durham Constabulary,Durham Constabulary,-1.743499,54.846563,On or near Tower Road,E01020625,County Durham 009B,Anti-social behaviour,,
,2011-03,Durham Constabulary,Durham Constabulary,-1.750050,54.854997,On or near The Avenue,E01020625,County Durham 009B,Anti-social behaviour,,
,2011-03,Durham Constabulary,Durham Constabulary,-1.734287,54.857371,On or near Railway Street,E01020625,County Durham 009B,Anti-social behaviour,,
,2011-03,Durham Constabulary,Durham Constabulary,-1.734287,54.857371,On or near Railway Street,E01020625,County Durham 009B,Anti-social behaviour,,
,2011-03,Durham Constabulary,Durham Constabulary,-1.734287,54.857371,On or near Railway Street,E01020625,County Durham 009B,Anti-social behaviour,,
,2011-03,Durham Constabulary,Durham Constabulary,-1.735417,54.858533,On or near Mitchell Street,E01020625,County Durham 009B,Anti-social behaviour,,
,2011-03,Durham Constabulary,Durham Constabulary,-1.750175,54.857423,On or near Croft Close,E01020625,County Durham 009B,Anti-social behaviour,,
,2011-03,Durham Constabulary,Durham Constabulary,-1.750050,54.854997,On or near The Avenue,E01020625,County Durham 009B,Anti-social behaviour,,
,2011-03,Durham Constabulary,Durham Constabulary,-1.733579,54.856085,On or near New Durham Road,E01020625,County Durham 009B,Vehicle crime,,
,2011-03,Durham Constabulary,Durham Constabulary,-1.738758,54.859772,On or near New Front Street,E01020625,County Durham 009B,Violent crime,,
,2011-03,Durham Constabulary,Durham Constabulary,-1.734287,54.857371,On or near Railway Street,E01020625,County Durham 009B,Violent crime,,
,2011-03,Durham Constabulary,Durham Constabulary,-1.733579,54.856085,On or near New Durham Road,E01020625,County Durham 009B,Other crime,,
,2011-03,Durham Constabulary,Durham Constabulary,-1.743499,54.846563,On or near Tower Road,E01020625,County Durham 009B,Other crime,,
,2011-03,Durham Constabulary,Durham Constabulary,-1.734287,54.857371,On or near Railway Street,E01020625,County Durham 009B,Other crime,,
,2011-03,Durham Constabulary,Durham Constabulary,-1.738758,54.859772,On or near New Front Street,E01020625,County Durham 009B,Other crime,,
,2011-03,Durham Constabulary,Durham Constabulary,-1.750050,54.854997,On or near The Avenue,E01020625,County Durham 009B,Other crime,,
,2011-03,Durham Constabulary,Durham Constabulary,-1.706957,54.867050,On or near Coniscliffe Road,E01020670,County Durham 009C,Anti-social behaviour,,
,2011-03,Durham Constabulary,Durham Constabulary,-1.708059,54.865417,On or near Palmer Street,E01020670,County Durham 009C,Anti-social behaviour,,
,2011-03,Durham Constabulary,Durham Constabulary,-1.702111,54.864935,On or near Eastfields,E01020670,County Durham 009C,Anti-social behaviour,,
,2011-03,Durham Constabulary,Durham Constabulary,-1.696459,54.860347,On or near Thames Crescent,E01020670,County Durham 009C,Anti-social behaviour,,
,2011-03,Durham Constabulary,Durham Constabulary,-1.708059,54.865417,On or near Palmer Street,E01020670,County Durham 009C,Anti-social behaviour,,
,2011-03,Durham Constabulary,Durham Constabulary,-1.702111,54.864935,On or near Eastfields,E01020670,County Durham 009C,Anti-social behaviour,,
,2011-03,Durham Constabulary,Durham Constabulary,-1.706149,54.864631,On or near Standish Street,E01020670,County Durham 009C,Burglary,,
,2011-03,Durham Constabulary,Durham Constabulary,-1.704457,54.865894,On or near Westfields,E01020670,County Durham 009C,Vehicle crime,,
,2011-03,Durham Constabulary,Durham Constabulary,-1.706957,54.867050,On or near Coniscliffe Road,E01020670,County Durham 009C,Violent crime,,
,2011-03,Durham Constabulary,Durham Constabulary,-1.696459,54.860347,On or near Thames Crescent,E01020670,County Durham 009C,Other crime,,
,2011-03,Durham Constabulary,Durham Constabulary,-1.696459,54.860347,On or near Thames Crescent,E01020670,County Durham 009C,Other crime,,
,2011-03,Durham Constabulary,Durham Constabulary,-1.706957,54.867050,On or near Coniscliffe Road,E01020670,County Durham 009C,Other crime,,
,2011-03,Durham Constabulary,Durham Constabulary,-1.708521,54.859694,On or near Pine Street,E01020671,County Durham 009D,Anti-social behaviour,,
,2011-03,Durham Constabulary,Durham Constabulary,-1.705355,54.862382,On or near Moore Street,E01020671,County Durham 009D,Anti-social behaviour,,
,2011-03,Durham Constabulary,Durham Constabulary,-1.709642,54.862060,On or near Keswick Road,E01020671,County Durham 009D,Anti-social behaviour,,
,2011-03,Durham Constabulary,Durham Constabulary,-1.705891,54.861494,On or near Park Road,E01020671,County Durham 009D,Anti-social behaviour,,
,2011-03,Durham Constabulary,Durham Constabulary,-1.709251,54.860001,On or near Mitchell Street,E01020671,County Durham 009D,Anti-social behaviour,,
,2011-03,Durham Constabulary,Durham Constabulary,-1.705355,54.862382,On or near Moore Street,E01020671,County Durham 009D,Anti-social behaviour,,
,2011-03,Durham Constabulary,Durham Constabulary,-1.709251,54.860001,On or near Mitchell Street,E01020671,County Durham 009D,Anti-social behaviour,,
,2011-03,Durham Constabulary,Durham Constabulary,-1.709251,54.860001,On or near Mitchell Street,E01020671,County Durham 009D,Anti-social behaviour,,
,2011-03,Durham Constabulary,Durham Constabulary,-1.705891,54.861494,On or near Park Road,E01020671,County Durham 009D,Anti-social behaviour,,
,2011-03,Durham Constabulary,Durham Constabulary,-1.705355,54.862382,On or near Moore Street,E01020671,County Durham 009D,Anti-social behaviour,,
,2011-03,Durham Constabulary,Durham Constabulary,-1.709251,54.860001,On or near Mitchell Street,E01020671,County Durham 009D,Anti-social behaviour,,
,2011-03,Durham Constabulary,Durham Constabulary,-1.709113,54.859794,On or near Pine View,E01020671,County Durham 009D,Anti-social behaviour,,
,2011-03,Durham Constabulary,Durham Constabulary,-1.705355,54.862382,On or near Moore Street,E01020671,County Durham 009D,Anti-social behaviour,,
,2011-03,Durham Constabulary,Durham Constabulary,-1.705675,54.863335,On or near Bircham Street,E01020671,County Durham 009D,Anti-social behaviour,,
,2011-03,Durham Constabulary,Durham Constabulary,-1.705355,54.862382,On or near Moore Street,E01020671,County Durham 009D,Anti-social behaviour,,
,2011-03,Durham Constabulary,Durham Constabulary,-1.708521,54.859694,On or near Pine Street,E01020671,County Durham 009D,Burglary,,
,2011-03,Durham Constabulary,Durham Constabulary,-1.707114,54.860418,On or near John Street,E01020671,County Durham 009D,Burglary,,
,2011-03,Durham Constabulary,Durham Constabulary,-1.709113,54.859794,On or near Pine View,E01020671,County Durham 009D,Burglary,,
,2011-03,Durham Constabulary,Durham Constabulary,-1.705891,54.861494,On or near Park Road,E01020671,County Durham 009D,Violent crime,,
,2011-03,Durham Constabulary,Durham Constabulary,-1.705891,54.861494,On or near Park Road,E01020671,County Durham 009D,Violent crime,,
,2011-03,Durham Constabulary,Durham Constabulary,-1.705355,54.862382,On or near Moore Street,E01020671,County Durham 009D,Violent crime,,
,2011-03,Durham Constabulary,Durham Constabulary,-1.709251,54.860001,On or near Mitchell Street,E01020671,County Durham 009D,Other crime,,
,2011-03,Durham Constabulary,Durham Constabulary,-1.709251,54.860001,On or near Mitchell Street,E01020671,County Durham 009D,Other crime,,
,2011-03,Durham Constabulary,Durham Constabulary,-1.707724,54.864410,On or near King Terrace,E01020671,County Durham 009D,Other crime,,
,2011-03,Durham Constabulary,Durham Constabulary,-1.708521,54.859694,On or near Pine Street,E01020671,County Durham 009D,Other crime,,
,2011-03,Durham Constabulary,Durham Constabulary,-1.707604,54.859512,On or near Poplar Street,E01020672,County Durham 009E,Anti-social behaviour,,
,2011-03,Durham Constabulary,Durham Constabulary,-1.704953,54.853485,On or near Greenhills,E01020672,County Durham 009E,Anti-social behaviour,,
,2011-03,Durham Constabulary,Durham Constabulary,-1.704484,54.860106,On or near Parmeter Street,E01020672,County Durham 009E,Anti-social behaviour,,
,2011-03,Durham Constabulary,Durham Constabulary,-1.707435,54.859116,On or near Elm Street,E01020672,County Durham 009E,Anti-social behaviour,,
,2011-03,Durham Constabulary,Durham Constabulary,-1.704953,54.853485,On or near Greenhills,E01020672,County Durham 009E,Anti-social behaviour,,
,2011-03,Durham Constabulary,Durham Constabulary,-1.703487,54.860095,On or near Charlotte Street,E01020672,County Durham 009E,Anti-social behaviour,,
,2011-03,Durham Constabulary,Durham Constabulary,-1.704953,54.853485,On or near Greenhills,E01020672,County Durham 009E,Anti-social behaviour,,
,2011-03,Durham Constabulary,Durham Constabulary,-1.704484,54.860106,On or near Parmeter Street,E01020672,County Durham 009E,Anti-social behaviour,,
,2011-03,Durham Constabulary,Durham Constabulary,-1.704953,54.853485,On or near Greenhills,E01020672,County Durham 009E,Anti-social behaviour,,
,2011-03,Durham Constabulary,Durham Constabulary,-1.704953,54.853485,On or near Greenhills,E01020672,County Durham 009E,Anti-social behaviour,,
,2011-03,Durham Constabulary,Durham Constabulary,-1.704953,54.853485,On or near Greenhills,E01020672,County Durham 009E,Anti-social behaviour,,
,2011-03,Durham Constabulary,Durham Constabulary,-1.703572,54.859080,On or near Holyoake,E01020672,County Durham 009E,Anti-social behaviour,,
,2011-03,Durham Constabulary,Durham Constabulary,-1.703487,54.860095,On or near Charlotte Street,E01020672,County Durham 009E,Anti-social behaviour,,
,2011-03,Durham Constabulary,Durham Constabulary,-1.707289,54.857768,On or near Beldon Drive,E01020672,County Durham 009E,Anti-social behaviour,,
,2011-03,Durham Constabulary,Durham Constabulary,-1.707435,54.859116,On or near Elm Street,E01020672,County Durham 009E,Anti-social behaviour,,
,2011-03,Durham Constabulary,Durham Constabulary,-1.704953,54.853485,On or near Greenhills,E01020672,County Durham 009E,Anti-social behaviour,,
,2011-03,Durham Constabulary,Durham Constabulary,-1.704484,54.860106,On or near Parmeter Street,E01020672,County Durham 009E,Burglary,,
,2011-03,Durham Constabulary,Durham Constabulary,-1.707604,54.859512,On or near Poplar Street,E01020672,County Durham 009E,Burglary,,
,2011-03,Durham Constabulary,Durham Constabulary,-1.707604,54.859512,On or near Poplar Street,E01020672,County Durham 009E,Burglary,,
,2011-03,Durham Constabulary,Durham Constabulary,-1.707435,54.859116,On or near Elm Street,E01020672,County Durham 009E,Violent crime,,
,2011-03,Durham Constabulary,Durham Constabulary,-1.704953,54.853485,On or near Greenhills,E01020672,County Durham 009E,Other crime,,
,2011-03,Durham Constabulary,Durham Constabulary,-1.704953,54.853485,On or near Greenhills,E01020672,County Durham 009E,Other crime,,
,2011-03,Durham Constabulary,Durham Constabulary,-1.704484,54.860106,On or near Parmeter Street,E01020672,County Durham 009E,Other crime,,
,2011-03,Durham Constabulary,Durham Constabulary,-1.704484,54.860106,On or near Parmeter Street,E01020672,County Durham 009E,Other crime,,
,2011-03,Durham Constabulary,Durham Constabulary,-1.702742,54.855393,On or near Muriel Street,E01020672,County Durham 009E,Other crime,,
,2011-03,Durham Constabulary,Durham Constabulary,-1.839253,54.867198,On or near Lytham Close,E01020632,County Durham 010A,Anti-social behaviour,,
,2011-03,Durham Constabulary,Durham Constabulary,-1.842367,54.859833,On or near Dixon Street,E01020632,County Durham 010A,Anti-social behaviour,,
,2011-03,Durham Constabulary,Durham Constabulary,-1.843226,54.859070,On or near Laburnum Avenue,E01020632,County Durham 010A,Anti-social behaviour,,
,2011-03,Durham Constabulary,Durham Constabulary,-1.841035,54.861620,On or near Redwood Court,E01020632,County Durham 010A,Anti-social behaviour,,
,2011-03,Durham Constabulary,Durham Constabulary,-1.842367,54.859833,On or near Dixon Street,E01020632,County Durham 010A,Anti-social behaviour,,
,2011-03,Durham Constabulary,Durham Constabulary,-1.845754,54.858094,On or near Bessemer Street,E01020632,County Durham 010A,Anti-social behaviour,,
,2011-03,Durham Constabulary,Durham Constabulary,-1.846791,54.859677,On or near St. Oswins Place,E01020632,County Durham 010A,Anti-social behaviour,,
,2011-03,Durham Constabulary,Durham Constabulary,-1.841035,54.861620,On or near Redwood Court,E01020632,County Durham 010A,Burglary,,
,2011-03,Durham Constabulary,Durham Constabulary,-1.846791,54.859677,On or near St. Oswins Place,E01020632,County Durham 010A,Burglary,,
,2011-03,Durham Constabulary,Durham Constabulary,-1.847251,54.861718,On or near Thomas Street,E01020632,County Durham 010A,Violent crime,,
,2011-03,Durham Constabulary,Durham Constabulary,-1.845754,54.858094,On or near Bessemer Street,E01020632,County Durham 010A,Other crime,,
,2011-03,Durham Constabulary,Durham Constabulary,-1.834186,54.845049,On or near The Chequers,E01020640,County Durham 010B,Anti-social behaviour,,
,2011-03,Durham Constabulary,Durham Constabulary,-1.832140,54.850312,On or near Palmerston Street,E01020640,County Durham 010B,Anti-social behaviour,,
,2011-03,Durham Constabulary,Durham Constabulary,-1.830186,54.852115,On or near Front Street,E01020640,County Durham 010B,Anti-social behaviour,,
,2011-03,Durham Constabulary,Durham Constabulary,-1.832140,54.850312,On or near Palmerston Street,E01020640,County Durham 010B,Anti-social behaviour,,
,2011-03,Durham Constabulary,Durham Constabulary,-1.830003,54.851118,On or near Seymour Street,E01020640,County Durham 010B,Anti-social behaviour,,
,2011-03,Durham Constabulary,Durham Constabulary,-1.832036,54.849143,On or near Temple Forge Mews,E01020640,County Durham 010B,Anti-social behaviour,,
,2011-03,Durham Constabulary,Durham Constabulary,-1.828016,54.849677,On or near Forster Street,E01020640,County Durham 010B,Anti-social behaviour,,
,2011-03,Durham Constabulary,Durham Constabulary,-1.832036,54.849143,On or near Temple Forge Mews,E01020640,County Durham 010B,Anti-social behaviour,,
,2011-03,Durham Constabulary,Durham Constabulary,-1.828016,54.849677,On or near Forster Street,E01020640,County Durham 010B,Anti-social behaviour,,
,2011-03,Durham Constabulary,Durham Constabulary,-1.832140,54.850312,On or near Palmerston Street,E01020640,County Durham 010B,Anti-social behaviour,,
,2011-03,Durham Constabulary,Durham Constabulary,-1.832140,54.850312,On or near Palmerston Street,E01020640,County Durham 010B,Anti-social behaviour,,
,2011-03,Durham Constabulary,Durham Constabulary,-1.834186,54.845049,On or near The Chequers,E01020640,County Durham 010B,Anti-social behaviour,,
,2011-03,Durham Constabulary,Durham Constabulary,-1.828898,54.850981,On or near East Parade,E01020640,County Durham 010B,Anti-social behaviour,,
,2011-03,Durham Constabulary,Durham Constabulary,-1.832140,54.850312,On or near Palmerston Street,E01020640,County Durham 010B,Anti-social behaviour,,
,2011-03,Durham Constabulary,Durham Constabulary,-1.830186,54.852115,On or near Front Street,E01020640,County Durham 010B,Anti-social behaviour,,
,2011-03,Durham Constabulary,Durham Constabulary,-1.832140,54.850312,On or near Palmerston Street,E01020640,County Durham 010B,Anti-social behaviour,,
,2011-03,Durham Constabulary,Durham Constabulary,-1.829145,54.851359,On or near Station Road,E01020640,County Durham 010B,Anti-social behaviour,,
,2011-03,Durham Constabulary,Durham Constabulary,-1.830710,54.845916,On or near Romaldkirk Close,E01020640,County Durham 010B,Anti-social behaviour,,
,2011-03,Durham Constabulary,Durham Constabulary,-1.822152,54.855114,On or near Rolling Mill,E01020640,County Durham 010B,Anti-social behaviour,,
,2011-03,Durham Constabulary,Durham Constabulary,-1.834186,54.845049,On or near The Chequers,E01020640,County Durham 010B,Anti-social behaviour,,
,2011-03,Durham Constabulary,Durham Constabulary,-1.832140,54.850312,On or near Palmerston Street,E01020640,County Durham 010B,Anti-social behaviour,,
,2011-03,Durham Constabulary,Durham Constabulary,-1.832140,54.850312,On or near Palmerston Street,E01020640,County Durham 010B,Anti-social behaviour,,
,2011-03,Durham Constabulary,Durham Constabulary,-1.830710,54.845916,On or near Romaldkirk Close,E01020640,County Durham 010B,Anti-social behaviour,,
,2011-03,Durham Constabulary,Durham Constabulary,-1.832140,54.850312,On or near Palmerston Street,E01020640,County Durham 010B,Anti-social behaviour,,
,2011-03,Durham Constabulary,Durham Constabulary,-1.832140,54.850312,On or near Palmerston Street,E01020640,County Durham 010B,Anti-social behaviour,,
,2011-03,Durham Constabulary,Durham Constabulary,-1.830628,54.850723,On or near Taylor Street,E01020640,County Durham 010B,Anti-social behaviour,,
,2011-03,Durham Constabulary,Durham Constabulary,-1.830186,54.852115,On or near Front Street,E01020640,County Durham 010B,Anti-social behaviour,,
,2011-03,Durham Constabulary,Durham Constabulary,-1.830186,54.852115,On or near Front Street,E01020640,County Durham 010B,Anti-social behaviour,,
,2011-03,Durham Constabulary,Durham Constabulary,-1.834186,54.845049,On or near The Chequers,E01020640,County Durham 010B,Burglary,,
,2011-03,Durham Constabulary,Durham Constabulary,-1.832140,54.850312,On or near Palmerston Street,E01020640,County Durham 010B,Violent crime,,
,2011-03,Durham Constabulary,Durham Constabulary,-1.830186,54.852115,On or near Front Street,E01020640,County Durham 010B,Violent crime,,
,2011-03,Durham Constabulary,Durham Constabulary,-1.832140,54.850312,On or near Palmerston Street,E01020640,County Durham 010B,Violent crime,,
,2011-03,Durham Constabulary,Durham Constabulary,-1.832140,54.850312,On or near Palmerston Street,E01020640,County Durham 010B,Violent crime,,
,2011-03,Durham Constabulary,Durham Constabulary,-1.830186,54.852115,On or near Front Street,E01020640,County Durham 010B,Violent crime,,
,2011-03,Durham Constabulary,Durham Constabulary,-1.830433,54.845133,On or near Cotherstone Close,E01020640,County Durham 010B,Violent crime,,
,2011-03,Durham Constabulary,Durham Constabulary,-1.832036,54.849143,On or near Temple Forge Mews,E01020640,County Durham 010B,Other crime,,
,2011-03,Durham Constabulary,Durham Constabulary,-1.830186,54.852115,On or near Front Street,E01020640,County Durham 010B,Other crime,,
,2011-03,Durham Constabulary,Durham Constabulary,-1.830710,54.845916,On or near Romaldkirk Close,E01020640,County Durham 010B,Other crime,,
,2011-03,Durham Constabulary,Durham Constabulary,-1.830628,54.850723,On or near Taylor Street,E01020640,County Durham 010B,Other crime,,
,2011-03,Durham Constabulary,Durham Constabulary,-1.832140,54.850312,On or near Palmerston Street,E01020640,County Durham 010B,Other crime,,
,2011-03,Durham Constabulary,Durham Constabulary,-1.834186,54.845049,On or near The Chequers,E01020640,County Durham 010B,Other crime,,
,2011-03,Durham Constabulary,Durham Constabulary,-1.830186,54.852115,On or near Front Street,E01020640,County Durham 010B,Other crime,,
,2011-03,Durham Constabulary,Durham Constabulary,-1.830628,54.850723,On or near Taylor Street,E01020640,County Durham 010B,Other crime,,
,2011-03,Durham Constabulary,Durham Constabulary,-1.830003,54.851118,On or near Seymour Street,E01020640,County Durham 010B,Other crime,,
,2011-03,Durham Constabulary,Durham Constabulary,-1.830186,54.852115,On or near Front Street,E01020640,County Durham 010B,Other crime,,
,2011-03,Durham Constabulary,Durham Constabulary,-1.824648,54.854183,On or near Sherburn Terrace,E01020640,County Durham 010B,Other crime,,
,2011-03,Durham Constabulary,Durham Constabulary,-1.832036,54.849143,On or near Temple Forge Mews,E01020640,County Durham 010B,Other crime,,
,2011-03,Durham Constabulary,Durham Constabulary,-1.830186,54.852115,On or near Front Street,E01020640,County Durham 010B,Other crime,,
,2011-03,Durham Constabulary,Durham Constabulary,-1.824671,54.855891,On or near Beechdale Road,E01020641,County Durham 010C,Anti-social behaviour,,
,2011-03,Durham Constabulary,Durham Constabulary,-1.826033,54.854311,On or near Northfield View,E01020641,County Durham 010C,Anti-social behaviour,,
,2011-03,Durham Constabulary,Durham Constabulary,-1.823910,54.855584,On or near Ash Grove,E01020641,County Durham 010C,Anti-social behaviour,,
,2011-03,Durham Constabulary,Durham Constabulary,-1.823910,54.855584,On or near Ash Grove,E01020641,County Durham 010C,Anti-social behaviour,,
,2011-03,Durham Constabulary,Durham Constabulary,-1.826033,54.854311,On or near Northfield View,E01020641,County Durham 010C,Anti-social behaviour,,
,2011-03,Durham Constabulary,Durham Constabulary,-1.827997,54.853981,On or near Gladstone Street,E01020641,County Durham 010C,Anti-social behaviour,,
,2011-03,Durham Constabulary,Durham Constabulary,-1.823910,54.855584,On or near Ash Grove,E01020641,County Durham 010C,Anti-social behaviour,,
,2011-03,Durham Constabulary,Durham Constabulary,-1.824671,54.855891,On or near Beechdale Road,E01020641,County Durham 010C,Anti-social behaviour,,
,2011-03,Durham Constabulary,Durham Constabulary,-1.824470,54.859242,On or near Villa Real Road,E01020641,County Durham 010C,Anti-social behaviour,,
,2011-03,Durham Constabulary,Durham Constabulary,-1.827754,54.856273,On or near Ashdale Road,E01020641,County Durham 010C,Anti-social behaviour,,
,2011-03,Durham Constabulary,Durham Constabulary,-1.823910,54.855584,On or near Ash Grove,E01020641,County Durham 010C,Anti-social behaviour,,
,2011-03,Durham Constabulary,Durham Constabulary,-1.829216,54.853076,On or near Southernwood,E01020641,County Durham 010C,Anti-social behaviour,,
,2011-03,Durham Constabulary,Durham Constabulary,-1.830161,54.854407,On or near Hartington Street,E01020641,County Durham 010C,Anti-social behaviour,,
,2011-03,Durham Constabulary,Durham Constabulary,-1.823910,54.855584,On or near Ash Grove,E01020641,County Durham 010C,Anti-social behaviour,,
,2011-03,Durham Constabulary,Durham Constabulary,-1.823910,54.855584,On or near Ash Grove,E01020641,County Durham 010C,Anti-social behaviour,,
,2011-03,Durham Constabulary,Durham Constabulary,-1.819988,54.858202,On or near Carr House Mews,E01020641,County Durham 010C,Vehicle crime,,
,2011-03,Durham Constabulary,Durham Constabulary,-1.823910,54.855584,On or near Ash Grove,E01020641,County Durham 010C,Violent crime,,
,2011-03,Durham Constabulary,Durham Constabulary,-1.824671,54.855891,On or near Beechdale Road,E01020641,County Durham 010C,Violent crime,,
,2011-03,Durham Constabulary,Durham Constabulary,-1.830283,54.854973,On or near Stanley Gardens,E01020641,County Durham 010C,Other crime,,
,2011-03,Durham Constabulary,Durham Constabulary,-1.824470,54.859242,On or near Villa Real Road,E01020641,County Durham 010C,Other crime,,
,2011-03,Durham Constabulary,Durham Constabulary,-1.823910,54.855584,On or near Ash Grove,E01020641,County Durham 010C,Other crime,,
,2011-03,Durham Constabulary,Durham Constabulary,-1.820942,54.857386,On or near Newbell Court,E01020641,County Durham 010C,Other crime,,
,2011-03,Durham Constabulary,Durham Constabulary,-1.832110,54.857483,On or near Medomsley Road,E01020641,County Durham 010C,Other crime,,
,2011-03,Durham Constabulary,Durham Constabulary,-1.826033,54.854311,On or near Northfield View,E01020641,County Durham 010C,Other crime,,
,2011-03,Durham Constabulary,Durham Constabulary,-1.820942,54.857386,On or near Newbell Court,E01020641,County Durham 010C,Other crime,,
,2011-03,Durham Constabulary,Durham Constabulary,-1.820942,54.857386,On or near Newbell Court,E01020641,County Durham 010C,Other crime,,
,2011-03,Durham Constabulary,Durham Constabulary,-1.826033,54.854311,On or near Northfield View,E01020641,County Durham 010C,Other crime,,
,2011-03,Durham Constabulary,Durham Constabulary,-1.832824,54.858320,On or near Allison Street,E01020642,County Durham 010D,Anti-social behaviour,,
,2011-03,Durham Constabulary,Durham Constabulary,-1.834809,54.860362,On or near The Promenade,E01020642,County Durham 010D,Anti-social behaviour,,
,2011-03,Durham Constabulary,Durham Constabulary,-1.833526,54.861807,On or near Durham Road,E01020642,County Durham 010D,Anti-social behaviour,,
,2011-03,Durham Constabulary,Durham Constabulary,-1.833205,54.860342,On or near The Crescent,E01020642,County Durham 010D,Anti-social behaviour,,
,2011-03,Durham Constabulary,Durham Constabulary,-1.834809,54.860362,On or near The Promenade,E01020642,County Durham 010D,Anti-social behaviour,,
,2011-03,Durham Constabulary,Durham Constabulary,-1.833008,54.855058,On or near Clarendon Street,E01020642,County Durham 010D,Other crime,,
,2011-03,Durham Constabulary,Durham Constabulary,-1.831453,54.862047,On or near Cyril Street,E01020642,County Durham 010D,Other crime,,
,2011-03,Durham Constabulary,Durham Constabulary,-1.831837,54.863360,On or near Fairways,E01020642,County Durham 010D,Other crime,,
,2011-03,Durham Constabulary,Durham Constabulary,-1.836639,54.850920,On or near Berry Edge Road,E01020643,County Durham 010E,Anti-social behaviour,,
,2011-03,Durham Constabulary,Durham Constabulary,-1.834299,54.851798,On or near Albert Road,E01020643,County Durham 010E,Anti-social behaviour,,
,2011-03,Durham Constabulary,Durham Constabulary,-1.832706,54.852955,On or near Victoria Road,E01020643,County Durham 010E,Anti-social behaviour,,
,2011-03,Durham Constabulary,Durham Constabulary,-1.832706,54.852955,On or near Victoria Road,E01020643,County Durham 010E,Anti-social behaviour,,
,2011-03,Durham Constabulary,Durham Constabulary,-1.832706,54.852955,On or near Victoria Road,E01020643,County Durham 010E,Anti-social behaviour,,
,2011-03,Durham Constabulary,Durham Constabulary,-1.832706,54.852955,On or near Victoria Road,E01020643,County Durham 010E,Anti-social behaviour,,
,2011-03,Durham Constabulary,Durham Constabulary,-1.832706,54.852955,On or near Victoria Road,E01020643,County Durham 010E,Anti-social behaviour,,
,2011-03,Durham Constabulary,Durham Constabulary,-1.832706,54.852955,On or near Victoria Road,E01020643,County Durham 010E,Anti-social behaviour,,
,2011-03,Durham Constabulary,Durham Constabulary,-1.832706,54.852955,On or near Victoria Road,E01020643,County Durham 010E,Anti-social behaviour,,
,2011-03,Durham Constabulary,Durham Constabulary,-1.834299,54.851798,On or near Albert Road,E01020643,County Durham 010E,Anti-social behaviour,,
,2011-03,Durham Constabulary,Durham Constabulary,-1.837922,54.853213,On or near Church View,E01020643,County Durham 010E,Anti-social behaviour,,
,2011-03,Durham Constabulary,Durham Constabulary,-1.832706,54.852955,On or near Victoria Road,E01020643,County Durham 010E,Anti-social behaviour,,
,2011-03,Durham Constabulary,Durham Constabulary,-1.833657,54.856443,On or near Barr House Avenue,E01020643,County Durham 010E,Anti-social behaviour,,
,2011-03,Durham Constabulary,Durham Constabulary,-1.837922,54.853213,On or near Church View,E01020643,County Durham 010E,Anti-social behaviour,,
,2011-03,Durham Constabulary,Durham Constabulary,-1.832706,54.852955,On or near Victoria Road,E01020643,County Durham 010E,Anti-social behaviour,,
,2011-03,Durham Constabulary,Durham Constabulary,-1.834870,54.856974,On or near Aynsley Terrace,E01020643,County Durham 010E,Violent crime,,
,2011-03,Durham Constabulary,Durham Constabulary,-1.832706,54.852955,On or near Victoria Road,E01020643,County Durham 010E,Violent crime,,
,2011-03,Durham Constabulary,Durham Constabulary,-1.837339,54.854857,On or near Steel Street,E01020643,County Durham 010E,Violent crime,,
,2011-03,Durham Constabulary,Durham Constabulary,-1.832706,54.852955,On or near Victoria Road,E01020643,County Durham 010E,Violent crime,,
,2011-03,Durham Constabulary,Durham Constabulary,-1.832706,54.852955,On or near Victoria Road,E01020643,County Durham 010E,Violent crime,,
,2011-03,Durham Constabulary,Durham Constabulary,-1.834299,54.851798,On or near Albert Road,E01020643,County Durham 010E,Other crime,,
,2011-03,Durham Constabulary,Durham Constabulary,-1.835877,54.854451,On or near Bertha Street,E01020643,County Durham 010E,Other crime,,
,2011-03,Durham Constabulary,Durham Constabulary,-1.832706,54.852955,On or near Victoria Road,E01020643,County Durham 010E,Other crime,,
,2011-03,Durham Constabulary,Durham Constabulary,-1.832706,54.852955,On or near Victoria Road,E01020643,County Durham 010E,Other crime,,
,2011-03,Durham Constabulary,Durham Constabulary,-1.835877,54.854451,On or near Bertha Street,E01020643,County Durham 010E,Other crime,,
,2011-03,Durham Constabulary,Durham Constabulary,-1.838549,54.856180,On or near Park Road,E01020643,County Durham 010E,Other crime,,
,2011-03,Durham Constabulary,Durham Constabulary,-1.832706,54.852955,On or near Victoria Road,E01020643,County Durham 010E,Other crime,,
,2011-03,Durham Constabulary,Durham Constabulary,-1.835513,54.855798,On or near Aynsley Mews,E01020643,County Durham 010E,Other crime,,
,2011-03,Durham Constabulary,Durham Constabulary,-1.832706,54.852955,On or near Victoria Road,E01020643,County Durham 010E,Other crime,,
,2011-03,Durham Constabulary,Durham Constabulary,-1.834299,54.851798,On or near Albert Road,E01020643,County Durham 010E,Other crime,,
,2011-03,Durham Constabulary,Durham Constabulary,-1.832706,54.852955,On or near Victoria Road,E01020643,County Durham 010E,Other crime,,
,2011-03,Durham Constabulary,Durham Constabulary,-1.832706,54.852955,On or near Victoria Road,E01020643,County Durham 010E,Other crime,,
,2011-03,Durham Constabulary,Durham Constabulary,-1.834870,54.856974,On or near Aynsley Terrace,E01020643,County Durham 010E,Other crime,,
,2011-03,Durham Constabulary,Durham Constabulary,-1.835877,54.854451,On or near Bertha Street,E01020643,County Durham 010E,Other crime,,
,2011-03,Durham Constabulary,Durham Constabulary,-1.832706,54.852955,On or near Victoria Road,E01020643,County Durham 010E,Other crime,,
,2011-03,Durham Constabulary,Durham Constabulary,-1.835877,54.854451,On or near Bertha Street,E01020643,County Durham 010E,Other crime,,
,2011-03,Durham Constabulary,Durham Constabulary,-1.835497,54.851997,On or near Edith Street,E01020643,County Durham 010E,Other crime,,
,2011-03,Durham Constabulary,Durham Constabulary,-1.807321,54.858848,On or near The Haven,E01020667,County Durham 010F,Anti-social behaviour,,
,2011-03,Durham Constabulary,Durham Constabulary,-1.807321,54.858848,On or near The Haven,E01020667,County Durham 010F,Anti-social behaviour,,
,2011-03,Durham Constabulary,Durham Constabulary,-1.807321,54.858848,On or near The Haven,E01020667,County Durham 010F,Anti-social behaviour,,
,2011-03,Durham Constabulary,Durham Constabulary,-1.807321,54.858848,On or near The Haven,E01020667,County Durham 010F,Anti-social behaviour,,
,2011-03,Durham Constabulary,Durham Constabulary,-1.809722,54.861611,On or near Dere Park,E01020667,County Durham 010F,Anti-social behaviour,,
,2011-03,Durham Constabulary,Durham Constabulary,-1.808989,54.858527,On or near Green Street,E01020667,County Durham 010F,Other crime,,
,2011-03,Durham Constabulary,Durham Constabulary,-1.809535,54.858447,On or near West Street,E01020667,County Durham 010F,Other crime,,
,2011-03,Durham Constabulary,Durham Constabulary,-1.810534,54.857892,On or near Bluebell Close,E01020667,County Durham 010F,Other crime,,
,2011-03,Durham Constabulary,Durham Constabulary,-1.809535,54.858447,On or near West Street,E01020667,County Durham 010F,Other crime,,
,2011-03,Durham Constabulary,Durham Constabulary,-1.587412,54.854185,On or near Third Avenue,E01020592,County Durham 011A,Anti-social behaviour,,
,2011-03,Durham Constabulary,Durham Constabulary,-1.586850,54.854255,On or near The Gardens,E01020592,County Durham 011A,Anti-social behaviour,,
,2011-03,Durham Constabulary,Durham Constabulary,-1.581739,54.857490,On or near Jacques Terrace,E01020592,County Durham 011A,Anti-social behaviour,,
,2011-03,Durham Constabulary,Durham Constabulary,-1.583180,54.853730,On or near Bullion Lane,E01020592,County Durham 011A,Anti-social behaviour,,
,2011-03,Durham Constabulary,Durham Constabulary,-1.587412,54.854185,On or near Third Avenue,E01020592,County Durham 011A,Anti-social behaviour,,
,2011-03,Durham Constabulary,Durham Constabulary,-1.581739,54.857490,On or near Jacques Terrace,E01020592,County Durham 011A,Anti-social behaviour,,
,2011-03,Durham Constabulary,Durham Constabulary,-1.583799,54.857120,On or near Eighth Avenue,E01020592,County Durham 011A,Anti-social behaviour,,
,2011-03,Durham Constabulary,Durham Constabulary,-1.587412,54.854185,On or near Third Avenue,E01020592,County Durham 011A,Anti-social behaviour,,
,2011-03,Durham Constabulary,Durham Constabulary,-1.581456,54.856204,On or near Murray Road,E01020592,County Durham 011A,Anti-social behaviour,,
,2011-03,Durham Constabulary,Durham Constabulary,-1.584379,54.858290,On or near Twelfth Avenue,E01020592,County Durham 011A,Anti-social behaviour,,
,2011-03,Durham Constabulary,Durham Constabulary,-1.584379,54.858290,On or near Twelfth Avenue,E01020592,County Durham 011A,Anti-social behaviour,,
,2011-03,Durham Constabulary,Durham Constabulary,-1.584433,54.856026,On or near The Avenue,E01020592,County Durham 011A,Anti-social behaviour,,
,2011-03,Durham Constabulary,Durham Constabulary,-1.587412,54.854185,On or near Third Avenue,E01020592,County Durham 011A,Anti-social behaviour,,
,2011-03,Durham Constabulary,Durham Constabulary,-1.584307,54.857742,On or near Seventh Avenue,E01020592,County Durham 011A,Anti-social behaviour,,
,2011-03,Durham Constabulary,Durham Constabulary,-1.583799,54.857120,On or near Eighth Avenue,E01020592,County Durham 011A,Anti-social behaviour,,
,2011-03,Durham Constabulary,Durham Constabulary,-1.583799,54.857120,On or near Eighth Avenue,E01020592,County Durham 011A,Anti-social behaviour,,
,2011-03,Durham Constabulary,Durham Constabulary,-1.584433,54.856026,On or near The Avenue,E01020592,County Durham 011A,Anti-social behaviour,,
,2011-03,Durham Constabulary,Durham Constabulary,-1.581739,54.857490,On or near Jacques Terrace,E01020592,County Durham 011A,Robbery,,
,2011-03,Durham Constabulary,Durham Constabulary,-1.584307,54.857742,On or near Seventh Avenue,E01020592,County Durham 011A,Robbery,,
,2011-03,Durham Constabulary,Durham Constabulary,-1.581739,54.857490,On or near Jacques Terrace,E01020592,County Durham 011A,Vehicle crime,,
,2011-03,Durham Constabulary,Durham Constabulary,-1.585737,54.854979,On or near The Crescent,E01020592,County Durham 011A,Violent crime,,
,2011-03,Durham Constabulary,Durham Constabulary,-1.585737,54.854979,On or near The Crescent,E01020592,County Durham 011A,Violent crime,,
,2011-03,Durham Constabulary,Durham Constabulary,-1.585737,54.854979,On or near The Crescent,E01020592,County Durham 011A,Violent crime,,
,2011-03,Durham Constabulary,Durham Constabulary,-1.584379,54.858290,On or near Twelfth Avenue,E01020592,County Durham 011A,Other crime,,
,2011-03,Durham Constabulary,Durham Constabulary,-1.583180,54.853730,On or near Bullion Lane,E01020592,County Durham 011A,Other crime,,
,2011-03,Durham Constabulary,Durham Constabulary,-1.585737,54.854979,On or near The Crescent,E01020592,County Durham 011A,Other crime,,
,2011-03,Durham Constabulary,Durham Constabulary,-1.586850,54.854255,On or near The Gardens,E01020592,County Durham 011A,Other crime,,
,2011-03,Durham Constabulary,Durham Constabulary,-1.586850,54.854255,On or near The Gardens,E01020592,County Durham 011A,Other crime,,
,2011-03,Durham Constabulary,Durham Constabulary,-1.586850,54.854255,On or near The Gardens,E01020592,County Durham 011A,Other crime,,
,2011-03,Durham Constabulary,Durham Constabulary,-1.584433,54.856026,On or near The Avenue,E01020592,County Durham 011A,Other crime,,
,2011-03,Durham Constabulary,Durham Constabulary,-1.584379,54.858290,On or near Twelfth Avenue,E01020592,County Durham 011A,Other crime,,
,2011-03,Durham Constabulary,Durham Constabulary,-1.583180,54.853730,On or near Bullion Lane,E01020592,County Durham 011A,Other crime,,
,2011-03,Durham Constabulary,Durham Constabulary,-1.584433,54.856026,On or near The Avenue,E01020592,County Durham 011A,Other crime,,
,2011-03,Durham Constabulary,Durham Constabulary,-1.584379,54.858290,On or near Twelfth Avenue,E01020592,County Durham 011A,Other crime,,
,2011-03,Durham Constabulary,Durham Constabulary,-1.575459,54.857774,On or near Cooperative Street,E01020593,County Durham 011B,Anti-social behaviour,,
,2011-03,Durham Constabulary,Durham Constabulary,-1.575522,54.854728,On or near Osborne Road,E01020593,County Durham 011B,Anti-social behaviour,,
,2011-03,Durham Constabulary,Durham Constabulary,-1.575459,54.857774,On or near Cooperative Street,E01020593,County Durham 011B,Anti-social behaviour,,
,2011-03,Durham Constabulary,Durham Constabulary,-1.575459,54.857774,On or near Cooperative Street,E01020593,County Durham 011B,Anti-social behaviour,,
,2011-03,Durham Constabulary,Durham Constabulary,-1.578314,54.857299,On or near Hedworth Street,E01020593,County Durham 011B,Anti-social behaviour,,
,2011-03,Durham Constabulary,Durham Constabulary,-1.580554,54.854593,On or near Fife Avenue,E01020593,County Durham 011B,Anti-social behaviour,,
,2011-03,Durham Constabulary,Durham Constabulary,-1.580891,54.855133,On or near Cookson Terrace,E01020593,County Durham 011B,Anti-social behaviour,,
,2011-03,Durham Constabulary,Durham Constabulary,-1.580554,54.854593,On or near Fife Avenue,E01020593,County Durham 011B,Anti-social behaviour,,
,2011-03,Durham Constabulary,Durham Constabulary,-1.581964,54.855289,On or near Bede Terrace,E01020593,County Durham 011B,Anti-social behaviour,,
,2011-03,Durham Constabulary,Durham Constabulary,-1.576614,54.854534,On or near Elm Street,E01020593,County Durham 011B,Anti-social behaviour,,
,2011-03,Durham Constabulary,Durham Constabulary,-1.575459,54.857774,On or near Cooperative Street,E01020593,County Durham 011B,Anti-social behaviour,,
,2011-03,Durham Constabulary,Durham Constabulary,-1.575459,54.857774,On or near Cooperative Street,E01020593,County Durham 011B,Anti-social behaviour,,
,2011-03,Durham Constabulary,Durham Constabulary,-1.576503,54.857715,On or near Morningside Court,E01020593,County Durham 011B,Anti-social behaviour,,
,2011-03,Durham Constabulary,Durham Constabulary,-1.577516,54.856155,On or near Bede Court,E01020593,County Durham 011B,Anti-social behaviour,,
,2011-03,Durham Constabulary,Durham Constabulary,-1.575459,54.857774,On or near Cooperative Street,E01020593,County Durham 011B,Anti-social behaviour,,
,2011-03,Durham Constabulary,Durham Constabulary,-1.575522,54.854728,On or near Osborne Road,E01020593,County Durham 011B,Anti-social behaviour,,
,2011-03,Durham Constabulary,Durham Constabulary,-1.575522,54.854728,On or near Osborne Road,E01020593,County Durham 011B,Vehicle crime,,
,2011-03,Durham Constabulary,Durham Constabulary,-1.576503,54.857715,On or near Morningside Court,E01020593,County Durham 011B,Violent crime,,
,2011-03,Durham Constabulary,Durham Constabulary,-1.581964,54.855289,On or near Bede Terrace,E01020593,County Durham 011B,Violent crime,,
,2011-03,Durham Constabulary,Durham Constabulary,-1.576503,54.857715,On or near Morningside Court,E01020593,County Durham 011B,Violent crime,,
,2011-03,Durham Constabulary,Durham Constabulary,-1.575459,54.857774,On or near Cooperative Street,E01020593,County Durham 011B,Violent crime,,
,2011-03,Durham Constabulary,Durham Constabulary,-1.581964,54.855289,On or near Bede Terrace,E01020593,County Durham 011B,Violent crime,,
,2011-03,Durham Constabulary,Durham Constabulary,-1.581964,54.855289,On or near Bede Terrace,E01020593,County Durham 011B,Violent crime,,
,2011-03,Durham Constabulary,Durham Constabulary,-1.581964,54.855289,On or near Bede Terrace,E01020593,County Durham 011B,Violent crime,,
,2011-03,Durham Constabulary,Durham Constabulary,-1.581964,54.855289,On or near Bede Terrace,E01020593,County Durham 011B,Violent crime,,
,2011-03,Durham Constabulary,Durham Constabulary,-1.576503,54.857715,On or near Morningside Court,E01020593,County Durham 011B,Violent crime,,
,2011-03,Durham Constabulary,Durham Constabulary,-1.575828,54.855223,On or near Station Road,E01020593,County Durham 011B,Other crime,,
,2011-03,Durham Constabulary,Durham Constabulary,-1.575459,54.857774,On or near Cooperative Street,E01020593,County Durham 011B,Other crime,,
,2011-03,Durham Constabulary,Durham Constabulary,-1.576205,54.853418,On or near Victor Street,E01020593,County Durham 011B,Other crime,,
,2011-03,Durham Constabulary,Durham Constabulary,-1.575459,54.857774,On or near Cooperative Street,E01020593,County Durham 011B,Other crime,,
,2011-03,Durham Constabulary,Durham Constabulary,-1.575222,54.853577,On or near Clarence Terrace,E01020593,County Durham 011B,Other crime,,
,2011-03,Durham Constabulary,Durham Constabulary,-1.576503,54.857715,On or near Morningside Court,E01020593,County Durham 011B,Other crime,,
,2011-03,Durham Constabulary,Durham Constabulary,-1.576503,54.857715,On or near Morningside Court,E01020593,County Durham 011B,Other crime,,
,2011-03,Durham Constabulary,Durham Constabulary,-1.580554,54.854593,On or near Fife Avenue,E01020593,County Durham 011B,Other crime,,
,2011-03,Durham Constabulary,Durham Constabulary,-1.575459,54.857774,On or near Cooperative Street,E01020593,County Durham 011B,Other crime,,
,2011-03,Durham Constabulary,Durham Constabulary,-1.575459,54.857774,On or near Cooperative Street,E01020593,County Durham 011B,Other crime,,
,2011-03,Durham Constabulary,Durham Constabulary,-1.575459,54.857774,On or near Cooperative Street,E01020593,County Durham 011B,Other crime,,
,2011-03,Durham Constabulary,Durham Constabulary,-1.575459,54.857774,On or near Cooperative Street,E01020593,County Durham 011B,Other crime,,
,2011-03,Durham Constabulary,Durham Constabulary,-1.576503,54.857715,On or near Morningside Court,E01020593,County Durham 011B,Other crime,,
,2011-03,Durham Constabulary,Durham Constabulary,-1.575459,54.857774,On or near Cooperative Street,E01020593,County Durham 011B,Other crime,,
,2011-03,Durham Constabulary,Durham Constabulary,-1.575459,54.857774,On or near Cooperative Street,E01020593,County Durham 011B,Other crime,,
,2011-03,Durham Constabulary,Durham Constabulary,-1.576503,54.857715,On or near Morningside Court,E01020593,County Durham 011B,Other crime,,
,2011-03,Durham Constabulary,Durham Constabulary,-1.575459,54.857774,On or near Cooperative Street,E01020593,County Durham 011B,Other crime,,
,2011-03,Durham Constabulary,Durham Constabulary,-1.576503,54.857715,On or near Morningside Court,E01020593,County Durham 011B,Other crime,,
,2011-03,Durham Constabulary,Durham Constabulary,-1.575459,54.857774,On or near Cooperative Street,E01020593,County Durham 011B,Other crime,,
,2011-03,Durham Constabulary,Durham Constabulary,-1.580554,54.854593,On or near Fife Avenue,E01020593,County Durham 011B,Other crime,,
,2011-03,Durham Constabulary,Durham Constabulary,-1.575459,54.857774,On or near Cooperative Street,E01020593,County Durham 011B,Other crime,,
,2011-03,Durham Constabulary,Durham Constabulary,-1.576503,54.857715,On or near Morningside Court,E01020593,County Durham 011B,Other crime,,
,2011-03,Durham Constabulary,Durham Constabulary,-1.575459,54.857774,On or near Cooperative Street,E01020593,County Durham 011B,Other crime,,
,2011-03,Durham Constabulary,Durham Constabulary,-1.575222,54.853577,On or near Clarence Terrace,E01020593,County Durham 011B,Other crime,,
,2011-03,Durham Constabulary,Durham Constabulary,-1.583722,54.849517,On or near Cleveland Avenue,E01020599,County Durham 011C,Anti-social behaviour,,
,2011-03,Durham Constabulary,Durham Constabulary,-1.583722,54.849517,On or near Cleveland Avenue,E01020599,County Durham 011C,Anti-social behaviour,,
,2011-03,Durham Constabulary,Durham Constabulary,-1.583722,54.849517,On or near Cleveland Avenue,E01020599,County Durham 011C,Violent crime,,
,2011-03,Durham Constabulary,Durham Constabulary,-1.583722,54.849517,On or near Cleveland Avenue,E01020599,County Durham 011C,Other crime,,
,2011-03,Durham Constabulary,Durham Constabulary,-1.578677,54.850920,On or near Moorfoot Avenue,E01020599,County Durham 011C,Other crime,,
,2011-03,Durham Constabulary,Durham Constabulary,-1.583722,54.849517,On or near Cleveland Avenue,E01020599,County Durham 011C,Other crime,,
,2011-03,Durham Constabulary,Durham Constabulary,-1.583722,54.849517,On or near Cleveland Avenue,E01020599,County Durham 011C,Other crime,,
,2011-03,Durham Constabulary,Durham Constabulary,-1.578677,54.850920,On or near Moorfoot Avenue,E01020599,County Durham 011C,Other crime,,
,2011-03,Durham Constabulary,Durham Constabulary,-1.583722,54.849517,On or near Cleveland Avenue,E01020599,County Durham 011C,Other crime,,
,2011-03,Durham Constabulary,Durham Constabulary,-1.590844,54.849011,On or near Sidlaw Avenue,E01020599,County Durham 011C,Other crime,,
,2011-03,Durham Constabulary,Durham Constabulary,-1.590345,54.858355,On or near Cragside,E01020601,County Durham 011D,Anti-social behaviour,,
,2011-03,Durham Constabulary,Durham Constabulary,-1.594843,54.850966,On or near Cartmel Court,E01020601,County Durham 011D,Anti-social behaviour,,
,2011-03,Durham Constabulary,Durham Constabulary,-1.594843,54.850966,On or near Cartmel Court,E01020601,County Durham 011D,Anti-social behaviour,,
,2011-03,Durham Constabulary,Durham Constabulary,-1.599155,54.852759,On or near Brantwood,E01020601,County Durham 011D,Anti-social behaviour,,
,2011-03,Durham Constabulary,Durham Constabulary,-1.579693,54.852029,On or near Ashton Rise,E01020602,County Durham 011E,Anti-social behaviour,,
,2011-03,Durham Constabulary,Durham Constabulary,-1.590678,54.856146,On or near Wynyard,E01020602,County Durham 011E,Anti-social behaviour,,
,2011-03,Durham Constabulary,Durham Constabulary,-1.586097,54.850226,On or near Waldridge Road,E01020602,County Durham 011E,Anti-social behaviour,,
,2011-03,Durham Constabulary,Durham Constabulary,-1.596400,54.852499,On or near Auckland,E01020602,County Durham 011E,Anti-social behaviour,,
,2011-03,Durham Constabulary,Durham Constabulary,-1.590678,54.856146,On or near Wynyard,E01020602,County Durham 011E,Anti-social behaviour,,
,2011-03,Durham Constabulary,Durham Constabulary,-1.589818,54.853474,On or near Gainford,E01020602,County Durham 011E,Anti-social behaviour,,
,2011-03,Durham Constabulary,Durham Constabulary,-1.585468,54.852309,On or near Second Avenue,E01020602,County Durham 011E,Anti-social behaviour,,
,2011-03,Durham Constabulary,Durham Constabulary,-1.585468,54.852309,On or near Second Avenue,E01020602,County Durham 011E,Anti-social behaviour,,
,2011-03,Durham Constabulary,Durham Constabulary,-1.596400,54.852499,On or near Auckland,E01020602,County Durham 011E,Anti-social behaviour,,
,2011-03,Durham Constabulary,Durham Constabulary,-1.589818,54.853474,On or near Gainford,E01020602,County Durham 011E,Anti-social behaviour,,
,2011-03,Durham Constabulary,Durham Constabulary,-1.585468,54.852309,On or near Second Avenue,E01020602,County Durham 011E,Anti-social behaviour,,
,2011-03,Durham Constabulary,Durham Constabulary,-1.589818,54.853474,On or near Gainford,E01020602,County Durham 011E,Anti-social behaviour,,
,2011-03,Durham Constabulary,Durham Constabulary,-1.589818,54.853474,On or near Gainford,E01020602,County Durham 011E,Anti-social behaviour,,
,2011-03,Durham Constabulary,Durham Constabulary,-1.589818,54.853474,On or near Gainford,E01020602,County Durham 011E,Anti-social behaviour,,
,2011-03,Durham Constabulary,Durham Constabulary,-1.581298,54.853490,On or near Lumley Close,E01020602,County Durham 011E,Burglary,,
,2011-03,Durham Constabulary,Durham Constabulary,-1.590678,54.856146,On or near Wynyard,E01020602,County Durham 011E,Vehicle crime,,
,2011-03,Durham Constabulary,Durham Constabulary,-1.582452,54.853332,On or near Castle Riggs,E01020602,County Durham 011E,Vehicle crime,,
,2011-03,Durham Constabulary,Durham Constabulary,-1.589818,54.853474,On or near Gainford,E01020602,County Durham 011E,Violent crime,,
,2011-03,Durham Constabulary,Durham Constabulary,-1.590678,54.856146,On or near Wynyard,E01020602,County Durham 011E,Violent crime,,
,2011-03,Durham Constabulary,Durham Constabulary,-1.587298,54.851569,On or near Yetholm Avenue,E01020602,County Durham 011E,Violent crime,,
,2011-03,Durham Constabulary,Durham Constabulary,-1.585468,54.852309,On or near Second Avenue,E01020602,County Durham 011E,Other crime,,
,2011-03,Durham Constabulary,Durham Constabulary,-1.586097,54.850226,On or near Waldridge Road,E01020602,County Durham 011E,Other crime,,
,2011-03,Durham Constabulary,Durham Constabulary,-1.590678,54.856146,On or near Wynyard,E01020602,County Durham 011E,Other crime,,
,2011-03,Durham Constabulary,Durham Constabulary,-1.596400,54.852499,On or near Auckland,E01020602,County Durham 011E,Other crime,,
,2011-03,Durham Constabulary,Durham Constabulary,-1.596400,54.852499,On or near Auckland,E01020602,County Durham 011E,Other crime,,
,2011-03,Durham Constabulary,Durham Constabulary,-1.609822,54.857790,On or near Gardiner Crescent,E01020618,County Durham 011F,Anti-social behaviour,,
,2011-03,Durham Constabulary,Durham Constabulary,-1.606597,54.857834,On or near Glenview Close,E01020618,County Durham 011F,Anti-social behaviour,,
,2011-03,Durham Constabulary,Durham Constabulary,-1.606597,54.857834,On or near Glenview Close,E01020618,County Durham 011F,Anti-social behaviour,,
,2011-03,Durham Constabulary,Durham Constabulary,-1.605119,54.856023,On or near Tennyson Road,E01020618,County Durham 011F,Anti-social behaviour,,
,2011-03,Durham Constabulary,Durham Constabulary,-1.608614,54.857023,On or near Fell Road,E01020618,County Durham 011F,Anti-social behaviour,,
,2011-03,Durham Constabulary,Durham Constabulary,-1.604866,54.858062,On or near Dovecote Drive,E01020618,County Durham 011F,Anti-social behaviour,,
,2011-03,Durham Constabulary,Durham Constabulary,-1.605700,54.855576,On or near Ruskin Avenue,E01020618,County Durham 011F,Anti-social behaviour,,
,2011-03,Durham Constabulary,Durham Constabulary,-1.603794,54.857726,On or near Cong Burn View,E01020618,County Durham 011F,Anti-social behaviour,,
,2011-03,Durham Constabulary,Durham Constabulary,-1.605119,54.856023,On or near Tennyson Road,E01020618,County Durham 011F,Anti-social behaviour,,
,2011-03,Durham Constabulary,Durham Constabulary,-1.606597,54.857834,On or near Glenview Close,E01020618,County Durham 011F,Anti-social behaviour,,
,2011-03,Durham Constabulary,Durham Constabulary,-1.606597,54.857834,On or near Glenview Close,E01020618,County Durham 011F,Anti-social behaviour,,
,2011-03,Durham Constabulary,Durham Constabulary,-1.604866,54.858062,On or near Dovecote Drive,E01020618,County Durham 011F,Anti-social behaviour,,
,2011-03,Durham Constabulary,Durham Constabulary,-1.606597,54.857834,On or near Glenview Close,E01020618,County Durham 011F,Anti-social behaviour,,
,2011-03,Durham Constabulary,Durham Constabulary,-1.617822,54.858526,On or near Grange Terrace,E01020618,County Durham 011F,Anti-social behaviour,,
,2011-03,Durham Constabulary,Durham Constabulary,-1.606597,54.857834,On or near Glenview Close,E01020618,County Durham 011F,Violent crime,,
,2011-03,Durham Constabulary,Durham Constabulary,-1.605688,54.855234,On or near Henley Avenue,E01020618,County Durham 011F,Other crime,,
,2011-03,Durham Constabulary,Durham Constabulary,-1.607592,54.854872,On or near Wordsworth Avenue,E01020618,County Durham 011F,Other crime,,
,2011-03,Durham Constabulary,Durham Constabulary,-1.613715,54.862835,On or near Front Street,E01020618,County Durham 011F,Other crime,,
,2011-03,Durham Constabulary,Durham Constabulary,-1.605700,54.855576,On or near Ruskin Avenue,E01020618,County Durham 011F,Other crime,,
,2011-03,Durham Constabulary,Durham Constabulary,-1.604866,54.858062,On or near Dovecote Drive,E01020618,County Durham 011F,Other crime,,
,2011-03,Durham Constabulary,Durham Constabulary,-1.606597,54.857834,On or near Glenview Close,E01020618,County Durham 011F,Other crime,,
,2011-03,Durham Constabulary,Durham Constabulary,-1.822559,54.843846,On or near Redmire Drive,E01020650,County Durham 012A,Anti-social behaviour,,
,2011-03,Durham Constabulary,Durham Constabulary,-1.818191,54.842258,On or near Sydney Gardens,E01020650,County Durham 012A,Anti-social behaviour,,
,2011-03,Durham Constabulary,Durham Constabulary,-1.812047,54.844019,On or near Lumley Drive,E01020650,County Durham 012A,Anti-social behaviour,,
,2011-03,Durham Constabulary,Durham Constabulary,-1.812047,54.844019,On or near Lumley Drive,E01020650,County Durham 012A,Anti-social behaviour,,
,2011-03,Durham Constabulary,Durham Constabulary,-1.812047,54.844019,On or near Lumley Drive,E01020650,County Durham 012A,Anti-social behaviour,,
,2011-03,Durham Constabulary,Durham Constabulary,-1.815131,54.843943,On or near Woodside Drive,E01020650,County Durham 012A,Anti-social behaviour,,
,2011-03,Durham Constabulary,Durham Constabulary,-1.815670,54.845220,On or near Castledene Road,E01020650,County Durham 012A,Anti-social behaviour,,
,2011-03,Durham Constabulary,Durham Constabulary,-1.812047,54.844019,On or near Lumley Drive,E01020650,County Durham 012A,Anti-social behaviour,,
,2011-03,Durham Constabulary,Durham Constabulary,-1.823652,54.843228,On or near Deepdale Drive,E01020650,County Durham 012A,Burglary,,
,2011-03,Durham Constabulary,Durham Constabulary,-1.815670,54.845220,On or near Castledene Road,E01020650,County Durham 012A,Other crime,,
,2011-03,Durham Constabulary,Durham Constabulary,-1.810758,54.843451,On or near Greencroft Road,E01020650,County Durham 012A,Other crime,,
,2011-03,Durham Constabulary,Durham Constabulary,-1.818191,54.842258,On or near Sydney Gardens,E01020650,County Durham 012A,Other crime,,
,2011-03,Durham Constabulary,Durham Constabulary,-1.817510,54.841179,On or near Delves Lane,E01020651,County Durham 012B,Anti-social behaviour,,
,2011-03,Durham Constabulary,Durham Constabulary,-1.817510,54.841179,On or near Delves Lane,E01020651,County Durham 012B,Anti-social behaviour,,
,2011-03,Durham Constabulary,Durham Constabulary,-1.817510,54.841179,On or near Delves Lane,E01020651,County Durham 012B,Anti-social behaviour,,
,2011-03,Durham Constabulary,Durham Constabulary,-1.809472,54.841993,On or near Glenmore,E01020651,County Durham 012B,Anti-social behaviour,,
,2011-03,Durham Constabulary,Durham Constabulary,-1.817510,54.841179,On or near Delves Lane,E01020651,County Durham 012B,Anti-social behaviour,,
,2011-03,Durham Constabulary,Durham Constabulary,-1.812677,54.839239,On or near Pixley Dell,E01020651,County Durham 012B,Anti-social behaviour,,
,2011-03,Durham Constabulary,Durham Constabulary,-1.813166,54.841217,On or near Briardale,E01020651,County Durham 012B,Anti-social behaviour,,
,2011-03,Durham Constabulary,Durham Constabulary,-1.817510,54.841179,On or near Delves Lane,E01020651,County Durham 012B,Anti-social behaviour,,
,2011-03,Durham Constabulary,Durham Constabulary,-1.813166,54.841217,On or near Briardale,E01020651,County Durham 012B,Anti-social behaviour,,
,2011-03,Durham Constabulary,Durham Constabulary,-1.816229,54.842255,On or near Chapel Drive,E01020651,County Durham 012B,Anti-social behaviour,,
,2011-03,Durham Constabulary,Durham Constabulary,-1.817510,54.841179,On or near Delves Lane,E01020651,County Durham 012B,Anti-social behaviour,,
,2011-03,Durham Constabulary,Durham Constabulary,-1.816214,54.838669,On or near Broadway,E01020651,County Durham 012B,Anti-social behaviour,,
,2011-03,Durham Constabulary,Durham Constabulary,-1.813166,54.841217,On or near Briardale,E01020651,County Durham 012B,Anti-social behaviour,,
,2011-03,Durham Constabulary,Durham Constabulary,-1.817510,54.841179,On or near Delves Lane,E01020651,County Durham 012B,Anti-social behaviour,,
,2011-03,Durham Constabulary,Durham Constabulary,-1.813166,54.841217,On or near Briardale,E01020651,County Durham 012B,Anti-social behaviour,,
,2011-03,Durham Constabulary,Durham Constabulary,-1.815095,54.838147,On or near Sunningdale,E01020651,County Durham 012B,Anti-social behaviour,,
,2011-03,Durham Constabulary,Durham Constabulary,-1.816214,54.838669,On or near Broadway,E01020651,County Durham 012B,Anti-social behaviour,,
,2011-03,Durham Constabulary,Durham Constabulary,-1.817510,54.841179,On or near Delves Lane,E01020651,County Durham 012B,Anti-social behaviour,,
,2011-03,Durham Constabulary,Durham Constabulary,-1.812677,54.839239,On or near Pixley Dell,E01020651,County Durham 012B,Anti-social behaviour,,
,2011-03,Durham Constabulary,Durham Constabulary,-1.817510,54.841179,On or near Delves Lane,E01020651,County Durham 012B,Anti-social behaviour,,
,2011-03,Durham Constabulary,Durham Constabulary,-1.817510,54.841179,On or near Delves Lane,E01020651,County Durham 012B,Anti-social behaviour,,
,2011-03,Durham Constabulary,Durham Constabulary,-1.816229,54.842255,On or near Chapel Drive,E01020651,County Durham 012B,Anti-social behaviour,,
,2011-03,Durham Constabulary,Durham Constabulary,-1.816229,54.842255,On or near Chapel Drive,E01020651,County Durham 012B,Anti-social behaviour,,
,2011-03,Durham Constabulary,Durham Constabulary,-1.817510,54.841179,On or near Delves Lane,E01020651,County Durham 012B,Anti-social behaviour,,
,2011-03,Durham Constabulary,Durham Constabulary,-1.815095,54.838147,On or near Sunningdale,E01020651,County Durham 012B,Anti-social behaviour,,
,2011-03,Durham Constabulary,Durham Constabulary,-1.816229,54.842255,On or near Chapel Drive,E01020651,County Durham 012B,Anti-social behaviour,,
,2011-03,Durham Constabulary,Durham Constabulary,-1.812677,54.839239,On or near Pixley Dell,E01020651,County Durham 012B,Anti-social behaviour,,
,2011-03,Durham Constabulary,Durham Constabulary,-1.815095,54.838147,On or near Sunningdale,E01020651,County Durham 012B,Anti-social behaviour,,
,2011-03,Durham Constabulary,Durham Constabulary,-1.812439,54.840066,On or near Ladywell Road,E01020651,County Durham 012B,Burglary,,
,2011-03,Durham Constabulary,Durham Constabulary,-1.817510,54.841179,On or near Delves Lane,E01020651,County Durham 012B,Violent crime,,
,2011-03,Durham Constabulary,Durham Constabulary,-1.816229,54.842255,On or near Chapel Drive,E01020651,County Durham 012B,Violent crime,,
,2011-03,Durham Constabulary,Durham Constabulary,-1.817510,54.841179,On or near Delves Lane,E01020651,County Durham 012B,Other crime,,
,2011-03,Durham Constabulary,Durham Constabulary,-1.813166,54.841217,On or near Briardale,E01020651,County Durham 012B,Other crime,,
,2011-03,Durham Constabulary,Durham Constabulary,-1.809472,54.841993,On or near Glenmore,E01020651,County Durham 012B,Other crime,,
,2011-03,Durham Constabulary,Durham Constabulary,-1.830719,54.843858,On or near Ovington Close,E01020652,County Durham 012C,Anti-social behaviour,,
,2011-03,Durham Constabulary,Durham Constabulary,-1.821876,54.846820,On or near Fairfield,E01020652,County Durham 012C,Anti-social behaviour,,
,2011-03,Durham Constabulary,Durham Constabulary,-1.821671,54.847538,On or near Gloucester Road,E01020652,County Durham 012C,Anti-social behaviour,,
,2011-03,Durham Constabulary,Durham Constabulary,-1.819522,54.851058,On or near Main Street,E01020652,County Durham 012C,Anti-social behaviour,,
,2011-03,Durham Constabulary,Durham Constabulary,-1.820197,54.846305,On or near Old Hall Road,E01020652,County Durham 012C,Anti-social behaviour,,
,2011-03,Durham Constabulary,Durham Constabulary,-1.822604,54.844232,On or near Gayle Court,E01020652,County Durham 012C,Violent crime,,
,2011-03,Durham Constabulary,Durham Constabulary,-1.819522,54.851058,On or near Main Street,E01020652,County Durham 012C,Violent crime,,
,2011-03,Durham Constabulary,Durham Constabulary,-1.819648,54.847266,On or near Delvedere,E01020652,County Durham 012C,Other crime,,
,2011-03,Durham Constabulary,Durham Constabulary,-1.819522,54.851058,On or near Main Street,E01020652,County Durham 012C,Other crime,,
,2011-03,Durham Constabulary,Durham Constabulary,-1.820699,54.845461,On or near Percy Gardens,E01020652,County Durham 012C,Other crime,,
,2011-03,Durham Constabulary,Durham Constabulary,-1.819648,54.847266,On or near Delvedere,E01020652,County Durham 012C,Other crime,,
,2011-03,Durham Constabulary,Durham Constabulary,-1.805768,54.861074,On or near Coniston Way,E01020668,County Durham 012D,Anti-social behaviour,,
,2011-03,Durham Constabulary,Durham Constabulary,-1.806443,54.859997,On or near Railway Street,E01020668,County Durham 012D,Anti-social behaviour,,
,2011-03,Durham Constabulary,Durham Constabulary,-1.803379,54.855858,On or near Willow Crescent,E01020668,County Durham 012D,Anti-social behaviour,,
,2011-03,Durham Constabulary,Durham Constabulary,-1.805768,54.861074,On or near Coniston Way,E01020668,County Durham 012D,Anti-social behaviour,,
,2011-03,Durham Constabulary,Durham Constabulary,-1.803404,54.860235,On or near St. Ives Gardens,E01020668,County Durham 012D,Anti-social behaviour,,
,2011-03,Durham Constabulary,Durham Constabulary,-1.803404,54.860235,On or near St. Ives Gardens,E01020668,County Durham 012D,Anti-social behaviour,,
,2011-03,Durham Constabulary,Durham Constabulary,-1.808471,54.859299,On or near Front Street,E01020668,County Durham 012D,Anti-social behaviour,,
,2011-03,Durham Constabulary,Durham Constabulary,-1.804742,54.860623,On or near Brackenrigg,E01020668,County Durham 012D,Anti-social behaviour,,
,2011-03,Durham Constabulary,Durham Constabulary,-1.808471,54.859299,On or near Front Street,E01020668,County Durham 012D,Anti-social behaviour,,
,2011-03,Durham Constabulary,Durham Constabulary,-1.805558,54.862593,On or near Tunstall Grove,E01020668,County Durham 012D,Anti-social behaviour,,
,2011-03,Durham Constabulary,Durham Constabulary,-1.804213,54.857279,On or near Alder Grove,E01020668,County Durham 012D,Anti-social behaviour,,
,2011-03,Durham Constabulary,Durham Constabulary,-1.803404,54.860235,On or near St. Ives Gardens,E01020668,County Durham 012D,Violent crime,,
,2011-03,Durham Constabulary,Durham Constabulary,-1.803404,54.860235,On or near St. Ives Gardens,E01020668,County Durham 012D,Other crime,,
,2011-03,Durham Constabulary,Durham Constabulary,-1.805558,54.862593,On or near Tunstall Grove,E01020668,County Durham 012D,Other crime,,
,2011-03,Durham Constabulary,Durham Constabulary,-1.803379,54.855858,On or near Willow Crescent,E01020668,County Durham 012D,Other crime,,
,2011-03,Durham Constabulary,Durham Constabulary,-1.801879,54.856692,On or near Durham Road,E01020668,County Durham 012D,Other crime,,
,2011-03,Durham Constabulary,Durham Constabulary,-1.801879,54.856692,On or near Durham Road,E01020668,County Durham 012D,Other crime,,
,2011-03,Durham Constabulary,Durham Constabulary,-1.802588,54.864709,On or near Eden Avenue,E01020669,County Durham 012E,Anti-social behaviour,,
,2011-03,Durham Constabulary,Durham Constabulary,-1.799848,54.861047,On or near St. Ives Road,E01020669,County Durham 012E,Anti-social behaviour,,
,2011-03,Durham Constabulary,Durham Constabulary,-1.802588,54.864709,On or near Eden Avenue,E01020669,County Durham 012E,Anti-social behaviour,,
,2011-03,Durham Constabulary,Durham Constabulary,-1.802588,54.864709,On or near Eden Avenue,E01020669,County Durham 012E,Anti-social behaviour,,
,2011-03,Durham Constabulary,Durham Constabulary,-1.802965,54.864107,On or near Derwent Crescent,E01020669,County Durham 012E,Anti-social behaviour,,
,2011-03,Durham Constabulary,Durham Constabulary,-1.799848,54.861047,On or near St. Ives Road,E01020669,County Durham 012E,Anti-social behaviour,,
,2011-03,Durham Constabulary,Durham Constabulary,-1.802588,54.864709,On or near Eden Avenue,E01020669,County Durham 012E,Anti-social behaviour,,
,2011-03,Durham Constabulary,Durham Constabulary,-1.802588,54.864709,On or near Eden Avenue,E01020669,County Durham 012E,Burglary,,
,2011-03,Durham Constabulary,Durham Constabulary,-1.784810,54.847389,On or near Whitehall Lane,E01020669,County Durham 012E,Other crime,,
,2011-03,Durham Constabulary,Durham Constabulary,-1.784810,54.847389,On or near Whitehall Lane,E01020669,County Durham 012E,Other crime,,
,2011-03,Durham Constabulary,Durham Constabulary,-1.573608,54.854551,On or near Front Street,E01020594,County Durham 013A,Anti-social behaviour,,
,2011-03,Durham Constabulary,Durham Constabulary,-1.575003,54.849235,On or near Clifford Terrace,E01020594,County Durham 013A,Anti-social behaviour,,
,2011-03,Durham Constabulary,Durham Constabulary,-1.575884,54.848421,On or near Ripon Street,E01020594,County Durham 013A,Anti-social behaviour,,
,2011-03,Durham Constabulary,Durham Constabulary,-1.572452,54.851922,On or near Wear Street,E01020594,County Durham 013A,Anti-social behaviour,,
,2011-03,Durham Constabulary,Durham Constabulary,-1.572452,54.851922,On or near Wear Street,E01020594,County Durham 013A,Anti-social behaviour,,
,2011-03,Durham Constabulary,Durham Constabulary,-1.576425,54.851721,On or near Lynn Street,E01020594,County Durham 013A,Anti-social behaviour,,
,2011-03,Durham Constabulary,Durham Constabulary,-1.573608,54.854551,On or near Front Street,E01020594,County Durham 013A,Anti-social behaviour,,
,2011-03,Durham Constabulary,Durham Constabulary,-1.573608,54.854551,On or near Front Street,E01020594,County Durham 013A,Anti-social behaviour,,
,2011-03,Durham Constabulary,Durham Constabulary,-1.574928,54.850448,On or near Relton Terrace,E01020594,County Durham 013A,Anti-social behaviour,,
,2011-03,Durham Constabulary,Durham Constabulary,-1.573608,54.854551,On or near Front Street,E01020594,County Durham 013A,Anti-social behaviour,,
,2011-03,Durham Constabulary,Durham Constabulary,-1.573608,54.854551,On or near Front Street,E01020594,County Durham 013A,Anti-social behaviour,,
,2011-03,Durham Constabulary,Durham Constabulary,-1.573608,54.854551,On or near Front Street,E01020594,County Durham 013A,Anti-social behaviour,,
,2011-03,Durham Constabulary,Durham Constabulary,-1.575884,54.848421,On or near Ripon Street,E01020594,County Durham 013A,Anti-social behaviour,,
,2011-03,Durham Constabulary,Durham Constabulary,-1.575884,54.848421,On or near Ripon Street,E01020594,County Durham 013A,Anti-social behaviour,,
,2011-03,Durham Constabulary,Durham Constabulary,-1.572452,54.851922,On or near Wear Street,E01020594,County Durham 013A,Violent crime,,
,2011-03,Durham Constabulary,Durham Constabulary,-1.572452,54.851922,On or near Wear Street,E01020594,County Durham 013A,Violent crime,,
,2011-03,Durham Constabulary,Durham Constabulary,-1.572452,54.851922,On or near Wear Street,E01020594,County Durham 013A,Violent crime,,
,2011-03,Durham Constabulary,Durham Constabulary,-1.573608,54.854551,On or near Front Street,E01020594,County Durham 013A,Violent crime,,
,2011-03,Durham Constabulary,Durham Constabulary,-1.572452,54.851922,On or near Wear Street,E01020594,County Durham 013A,Violent crime,,
,2011-03,Durham Constabulary,Durham Constabulary,-1.573608,54.854551,On or near Front Street,E01020594,County Durham 013A,Other crime,,
,2011-03,Durham Constabulary,Durham Constabulary,-1.572452,54.851922,On or near Wear Street,E01020594,County Durham 013A,Other crime,,
,2011-03,Durham Constabulary,Durham Constabulary,-1.573608,54.854551,On or near Front Street,E01020594,County Durham 013A,Other crime,,
,2011-03,Durham Constabulary,Durham Constabulary,-1.572452,54.851922,On or near Wear Street,E01020594,County Durham 013A,Other crime,,
,2011-03,Durham Constabulary,Durham Constabulary,-1.572452,54.851922,On or near Wear Street,E01020594,County Durham 013A,Other crime,,
,2011-03,Durham Constabulary,Durham Constabulary,-1.568608,54.854569,On or near Roman Avenue,E01020595,County Durham 013B,Anti-social behaviour,,
,2011-03,Durham Constabulary,Durham Constabulary,-1.568665,54.849213,On or near Beverley Gardens,E01020595,County Durham 013B,Anti-social behaviour,,
,2011-03,Durham Constabulary,Durham Constabulary,-1.572381,54.848283,On or near Coronation Street,E01020595,County Durham 013B,Anti-social behaviour,,
,2011-03,Durham Constabulary,Durham Constabulary,-1.568665,54.849213,On or near Beverley Gardens,E01020595,County Durham 013B,Anti-social behaviour,,
,2011-03,Durham Constabulary,Durham Constabulary,-1.562045,54.846377,On or near The Parks,E01020595,County Durham 013B,Anti-social behaviour,,
,2011-03,Durham Constabulary,Durham Constabulary,-1.564019,54.848181,On or near Bradman Drive,E01020595,County Durham 013B,Anti-social behaviour,,
,2011-03,Durham Constabulary,Durham Constabulary,-1.564768,54.849478,On or near Milburn Close,E01020595,County Durham 013B,Anti-social behaviour,,
,2011-03,Durham Constabulary,Durham Constabulary,-1.572210,54.855606,On or near Church Chare,E01020595,County Durham 013B,Anti-social behaviour,,
,2011-03,Durham Constabulary,Durham Constabulary,-1.572210,54.855606,On or near Church Chare,E01020595,County Durham 013B,Anti-social behaviour,,
,2011-03,Durham Constabulary,Durham Constabulary,-1.572210,54.855606,On or near Church Chare,E01020595,County Durham 013B,Anti-social behaviour,,
,2011-03,Durham Constabulary,Durham Constabulary,-1.571212,54.849887,On or near George Street,E01020595,County Durham 013B,Anti-social behaviour,,
,2011-03,Durham Constabulary,Durham Constabulary,-1.573962,54.847569,On or near Durham Road,E01020595,County Durham 013B,Burglary,,
,2011-03,Durham Constabulary,Durham Constabulary,-1.564768,54.849478,On or near Milburn Close,E01020595,County Durham 013B,Vehicle crime,,
,2011-03,Durham Constabulary,Durham Constabulary,-1.568608,54.854569,On or near Roman Avenue,E01020595,County Durham 013B,Violent crime,,
,2011-03,Durham Constabulary,Durham Constabulary,-1.564019,54.848181,On or near Bradman Drive,E01020595,County Durham 013B,Violent crime,,
,2011-03,Durham Constabulary,Durham Constabulary,-1.572210,54.855606,On or near Church Chare,E01020595,County Durham 013B,Other crime,,
,2011-03,Durham Constabulary,Durham Constabulary,-1.572210,54.855606,On or near Church Chare,E01020595,County Durham 013B,Other crime,,
,2011-03,Durham Constabulary,Durham Constabulary,-1.572210,54.855606,On or near Church Chare,E01020595,County Durham 013B,Other crime,,
,2011-03,Durham Constabulary,Durham Constabulary,-1.572210,54.855606,On or near Church Chare,E01020595,County Durham 013B,Other crime,,
,2011-03,Durham Constabulary,Durham Constabulary,-1.572210,54.855606,On or near Church Chare,E01020595,County Durham 013B,Other crime,,
,2011-03,Durham Constabulary,Durham Constabulary,-1.583472,54.848034,On or near Carlingford Road,E01020600,County Durham 013C,Anti-social behaviour,,
,2011-03,Durham Constabulary,Durham Constabulary,-1.587151,54.844631,On or near Hermitage Gardens,E01020600,County Durham 013C,Anti-social behaviour,,
,2011-03,Durham Constabulary,Durham Constabulary,-1.578093,54.848626,On or near Coniston Close,E01020600,County Durham 013C,Anti-social behaviour,,
,2011-03,Durham Constabulary,Durham Constabulary,-1.583472,54.848034,On or near Carlingford Road,E01020600,County Durham 013C,Anti-social behaviour,,
,2011-03,Durham Constabulary,Durham Constabulary,-1.587032,54.847120,On or near Derwentwater Avenue,E01020600,County Durham 013C,Anti-social behaviour,,
,2011-03,Durham Constabulary,Durham Constabulary,-1.579966,54.848210,On or near Rydal Road,E01020600,County Durham 013C,Violent crime,,
,2011-03,Durham Constabulary,Durham Constabulary,-1.583472,54.848034,On or near Carlingford Road,E01020600,County Durham 013C,Other crime,,
,2011-03,Durham Constabulary,Durham Constabulary,-1.579431,54.845791,On or near Sheelin Avenue,E01020600,County Durham 013C,Other crime,,
,2011-03,Durham Constabulary,Durham Constabulary,-1.594333,54.847396,On or near Millfield Close,E01020603,County Durham 013D,Anti-social behaviour,,
,2011-03,Durham Constabulary,Durham Constabulary,-1.595708,54.845397,On or near Ingram Close,E01020603,County Durham 013D,Anti-social behaviour,,
,2011-03,Durham Constabulary,Durham Constabulary,-1.593250,54.843618,On or near Denwick Close,E01020603,County Durham 013D,Anti-social behaviour,,
,2011-03,Durham Constabulary,Durham Constabulary,-1.590346,54.844417,On or near Powburn Close,E01020603,County Durham 013D,Anti-social behaviour,,
,2011-03,Durham Constabulary,Durham Constabulary,-1.592994,54.847428,On or near Ashkirk Close,E01020605,County Durham 013E,Anti-social behaviour,,
,2011-03,Durham Constabulary,Durham Constabulary,-1.863091,54.862635,On or near Pleasant View,E01020630,County Durham 014A,Anti-social behaviour,,
,2011-03,Durham Constabulary,Durham Constabulary,-1.862852,54.859822,On or near Barley Mill Road,E01020630,County Durham 014A,Anti-social behaviour,,
,2011-03,Durham Constabulary,Durham Constabulary,-1.863091,54.862635,On or near Pleasant View,E01020630,County Durham 014A,Anti-social behaviour,,
,2011-03,Durham Constabulary,Durham Constabulary,-1.863409,54.860847,On or near Sandford Road,E01020630,County Durham 014A,Anti-social behaviour,,
,2011-03,Durham Constabulary,Durham Constabulary,-1.858298,54.861165,On or near Maple Gardens,E01020630,County Durham 014A,Anti-social behaviour,,
,2011-03,Durham Constabulary,Durham Constabulary,-1.858059,54.858352,On or near Pemberton Road,E01020630,County Durham 014A,Anti-social behaviour,,
,2011-03,Durham Constabulary,Durham Constabulary,-1.858464,54.862773,On or near Gillside View,E01020630,County Durham 014A,Anti-social behaviour,,
,2011-03,Durham Constabulary,Durham Constabulary,-1.862852,54.859822,On or near Barley Mill Road,E01020630,County Durham 014A,Anti-social behaviour,,
,2011-03,Durham Constabulary,Durham Constabulary,-1.858298,54.861165,On or near Maple Gardens,E01020630,County Durham 014A,Violent crime,,
,2011-03,Durham Constabulary,Durham Constabulary,-1.860171,54.860304,On or near West Road,E01020630,County Durham 014A,Violent crime,,
,2011-03,Durham Constabulary,Durham Constabulary,-1.861303,54.861662,On or near The Crescent,E01020630,County Durham 014A,Other crime,,
,2011-03,Durham Constabulary,Durham Constabulary,-1.860229,54.861446,On or near Chaytor Road,E01020630,County Durham 014A,Other crime,,
,2011-03,Durham Constabulary,Durham Constabulary,-1.855524,54.861566,On or near Valley Gardens,E01020631,County Durham 014B,Anti-social behaviour,,
,2011-03,Durham Constabulary,Durham Constabulary,-1.849678,54.858530,On or near St. Marys Street,E01020631,County Durham 014B,Anti-social behaviour,,
,2011-03,Durham Constabulary,Durham Constabulary,-1.856930,54.860282,On or near Cortland Road,E01020631,County Durham 014B,Anti-social behaviour,,
,2011-03,Durham Constabulary,Durham Constabulary,-1.851479,54.860015,On or near St. Andrews Crescent,E01020631,County Durham 014B,Anti-social behaviour,,
,2011-03,Durham Constabulary,Durham Constabulary,-1.852704,54.857276,On or near Kilchurn,E01020631,County Durham 014B,Anti-social behaviour,,
,2011-03,Durham Constabulary,Durham Constabulary,-1.856930,54.860282,On or near Cortland Road,E01020631,County Durham 014B,Anti-social behaviour,,
,2011-03,Durham Constabulary,Durham Constabulary,-1.849579,54.859878,On or near Church Road,E01020631,County Durham 014B,Anti-social behaviour,,
,2011-03,Durham Constabulary,Durham Constabulary,-1.849678,54.858530,On or near St. Marys Street,E01020631,County Durham 014B,Anti-social behaviour,,
,2011-03,Durham Constabulary,Durham Constabulary,-1.857325,54.863257,On or near Cutlers Hall Road,E01020631,County Durham 014B,Vehicle crime,,
,2011-03,Durham Constabulary,Durham Constabulary,-1.852189,54.857671,On or near Hillfield,E01020631,County Durham 014B,Vehicle crime,,
,2011-03,Durham Constabulary,Durham Constabulary,-1.851479,54.860015,On or near St. Andrews Crescent,E01020631,County Durham 014B,Other crime,,
,2011-03,Durham Constabulary,Durham Constabulary,-1.882399,54.833962,On or near Hillcrest,E01020637,County Durham 014C,Anti-social behaviour,,
,2011-03,Durham Constabulary,Durham Constabulary,-1.877476,54.835206,On or near Castlehills,E01020637,County Durham 014C,Anti-social behaviour,,
,2011-03,Durham Constabulary,Durham Constabulary,-1.879711,54.832144,On or near Watergate Road,E01020637,County Durham 014C,Anti-social behaviour,,
,2011-03,Durham Constabulary,Durham Constabulary,-1.880125,54.834445,On or near Wharnley Way,E01020637,County Durham 014C,Anti-social behaviour,,
,2011-03,Durham Constabulary,Durham Constabulary,-1.879711,54.832144,On or near Watergate Road,E01020637,County Durham 014C,Burglary,,
,2011-03,Durham Constabulary,Durham Constabulary,-1.881410,54.831687,On or near Church Street,E01020637,County Durham 014C,Other crime,,
,2011-03,Durham Constabulary,Durham Constabulary,-1.881410,54.831687,On or near Church Street,E01020637,County Durham 014C,Other crime,,
,2011-03,Durham Constabulary,Durham Constabulary,-1.845517,54.854859,On or near Fenwick Way,E01020644,County Durham 014D,Anti-social behaviour,,
,2011-03,Durham Constabulary,Durham Constabulary,-1.857687,54.844404,On or near Thornfield Road,E01020644,County Durham 014D,Anti-social behaviour,,
,2011-03,Durham Constabulary,Durham Constabulary,-1.838791,54.850114,On or near Ponds Court,E01020644,County Durham 014D,Anti-social behaviour,,
,2011-03,Durham Constabulary,Durham Constabulary,-1.858486,54.842977,On or near Holly Gardens,E01020644,County Durham 014D,Anti-social behaviour,,
,2011-03,Durham Constabulary,Durham Constabulary,-1.838791,54.850114,On or near Ponds Court,E01020644,County Durham 014D,Anti-social behaviour,,
,2011-03,Durham Constabulary,Durham Constabulary,-1.855915,54.848078,On or near Manor Close,E01020644,County Durham 014D,Anti-social behaviour,,
,2011-03,Durham Constabulary,Durham Constabulary,-1.857187,54.849328,On or near Hallgarth,E01020644,County Durham 014D,Anti-social behaviour,,
,2011-03,Durham Constabulary,Durham Constabulary,-1.855757,54.844240,On or near The Bye,E01020644,County Durham 014D,Anti-social behaviour,,
,2011-03,Durham Constabulary,Durham Constabulary,-1.858486,54.842977,On or near Holly Gardens,E01020644,County Durham 014D,Anti-social behaviour,,
,2011-03,Durham Constabulary,Durham Constabulary,-1.857687,54.844404,On or near Thornfield Road,E01020644,County Durham 014D,Anti-social behaviour,,
,2011-03,Durham Constabulary,Durham Constabulary,-1.838791,54.850114,On or near Ponds Court,E01020644,County Durham 014D,Anti-social behaviour,,
,2011-03,Durham Constabulary,Durham Constabulary,-1.857187,54.849328,On or near Hallgarth,E01020644,County Durham 014D,Anti-social behaviour,,
,2011-03,Durham Constabulary,Durham Constabulary,-1.845517,54.854859,On or near Fenwick Way,E01020644,County Durham 014D,Anti-social behaviour,,
,2011-03,Durham Constabulary,Durham Constabulary,-1.857187,54.849328,On or near Hallgarth,E01020644,County Durham 014D,Anti-social behaviour,,
,2011-03,Durham Constabulary,Durham Constabulary,-1.855085,54.844851,On or near Welford Road,E01020644,County Durham 014D,Anti-social behaviour,,
,2011-03,Durham Constabulary,Durham Constabulary,-1.857687,54.844404,On or near Thornfield Road,E01020644,County Durham 014D,Anti-social behaviour,,
,2011-03,Durham Constabulary,Durham Constabulary,-1.858486,54.842977,On or near Holly Gardens,E01020644,County Durham 014D,Vehicle crime,,
,2011-03,Durham Constabulary,Durham Constabulary,-1.855915,54.848078,On or near Manor Close,E01020644,County Durham 014D,Vehicle crime,,
,2011-03,Durham Constabulary,Durham Constabulary,-1.838791,54.850114,On or near Ponds Court,E01020644,County Durham 014D,Violent crime,,
,2011-03,Durham Constabulary,Durham Constabulary,-1.838791,54.850114,On or near Ponds Court,E01020644,County Durham 014D,Violent crime,,
,2011-03,Durham Constabulary,Durham Constabulary,-1.856573,54.846829,On or near Oakfield Lane,E01020644,County Durham 014D,Other crime,,
,2011-03,Durham Constabulary,Durham Constabulary,-1.840002,54.851086,On or near Generation Place,E01020644,County Durham 014D,Other crime,,
,2011-03,Durham Constabulary,Durham Constabulary,-1.870942,54.838506,On or near Derby Crescent,E01020645,County Durham 014E,Anti-social behaviour,,
,2011-03,Durham Constabulary,Durham Constabulary,-1.865888,54.841421,On or near Dunelm Road,E01020645,County Durham 014E,Anti-social behaviour,,
,2011-03,Durham Constabulary,Durham Constabulary,-1.865888,54.841421,On or near Dunelm Road,E01020645,County Durham 014E,Anti-social behaviour,,
,2011-03,Durham Constabulary,Durham Constabulary,-1.870635,54.837230,On or near York Avenue,E01020645,County Durham 014E,Anti-social behaviour,,
,2011-03,Durham Constabulary,Durham Constabulary,-1.866798,54.839248,On or near Sussex Road,E01020645,County Durham 014E,Anti-social behaviour,,
,2011-03,Durham Constabulary,Durham Constabulary,-1.868914,54.839672,On or near Rutland Road,E01020645,County Durham 014E,Anti-social behaviour,,
,2011-03,Durham Constabulary,Durham Constabulary,-1.865888,54.841421,On or near Dunelm Road,E01020645,County Durham 014E,Anti-social behaviour,,
,2011-03,Durham Constabulary,Durham Constabulary,-1.868914,54.839672,On or near Rutland Road,E01020645,County Durham 014E,Anti-social behaviour,,
,2011-03,Durham Constabulary,Durham Constabulary,-1.870942,54.838506,On or near Derby Crescent,E01020645,County Durham 014E,Anti-social behaviour,,
,2011-03,Durham Constabulary,Durham Constabulary,-1.868914,54.839672,On or near Rutland Road,E01020645,County Durham 014E,Anti-social behaviour,,
,2011-03,Durham Constabulary,Durham Constabulary,-1.870942,54.838506,On or near Derby Crescent,E01020645,County Durham 014E,Anti-social behaviour,,
,2011-03,Durham Constabulary,Durham Constabulary,-1.870635,54.837230,On or near York Avenue,E01020645,County Durham 014E,Anti-social behaviour,,
,2011-03,Durham Constabulary,Durham Constabulary,-1.868914,54.839672,On or near Rutland Road,E01020645,County Durham 014E,Anti-social behaviour,,
,2011-03,Durham Constabulary,Durham Constabulary,-1.866258,54.837881,On or near Essex Avenue,E01020645,County Durham 014E,Anti-social behaviour,,
,2011-03,Durham Constabulary,Durham Constabulary,-1.867535,54.837658,On or near Norfolk Road,E01020645,County Durham 014E,Anti-social behaviour,,
,2011-03,Durham Constabulary,Durham Constabulary,-1.867535,54.837658,On or near Norfolk Road,E01020645,County Durham 014E,Anti-social behaviour,,
,2011-03,Durham Constabulary,Durham Constabulary,-1.870171,54.836160,On or near Cumberland Road,E01020645,County Durham 014E,Other crime,,
,2011-03,Durham Constabulary,Durham Constabulary,-1.512559,54.847321,On or near Maplewood Street,E01020590,County Durham 015A,Anti-social behaviour,,
,2011-03,Durham Constabulary,Durham Constabulary,-1.513275,54.847359,On or near Pinewood Street,E01020590,County Durham 015A,Anti-social behaviour,,
,2011-03,Durham Constabulary,Durham Constabulary,-1.521751,54.856182,On or near St. Barnabas,E01020590,County Durham 015A,Anti-social behaviour,,
,2011-03,Durham Constabulary,Durham Constabulary,-1.512559,54.847321,On or near Maplewood Street,E01020590,County Durham 015A,Anti-social behaviour,,
,2011-03,Durham Constabulary,Durham Constabulary,-1.512559,54.847321,On or near Maplewood Street,E01020590,County Durham 015A,Anti-social behaviour,,
,2011-03,Durham Constabulary,Durham Constabulary,-1.512559,54.847321,On or near Maplewood Street,E01020590,County Durham 015A,Anti-social behaviour,,
,2011-03,Durham Constabulary,Durham Constabulary,-1.512775,54.848714,On or near Sydney Street,E01020590,County Durham 015A,Other crime,,
,2011-03,Durham Constabulary,Durham Constabulary,-1.515284,54.855096,On or near Alwyn Close,E01020591,County Durham 015B,Anti-social behaviour,,
,2011-03,Durham Constabulary,Durham Constabulary,-1.515284,54.855096,On or near Alwyn Close,E01020591,County Durham 015B,Anti-social behaviour,,
,2011-03,Durham Constabulary,Durham Constabulary,-1.517578,54.854772,On or near Lilac Square,E01020591,County Durham 015B,Anti-social behaviour,,
,2011-03,Durham Constabulary,Durham Constabulary,-1.517578,54.854772,On or near Lilac Square,E01020591,County Durham 015B,Anti-social behaviour,,
,2011-03,Durham Constabulary,Durham Constabulary,-1.515284,54.855096,On or near Alwyn Close,E01020591,County Durham 015B,Burglary,,
,2011-03,Durham Constabulary,Durham Constabulary,-1.517578,54.854772,On or near Lilac Square,E01020591,County Durham 015B,Violent crime,,
,2011-03,Durham Constabulary,Durham Constabulary,-1.517578,54.854772,On or near Lilac Square,E01020591,County Durham 015B,Other crime,,
,2011-03,Durham Constabulary,Durham Constabulary,-1.515284,54.855096,On or near Alwyn Close,E01020591,County Durham 015B,Other crime,,
,2011-03,Durham Constabulary,Durham Constabulary,-1.515284,54.855096,On or near Alwyn Close,E01020591,County Durham 015B,Other crime,,
,2011-03,Durham Constabulary,Durham Constabulary,-1.541127,54.835722,On or near Norwich Close,E01020608,County Durham 015C,Anti-social behaviour,,
,2011-03,Durham Constabulary,Durham Constabulary,-1.547818,54.836035,On or near Melbeck Court,E01020608,County Durham 015C,Anti-social behaviour,,
,2011-03,Durham Constabulary,Durham Constabulary,-1.523211,54.847282,On or near Glamis Court,E01020608,County Durham 015C,Anti-social behaviour,,
,2011-03,Durham Constabulary,Durham Constabulary,-1.523211,54.847282,On or near Glamis Court,E01020608,County Durham 015C,Anti-social behaviour,,
,2011-03,Durham Constabulary,Durham Constabulary,-1.547818,54.836035,On or near Melbeck Court,E01020608,County Durham 015C,Anti-social behaviour,,
,2011-03,Durham Constabulary,Durham Constabulary,-1.541127,54.835722,On or near Norwich Close,E01020608,County Durham 015C,Anti-social behaviour,,
,2011-03,Durham Constabulary,Durham Constabulary,-1.523211,54.847282,On or near Glamis Court,E01020608,County Durham 015C,Other crime,,
,2011-03,Durham Constabulary,Durham Constabulary,-1.519132,54.845864,On or near Tantallon Court,E01020608,County Durham 015C,Other crime,,
,2011-03,Durham Constabulary,Durham Constabulary,-1.536572,54.836523,On or near Startforth Close,E01020610,County Durham 015E,Anti-social behaviour,,
,2011-03,Durham Constabulary,Durham Constabulary,-1.545930,54.836387,On or near Front Street,E01020610,County Durham 015E,Anti-social behaviour,,
,2011-03,Durham Constabulary,Durham Constabulary,-1.545930,54.836387,On or near Front Street,E01020610,County Durham 015E,Anti-social behaviour,,
,2011-03,Durham Constabulary,Durham Constabulary,-1.545930,54.836387,On or near Front Street,E01020610,County Durham 015E,Anti-social behaviour,,
,2011-03,Durham Constabulary,Durham Constabulary,-1.545930,54.836387,On or near Front Street,E01020610,County Durham 015E,Anti-social behaviour,,
,2011-03,Durham Constabulary,Durham Constabulary,-1.546000,54.835732,On or near Hazel Leigh,E01020610,County Durham 015E,Burglary,,
,2011-03,Durham Constabulary,Durham Constabulary,-1.547530,54.835315,On or near Winchester Close,E01020610,County Durham 015E,Vehicle crime,,
,2011-03,Durham Constabulary,Durham Constabulary,-1.546002,54.834195,On or near Gloucester Close,E01020610,County Durham 015E,Vehicle crime,,
,2011-03,Durham Constabulary,Durham Constabulary,-1.536572,54.836523,On or near Startforth Close,E01020610,County Durham 015E,Other crime,,
,2011-03,Durham Constabulary,Durham Constabulary,-1.360155,54.831732,On or near Weymouth Drive,E01020750,County Durham 016A,Anti-social behaviour,,
,2011-03,Durham Constabulary,Durham Constabulary,-1.370709,54.830771,On or near Bowes Avenue,E01020750,County Durham 016A,Anti-social behaviour,,
,2011-03,Durham Constabulary,Durham Constabulary,-1.358068,54.831766,On or near Yarmouth Close,E01020750,County Durham 016A,Anti-social behaviour,,
,2011-03,Durham Constabulary,Durham Constabulary,-1.365043,54.831757,On or near Plymouth Close,E01020750,County Durham 016A,Anti-social behaviour,,
,2011-03,Durham Constabulary,Durham Constabulary,-1.362767,54.830928,On or near Falmouth Close,E01020750,County Durham 016A,Anti-social behaviour,,
,2011-03,Durham Constabulary,Durham Constabulary,-1.368582,54.831398,On or near Doreen Avenue,E01020750,County Durham 016A,Anti-social behaviour,,
,2011-03,Durham Constabulary,Durham Constabulary,-1.365043,54.831757,On or near Plymouth Close,E01020750,County Durham 016A,Anti-social behaviour,,
,2011-03,Durham Constabulary,Durham Constabulary,-1.368582,54.831398,On or near Doreen Avenue,E01020750,County Durham 016A,Anti-social behaviour,,
,2011-03,Durham Constabulary,Durham Constabulary,-1.366486,54.831028,On or near Waring Terrace,E01020750,County Durham 016A,Anti-social behaviour,,
,2011-03,Durham Constabulary,Durham Constabulary,-1.365043,54.831757,On or near Plymouth Close,E01020750,County Durham 016A,Other crime,,
,2011-03,Durham Constabulary,Durham Constabulary,-1.370709,54.830771,On or near Bowes Avenue,E01020750,County Durham 016A,Other crime,,
,2011-03,Durham Constabulary,Durham Constabulary,-1.355726,54.840991,On or near Earl Street,E01020781,County Durham 016B,Anti-social behaviour,,
,2011-03,Durham Constabulary,Durham Constabulary,-1.357500,54.843993,On or near Normanby Close,E01020781,County Durham 016B,Anti-social behaviour,,
,2011-03,Durham Constabulary,Durham Constabulary,-1.358454,54.840835,On or near Station Road,E01020781,County Durham 016B,Anti-social behaviour,,
,2011-03,Durham Constabulary,Durham Constabulary,-1.357435,54.842241,On or near Northlea Road,E01020781,County Durham 016B,Other crime,,
,2011-03,Durham Constabulary,Durham Constabulary,-1.378741,54.843960,On or near Seaton Lane,E01020786,County Durham 016D,Anti-social behaviour,,
,2011-03,Durham Constabulary,Durham Constabulary,-1.370066,54.845057,On or near Burdon Crescent,E01020786,County Durham 016D,Anti-social behaviour,,
,2011-03,Durham Constabulary,Durham Constabulary,-1.378741,54.843960,On or near Seaton Lane,E01020786,County Durham 016D,Anti-social behaviour,,
,2011-03,Durham Constabulary,Durham Constabulary,-1.372175,54.849660,On or near Partnership Court,E01020786,County Durham 016D,Burglary,,
,2011-03,Durham Constabulary,Durham Constabulary,-1.372394,54.842579,On or near Sharpley Drive,E01020786,County Durham 016D,Vehicle crime,,
,2011-03,Durham Constabulary,Durham Constabulary,-1.370066,54.845057,On or near Burdon Crescent,E01020786,County Durham 016D,Violent crime,,
,2011-03,Durham Constabulary,Durham Constabulary,-1.372175,54.849660,On or near Partnership Court,E01020786,County Durham 016D,Other crime,,
,2011-03,Durham Constabulary,Durham Constabulary,-1.383810,54.844453,On or near The Meadows,E01020786,County Durham 016D,Other crime,,
,2011-03,Durham Constabulary,Durham Constabulary,-1.370973,54.837845,On or near Winslow Crescent,E01020787,County Durham 016E,Anti-social behaviour,,
,2011-03,Durham Constabulary,Durham Constabulary,-1.368945,54.835103,On or near Wells Crescent,E01020787,County Durham 016E,Anti-social behaviour,,
,2011-03,Durham Constabulary,Durham Constabulary,-1.371671,54.832951,On or near Wolsey Road,E01020787,County Durham 016E,Anti-social behaviour,,
,2011-03,Durham Constabulary,Durham Constabulary,-1.371671,54.832951,On or near Wolsey Road,E01020787,County Durham 016E,Anti-social behaviour,,
,2011-03,Durham Constabulary,Durham Constabulary,-1.367430,54.840388,On or near Seaton Park,E01020787,County Durham 016E,Anti-social behaviour,,
,2011-03,Durham Constabulary,Durham Constabulary,-1.367430,54.840388,On or near Seaton Park,E01020787,County Durham 016E,Anti-social behaviour,,
,2011-03,Durham Constabulary,Durham Constabulary,-1.369058,54.836802,On or near Windsor Road,E01020787,County Durham 016E,Anti-social behaviour,,
,2011-03,Durham Constabulary,Durham Constabulary,-1.368945,54.835103,On or near Wells Crescent,E01020787,County Durham 016E,Violent crime,,
,2011-03,Durham Constabulary,Durham Constabulary,-1.369058,54.836802,On or near Windsor Road,E01020787,County Durham 016E,Violent crime,,
,2011-03,Durham Constabulary,Durham Constabulary,-1.368945,54.835103,On or near Wells Crescent,E01020787,County Durham 016E,Other crime,,
,2011-03,Durham Constabulary,Durham Constabulary,-1.369058,54.836802,On or near Windsor Road,E01020787,County Durham 016E,Other crime,,
,2011-03,Durham Constabulary,Durham Constabulary,-1.367430,54.840388,On or near Seaton Park,E01020787,County Durham 016E,Other crime,,
,2011-03,Durham Constabulary,Durham Constabulary,-1.360067,54.846128,On or near Woodlands,E01033163,County Durham 016F,Anti-social behaviour,,
,2011-03,Durham Constabulary,Durham Constabulary,-1.341589,54.843818,On or near Flamborough Walk,E01033163,County Durham 016F,Anti-social behaviour,,
,2011-03,Durham Constabulary,Durham Constabulary,-1.339711,54.844338,On or near Mappleton Drive,E01033163,County Durham 016F,Anti-social behaviour,,
,2011-03,Durham Constabulary,Durham Constabulary,-1.343695,54.843533,On or near Souter Drive,E01033163,County Durham 016F,Anti-social behaviour,,
,2011-03,Durham Constabulary,Durham Constabulary,-1.341712,54.845805,On or near Weybourne Lea,E01033163,County Durham 016F,Anti-social behaviour,,
,2011-03,Durham Constabulary,Durham Constabulary,-1.339711,54.844338,On or near Mappleton Drive,E01033163,County Durham 016F,Anti-social behaviour,,
,2011-03,Durham Constabulary,Durham Constabulary,-1.337704,54.843321,On or near Runswick Drive,E01033163,County Durham 016F,Violent crime,,
,2011-03,Durham Constabulary,Durham Constabulary,-1.369490,54.843041,On or near Rutherford Avenue,E01033202,County Durham 016G,Anti-social behaviour,,
,2011-03,Durham Constabulary,Durham Constabulary,-1.369064,54.842391,On or near Ambleside Avenue,E01033202,County Durham 016G,Anti-social behaviour,,
,2011-03,Durham Constabulary,Durham Constabulary,-1.368645,54.839325,On or near Milldale,E01033202,County Durham 016G,Anti-social behaviour,,
,2011-03,Durham Constabulary,Durham Constabulary,-1.360250,54.844430,On or near Burnhall Drive,E01033202,County Durham 016G,Anti-social behaviour,,
,2011-03,Durham Constabulary,Durham Constabulary,-1.368645,54.839325,On or near Milldale,E01033202,County Durham 016G,Anti-social behaviour,,
,2011-03,Durham Constabulary,Durham Constabulary,-1.360250,54.844430,On or near Burnhall Drive,E01033202,County Durham 016G,Anti-social behaviour,,
,2011-03,Durham Constabulary,Durham Constabulary,-1.368202,54.843798,On or near Gregson Terrace,E01033202,County Durham 016G,Anti-social behaviour,,
,2011-03,Durham Constabulary,Durham Constabulary,-1.360250,54.844430,On or near Burnhall Drive,E01033202,County Durham 016G,Anti-social behaviour,,
,2011-03,Durham Constabulary,Durham Constabulary,-1.360250,54.844430,On or near Burnhall Drive,E01033202,County Durham 016G,Anti-social behaviour,,
,2011-03,Durham Constabulary,Durham Constabulary,-1.360250,54.844430,On or near Burnhall Drive,E01033202,County Durham 016G,Anti-social behaviour,,
,2011-03,Durham Constabulary,Durham Constabulary,-1.369490,54.843041,On or near Rutherford Avenue,E01033202,County Durham 016G,Anti-social behaviour,,
,2011-03,Durham Constabulary,Durham Constabulary,-1.368645,54.839325,On or near Milldale,E01033202,County Durham 016G,Burglary,,
,2011-03,Durham Constabulary,Durham Constabulary,-1.368645,54.839325,On or near Milldale,E01033202,County Durham 016G,Vehicle crime,,
,2011-03,Durham Constabulary,Durham Constabulary,-1.360250,54.844430,On or near Burnhall Drive,E01033202,County Durham 016G,Violent crime,,
,2011-03,Durham Constabulary,Durham Constabulary,-1.369800,54.844157,On or near Hoy Crescent,E01033202,County Durham 016G,Violent crime,,
,2011-03,Durham Constabulary,Durham Constabulary,-1.369064,54.842391,On or near Ambleside Avenue,E01033202,County Durham 016G,Other crime,,
,2011-03,Durham Constabulary,Durham Constabulary,-1.360250,54.844430,On or near Burnhall Drive,E01033202,County Durham 016G,Other crime,,
,2011-03,Durham Constabulary,Durham Constabulary,-1.369064,54.842391,On or near Ambleside Avenue,E01033202,County Durham 016G,Other crime,,
,2011-03,Durham Constabulary,Durham Constabulary,-1.368202,54.843798,On or near Gregson Terrace,E01033202,County Durham 016G,Other crime,,
,2011-03,Durham Constabulary,Durham Constabulary,-1.369352,54.839949,On or near Melrose Crescent,E01033202,County Durham 016G,Other crime,,
,2011-03,Durham Constabulary,Durham Constabulary,-1.341542,54.835164,On or near Queen Street,E01020740,County Durham 017A,Anti-social behaviour,,
,2011-03,Durham Constabulary,Durham Constabulary,-1.342980,54.830040,On or near Parkside Crescent,E01020740,County Durham 017A,Anti-social behaviour,,
,2011-03,Durham Constabulary,Durham Constabulary,-1.342980,54.830040,On or near Parkside Crescent,E01020740,County Durham 017A,Violent crime,,
,2011-03,Durham Constabulary,Durham Constabulary,-1.339853,54.834696,On or near Ross Street,E01020740,County Durham 017A,Violent crime,,
,2011-03,Durham Constabulary,Durham Constabulary,-1.339853,54.834696,On or near Ross Street,E01020740,County Durham 017A,Other crime,,
,2011-03,Durham Constabulary,Durham Constabulary,-1.343055,54.835954,On or near Maureen Terrace,E01020740,County Durham 017A,Other crime,,
,2011-03,Durham Constabulary,Durham Constabulary,-1.331532,54.833240,On or near Albert Street,E01020741,County Durham 017B,Anti-social behaviour,,
,2011-03,Durham Constabulary,Durham Constabulary,-1.332629,54.830928,On or near Ilchester Street,E01020741,County Durham 017B,Anti-social behaviour,,
,2011-03,Durham Constabulary,Durham Constabulary,-1.331522,54.833842,On or near Ropery Walk,E01020741,County Durham 017B,Anti-social behaviour,,
,2011-03,Durham Constabulary,Durham Constabulary,-1.331522,54.833842,On or near Ropery Walk,E01020741,County Durham 017B,Anti-social behaviour,,
,2011-03,Durham Constabulary,Durham Constabulary,-1.331522,54.833842,On or near Ropery Walk,E01020741,County Durham 017B,Anti-social behaviour,,
,2011-03,Durham Constabulary,Durham Constabulary,-1.331522,54.833842,On or near Ropery Walk,E01020741,County Durham 017B,Anti-social behaviour,,
,2011-03,Durham Constabulary,Durham Constabulary,-1.331532,54.833240,On or near Albert Street,E01020741,County Durham 017B,Anti-social behaviour,,
,2011-03,Durham Constabulary,Durham Constabulary,-1.332629,54.830928,On or near Ilchester Street,E01020741,County Durham 017B,Anti-social behaviour,,
,2011-03,Durham Constabulary,Durham Constabulary,-1.331522,54.833842,On or near Ropery Walk,E01020741,County Durham 017B,Anti-social behaviour,,
,2011-03,Durham Constabulary,Durham Constabulary,-1.333458,54.831669,On or near Fox Street,E01020741,County Durham 017B,Anti-social behaviour,,
,2011-03,Durham Constabulary,Durham Constabulary,-1.331532,54.833240,On or near Albert Street,E01020741,County Durham 017B,Anti-social behaviour,,
,2011-03,Durham Constabulary,Durham Constabulary,-1.331532,54.833240,On or near Albert Street,E01020741,County Durham 017B,Anti-social behaviour,,
,2011-03,Durham Constabulary,Durham Constabulary,-1.333012,54.831289,On or near Strangways Street,E01020741,County Durham 017B,Anti-social behaviour,,
,2011-03,Durham Constabulary,Durham Constabulary,-1.333458,54.831669,On or near Fox Street,E01020741,County Durham 017B,Anti-social behaviour,,
,2011-03,Durham Constabulary,Durham Constabulary,-1.331532,54.833240,On or near Albert Street,E01020741,County Durham 017B,Anti-social behaviour,,
,2011-03,Durham Constabulary,Durham Constabulary,-1.331522,54.833842,On or near Ropery Walk,E01020741,County Durham 017B,Anti-social behaviour,,
,2011-03,Durham Constabulary,Durham Constabulary,-1.331522,54.833842,On or near Ropery Walk,E01020741,County Durham 017B,Anti-social behaviour,,
,2011-03,Durham Constabulary,Durham Constabulary,-1.332629,54.830928,On or near Ilchester Street,E01020741,County Durham 017B,Burglary,,
,2011-03,Durham Constabulary,Durham Constabulary,-1.330378,54.832452,On or near Stewart Street,E01020741,County Durham 017B,Vehicle crime,,
,2011-03,Durham Constabulary,Durham Constabulary,-1.331532,54.833240,On or near Albert Street,E01020741,County Durham 017B,Violent crime,,
,2011-03,Durham Constabulary,Durham Constabulary,-1.333012,54.831289,On or near Strangways Street,E01020741,County Durham 017B,Violent crime,,
,2011-03,Durham Constabulary,Durham Constabulary,-1.329231,54.834018,On or near Aline Street,E01020741,County Durham 017B,Violent crime,,
,2011-03,Durham Constabulary,Durham Constabulary,-1.333012,54.831289,On or near Strangways Street,E01020741,County Durham 017B,Violent crime,,
,2011-03,Durham Constabulary,Durham Constabulary,-1.331522,54.833842,On or near Ropery Walk,E01020741,County Durham 017B,Other crime,,
,2011-03,Durham Constabulary,Durham Constabulary,-1.336536,54.831937,On or near Rainton Street,E01020741,County Durham 017B,Other crime,,
,2011-03,Durham Constabulary,Durham Constabulary,-1.332629,54.830928,On or near Ilchester Street,E01020741,County Durham 017B,Other crime,,
,2011-03,Durham Constabulary,Durham Constabulary,-1.331522,54.833842,On or near Ropery Walk,E01020741,County Durham 017B,Other crime,,
,2011-03,Durham Constabulary,Durham Constabulary,-1.332005,54.827222,On or near Melbury Street,E01020742,County Durham 017C,Anti-social behaviour,,
,2011-03,Durham Constabulary,Durham Constabulary,-1.334051,54.830594,On or near Dawdon Crescent,E01020742,County Durham 017C,Anti-social behaviour,,
,2011-03,Durham Constabulary,Durham Constabulary,-1.331244,54.828062,On or near Londonderry Street,E01020742,County Durham 017C,Anti-social behaviour,,
,2011-03,Durham Constabulary,Durham Constabulary,-1.335949,54.829706,On or near Margaret Street,E01020742,County Durham 017C,Anti-social behaviour,,
,2011-03,Durham Constabulary,Durham Constabulary,-1.332357,54.829470,On or near Wynyard Street,E01020742,County Durham 017C,Anti-social behaviour,,
,2011-03,Durham Constabulary,Durham Constabulary,-1.334051,54.830594,On or near Dawdon Crescent,E01020742,County Durham 017C,Anti-social behaviour,,
,2011-03,Durham Constabulary,Durham Constabulary,-1.332380,54.828104,On or near Mount Stewart Street,E01020742,County Durham 017C,Anti-social behaviour,,
,2011-03,Durham Constabulary,Durham Constabulary,-1.334051,54.830594,On or near Dawdon Crescent,E01020742,County Durham 017C,Anti-social behaviour,,
,2011-03,Durham Constabulary,Durham Constabulary,-1.332380,54.828104,On or near Mount Stewart Street,E01020742,County Durham 017C,Anti-social behaviour,,
,2011-03,Durham Constabulary,Durham Constabulary,-1.334051,54.830594,On or near Dawdon Crescent,E01020742,County Durham 017C,Anti-social behaviour,,
,2011-03,Durham Constabulary,Durham Constabulary,-1.332380,54.828104,On or near Mount Stewart Street,E01020742,County Durham 017C,Anti-social behaviour,,
,2011-03,Durham Constabulary,Durham Constabulary,-1.334797,54.828783,On or near Embleton Street,E01020742,County Durham 017C,Anti-social behaviour,,
,2011-03,Durham Constabulary,Durham Constabulary,-1.334051,54.830594,On or near Dawdon Crescent,E01020742,County Durham 017C,Violent crime,,
,2011-03,Durham Constabulary,Durham Constabulary,-1.344250,54.841038,On or near Dene Way,E01020782,County Durham 017D,Anti-social behaviour,,
,2011-03,Durham Constabulary,Durham Constabulary,-1.337764,54.840553,On or near Northdene Avenue,E01020782,County Durham 017D,Anti-social behaviour,,
,2011-03,Durham Constabulary,Durham Constabulary,-1.348166,54.839594,On or near Thornhill Reach,E01020782,County Durham 017D,Anti-social behaviour,,
,2011-03,Durham Constabulary,Durham Constabulary,-1.336127,54.841632,On or near Dalden Grove,E01020782,County Durham 017D,Anti-social behaviour,,
,2011-03,Durham Constabulary,Durham Constabulary,-1.346808,54.840746,On or near New Drive,E01020782,County Durham 017D,Vehicle crime,,
,2011-03,Durham Constabulary,Durham Constabulary,-1.348166,54.839594,On or near Thornhill Reach,E01020782,County Durham 017D,Violent crime,,
,2011-03,Durham Constabulary,Durham Constabulary,-1.344250,54.841038,On or near Dene Way,E01020782,County Durham 017D,Violent crime,,
,2011-03,Durham Constabulary,Durham Constabulary,-1.340330,54.841709,On or near Merlin Close,E01020782,County Durham 017D,Other crime,,
,2011-03,Durham Constabulary,Durham Constabulary,-1.351580,54.840322,On or near St. Aldwyn Road,E01020783,County Durham 017E,Anti-social behaviour,,
,2011-03,Durham Constabulary,Durham Constabulary,-1.352696,54.839609,On or near Clara Street,E01020783,County Durham 017E,Anti-social behaviour,,
,2011-03,Durham Constabulary,Durham Constabulary,-1.354996,54.840889,On or near Duke Street,E01020783,County Durham 017E,Anti-social behaviour,,
,2011-03,Durham Constabulary,Durham Constabulary,-1.350144,54.840503,On or near Parkland Terrace,E01020783,County Durham 017E,Anti-social behaviour,,
,2011-03,Durham Constabulary,Durham Constabulary,-1.354188,54.840759,On or near Nelson Street,E01020783,County Durham 017E,Anti-social behaviour,,
,2011-03,Durham Constabulary,Durham Constabulary,-1.353490,54.840647,On or near Oliver Street,E01020783,County Durham 017E,Anti-social behaviour,,
,2011-03,Durham Constabulary,Durham Constabulary,-1.352386,54.841495,On or near Stanley Street,E01020783,County Durham 017E,Other crime,,
,2011-03,Durham Constabulary,Durham Constabulary,-1.332462,54.836355,On or near Shaw Street,E01020784,County Durham 017F,Anti-social behaviour,,
,2011-03,Durham Constabulary,Durham Constabulary,-1.332462,54.836355,On or near Shaw Street,E01020784,County Durham 017F,Anti-social behaviour,,
,2011-03,Durham Constabulary,Durham Constabulary,-1.332462,54.836355,On or near Shaw Street,E01020784,County Durham 017F,Anti-social behaviour,,
,2011-03,Durham Constabulary,Durham Constabulary,-1.335069,54.842561,On or near North Road,E01020784,County Durham 017F,Anti-social behaviour,,
,2011-03,Durham Constabulary,Durham Constabulary,-1.332462,54.836355,On or near Shaw Street,E01020784,County Durham 017F,Anti-social behaviour,,
,2011-03,Durham Constabulary,Durham Constabulary,-1.335246,54.837475,On or near Adelaide Row,E01020784,County Durham 017F,Anti-social behaviour,,
,2011-03,Durham Constabulary,Durham Constabulary,-1.332462,54.836355,On or near Shaw Street,E01020784,County Durham 017F,Anti-social behaviour,,
,2011-03,Durham Constabulary,Durham Constabulary,-1.333687,54.837619,On or near Wear Street,E01020784,County Durham 017F,Anti-social behaviour,,
,2011-03,Durham Constabulary,Durham Constabulary,-1.336255,54.837624,On or near Blandford Place,E01020784,County Durham 017F,Anti-social behaviour,,
,2011-03,Durham Constabulary,Durham Constabulary,-1.338261,54.836863,On or near Emily Street East,E01020784,County Durham 017F,Anti-social behaviour,,
,2011-03,Durham Constabulary,Durham Constabulary,-1.332462,54.836355,On or near Shaw Street,E01020784,County Durham 017F,Anti-social behaviour,,
,2011-03,Durham Constabulary,Durham Constabulary,-1.332462,54.836355,On or near Shaw Street,E01020784,County Durham 017F,Anti-social behaviour,,
,2011-03,Durham Constabulary,Durham Constabulary,-1.335246,54.837475,On or near Adelaide Row,E01020784,County Durham 017F,Anti-social behaviour,,
,2011-03,Durham Constabulary,Durham Constabulary,-1.332133,54.839300,On or near North Terrace,E01020784,County Durham 017F,Anti-social behaviour,,
,2011-03,Durham Constabulary,Durham Constabulary,-1.335472,54.838896,On or near Henry Street,E01020784,County Durham 017F,Anti-social behaviour,,
,2011-03,Durham Constabulary,Durham Constabulary,-1.338261,54.836863,On or near Emily Street East,E01020784,County Durham 017F,Anti-social behaviour,,
,2011-03,Durham Constabulary,Durham Constabulary,-1.335246,54.837475,On or near Adelaide Row,E01020784,County Durham 017F,Anti-social behaviour,,
,2011-03,Durham Constabulary,Durham Constabulary,-1.332571,54.834450,On or near Lord Street,E01020784,County Durham 017F,Anti-social behaviour,,
,2011-03,Durham Constabulary,Durham Constabulary,-1.332462,54.836355,On or near Shaw Street,E01020784,County Durham 017F,Anti-social behaviour,,
,2011-03,Durham Constabulary,Durham Constabulary,-1.333979,54.835905,On or near Shelley Street,E01020784,County Durham 017F,Anti-social behaviour,,
,2011-03,Durham Constabulary,Durham Constabulary,-1.333687,54.837619,On or near Wear Street,E01020784,County Durham 017F,Anti-social behaviour,,
,2011-03,Durham Constabulary,Durham Constabulary,-1.333830,54.834583,On or near Frederick Street,E01020784,County Durham 017F,Anti-social behaviour,,
,2011-03,Durham Constabulary,Durham Constabulary,-1.333830,54.834583,On or near Frederick Street,E01020784,County Durham 017F,Anti-social behaviour,,
,2011-03,Durham Constabulary,Durham Constabulary,-1.332462,54.836355,On or near Shaw Street,E01020784,County Durham 017F,Anti-social behaviour,,
,2011-03,Durham Constabulary,Durham Constabulary,-1.335223,54.836999,On or near Church Street,E01020784,County Durham 017F,Anti-social behaviour,,
,2011-03,Durham Constabulary,Durham Constabulary,-1.335246,54.837475,On or near Adelaide Row,E01020784,County Durham 017F,Anti-social behaviour,,
,2011-03,Durham Constabulary,Durham Constabulary,-1.332571,54.834450,On or near Lord Street,E01020784,County Durham 017F,Anti-social behaviour,,
,2011-03,Durham Constabulary,Durham Constabulary,-1.333687,54.837619,On or near Wear Street,E01020784,County Durham 017F,Anti-social behaviour,,
,2011-03,Durham Constabulary,Durham Constabulary,-1.332462,54.836355,On or near Shaw Street,E01020784,County Durham 017F,Anti-social behaviour,,
,2011-03,Durham Constabulary,Durham Constabulary,-1.332133,54.839300,On or near North Terrace,E01020784,County Durham 017F,Anti-social behaviour,,
,2011-03,Durham Constabulary,Durham Constabulary,-1.332133,54.839300,On or near North Terrace,E01020784,County Durham 017F,Anti-social behaviour,,
,2011-03,Durham Constabulary,Durham Constabulary,-1.333830,54.834583,On or near Frederick Street,E01020784,County Durham 017F,Anti-social behaviour,,
,2011-03,Durham Constabulary,Durham Constabulary,-1.335472,54.838896,On or near Henry Street,E01020784,County Durham 017F,Anti-social behaviour,,
,2011-03,Durham Constabulary,Durham Constabulary,-1.335472,54.838896,On or near Henry Street,E01020784,County Durham 017F,Anti-social behaviour,,
,2011-03,Durham Constabulary,Durham Constabulary,-1.335472,54.838896,On or near Henry Street,E01020784,County Durham 017F,Anti-social behaviour,,
,2011-03,Durham Constabulary,Durham Constabulary,-1.336255,54.837624,On or near Blandford Place,E01020784,County Durham 017F,Burglary,,
,2011-03,Durham Constabulary,Durham Constabulary,-1.332462,54.836355,On or near Shaw Street,E01020784,County Durham 017F,Robbery,,
,2011-03,Durham Constabulary,Durham Constabulary,-1.335223,54.836999,On or near Church Street,E01020784,County Durham 017F,Violent crime,,
,2011-03,Durham Constabulary,Durham Constabulary,-1.332571,54.834450,On or near Lord Street,E01020784,County Durham 017F,Other crime,,
,2011-03,Durham Constabulary,Durham Constabulary,-1.332133,54.839300,On or near North Terrace,E01020784,County Durham 017F,Other crime,,
,2011-03,Durham Constabulary,Durham Constabulary,-1.332133,54.839300,On or near North Terrace,E01020784,County Durham 017F,Other crime,,
,2011-03,Durham Constabulary,Durham Constabulary,-1.335223,54.836999,On or near Church Street,E01020784,County Durham 017F,Other crime,,
,2011-03,Durham Constabulary,Durham Constabulary,-1.332462,54.836355,On or near Shaw Street,E01020784,County Durham 017F,Other crime,,
,2011-03,Durham Constabulary,Durham Constabulary,-1.332571,54.834450,On or near Lord Street,E01020784,County Durham 017F,Other crime,,
,2011-03,Durham Constabulary,Durham Constabulary,-1.338130,54.836305,On or near Clarence Street,E01020784,County Durham 017F,Other crime,,
,2011-03,Durham Constabulary,Durham Constabulary,-1.333830,54.834583,On or near Frederick Street,E01020784,County Durham 017F,Other crime,,
,2011-03,Durham Constabulary,Durham Constabulary,-1.333687,54.837619,On or near Wear Street,E01020784,County Durham 017F,Other crime,,
,2011-03,Durham Constabulary,Durham Constabulary,-1.333687,54.837619,On or near Wear Street,E01020784,County Durham 017F,Other crime,,
,2011-03,Durham Constabulary,Durham Constabulary,-1.345250,54.825416,On or near Jasmine Crescent,E01020743,County Durham 018A,Anti-social behaviour,,
,2011-03,Durham Constabulary,Durham Constabulary,-1.345737,54.829004,On or near Daphne Crescent,E01020743,County Durham 018A,Anti-social behaviour,,
,2011-03,Durham Constabulary,Durham Constabulary,-1.341186,54.827443,On or near Ash Crescent,E01020743,County Durham 018A,Anti-social behaviour,,
,2011-03,Durham Constabulary,Durham Constabulary,-1.341186,54.827443,On or near Ash Crescent,E01020743,County Durham 018A,Anti-social behaviour,,
,2011-03,Durham Constabulary,Durham Constabulary,-1.341186,54.827443,On or near Ash Crescent,E01020743,County Durham 018A,Other crime,,
,2011-03,Durham Constabulary,Durham Constabulary,-1.346589,54.823437,On or near Maple Crescent,E01020743,County Durham 018A,Other crime,,
,2011-03,Durham Constabulary,Durham Constabulary,-1.344019,54.828348,On or near Beech Crescent,E01020743,County Durham 018A,Other crime,,
,2011-03,Durham Constabulary,Durham Constabulary,-1.362169,54.834294,On or near Ryton Crescent,E01020747,County Durham 018B,Anti-social behaviour,,
,2011-03,Durham Constabulary,Durham Constabulary,-1.359826,54.836780,On or near Malvern Crescent,E01020747,County Durham 018B,Anti-social behaviour,,
,2011-03,Durham Constabulary,Durham Constabulary,-1.359826,54.836780,On or near Malvern Crescent,E01020747,County Durham 018B,Anti-social behaviour,,
,2011-03,Durham Constabulary,Durham Constabulary,-1.360746,54.834682,On or near Topaz Street,E01020747,County Durham 018B,Anti-social behaviour,,
,2011-03,Durham Constabulary,Durham Constabulary,-1.359826,54.836780,On or near Malvern Crescent,E01020747,County Durham 018B,Anti-social behaviour,,
,2011-03,Durham Constabulary,Durham Constabulary,-1.360746,54.834682,On or near Topaz Street,E01020747,County Durham 018B,Anti-social behaviour,,
,2011-03,Durham Constabulary,Durham Constabulary,-1.359675,54.835468,On or near Queensbury Road,E01020747,County Durham 018B,Anti-social behaviour,,
,2011-03,Durham Constabulary,Durham Constabulary,-1.360746,54.834682,On or near Topaz Street,E01020747,County Durham 018B,Anti-social behaviour,,
,2011-03,Durham Constabulary,Durham Constabulary,-1.359675,54.835468,On or near Queensbury Road,E01020747,County Durham 018B,Anti-social behaviour,,
,2011-03,Durham Constabulary,Durham Constabulary,-1.361129,54.835134,On or near Saturn Street,E01020747,County Durham 018B,Burglary,,
,2011-03,Durham Constabulary,Durham Constabulary,-1.362169,54.834294,On or near Ryton Crescent,E01020747,County Durham 018B,Violent crime,,
,2011-03,Durham Constabulary,Durham Constabulary,-1.357505,54.834899,On or near The Avenue,E01020747,County Durham 018B,Other crime,,
,2011-03,Durham Constabulary,Durham Constabulary,-1.360746,54.834682,On or near Topaz Street,E01020747,County Durham 018B,Other crime,,
,2011-03,Durham Constabulary,Durham Constabulary,-1.357505,54.834899,On or near The Avenue,E01020747,County Durham 018B,Other crime,,
,2011-03,Durham Constabulary,Durham Constabulary,-1.357505,54.834899,On or near The Avenue,E01020747,County Durham 018B,Other crime,,
,2011-03,Durham Constabulary,Durham Constabulary,-1.357505,54.834899,On or near The Avenue,E01020747,County Durham 018B,Other crime,,
,2011-03,Durham Constabulary,Durham Constabulary,-1.359826,54.836780,On or near Malvern Crescent,E01020747,County Durham 018B,Other crime,,
,2011-03,Durham Constabulary,Durham Constabulary,-1.357505,54.834899,On or near The Avenue,E01020747,County Durham 018B,Other crime,,
,2011-03,Durham Constabulary,Durham Constabulary,-1.362169,54.834294,On or near Ryton Crescent,E01020747,County Durham 018B,Other crime,,
,2011-03,Durham Constabulary,Durham Constabulary,-1.363442,54.832585,On or near Dawlish Close,E01020748,County Durham 018C,Anti-social behaviour,,
,2011-03,Durham Constabulary,Durham Constabulary,-1.364031,54.836668,On or near Eastlea Road,E01020748,County Durham 018C,Anti-social behaviour,,
,2011-03,Durham Constabulary,Durham Constabulary,-1.363442,54.832585,On or near Dawlish Close,E01020748,County Durham 018C,Anti-social behaviour,,
,2011-03,Durham Constabulary,Durham Constabulary,-1.364629,54.834298,On or near Essex Crescent,E01020748,County Durham 018C,Anti-social behaviour,,
,2011-03,Durham Constabulary,Durham Constabulary,-1.365097,54.837248,On or near Eskdale Close,E01020748,County Durham 018C,Anti-social behaviour,,
,2011-03,Durham Constabulary,Durham Constabulary,-1.364629,54.834298,On or near Essex Crescent,E01020748,County Durham 018C,Anti-social behaviour,,
,2011-03,Durham Constabulary,Durham Constabulary,-1.364629,54.834298,On or near Essex Crescent,E01020748,County Durham 018C,Anti-social behaviour,,
,2011-03,Durham Constabulary,Durham Constabulary,-1.362389,54.836156,On or near Eastlea Crescent,E01020748,County Durham 018C,Anti-social behaviour,,
,2011-03,Durham Constabulary,Durham Constabulary,-1.366843,54.835074,On or near Westlea Road,E01020748,County Durham 018C,Anti-social behaviour,,
,2011-03,Durham Constabulary,Durham Constabulary,-1.364629,54.834298,On or near Essex Crescent,E01020748,County Durham 018C,Anti-social behaviour,,
,2011-03,Durham Constabulary,Durham Constabulary,-1.366032,54.837190,On or near Ennerdale Close,E01020748,County Durham 018C,Anti-social behaviour,,
,2011-03,Durham Constabulary,Durham Constabulary,-1.366843,54.835074,On or near Westlea Road,E01020748,County Durham 018C,Anti-social behaviour,,
,2011-03,Durham Constabulary,Durham Constabulary,-1.365241,54.834958,On or near Eastdene Road,E01020748,County Durham 018C,Burglary,,
,2011-03,Durham Constabulary,Durham Constabulary,-1.365241,54.834958,On or near Eastdene Road,E01020748,County Durham 018C,Burglary,,
,2011-03,Durham Constabulary,Durham Constabulary,-1.362389,54.836156,On or near Eastlea Crescent,E01020748,County Durham 018C,Violent crime,,
,2011-03,Durham Constabulary,Durham Constabulary,-1.362389,54.836156,On or near Eastlea Crescent,E01020748,County Durham 018C,Violent crime,,
,2011-03,Durham Constabulary,Durham Constabulary,-1.362389,54.836156,On or near Eastlea Crescent,E01020748,County Durham 018C,Violent crime,,
,2011-03,Durham Constabulary,Durham Constabulary,-1.365759,54.835733,On or near Ellesmere Drive,E01020748,County Durham 018C,Other crime,,
,2011-03,Durham Constabulary,Durham Constabulary,-1.362389,54.836156,On or near Eastlea Crescent,E01020748,County Durham 018C,Other crime,,
,2011-03,Durham Constabulary,Durham Constabulary,-1.362389,54.836156,On or near Eastlea Crescent,E01020748,County Durham 018C,Other crime,,
,2011-03,Durham Constabulary,Durham Constabulary,-1.364629,54.834298,On or near Essex Crescent,E01020748,County Durham 018C,Other crime,,
,2011-03,Durham Constabulary,Durham Constabulary,-1.365799,54.838115,On or near Enfield Road,E01020748,County Durham 018C,Other crime,,
,2011-03,Durham Constabulary,Durham Constabulary,-1.345996,54.838019,On or near Strangford Road,E01020749,County Durham 018D,Anti-social behaviour,,
,2011-03,Durham Constabulary,Durham Constabulary,-1.351345,54.834561,On or near Laurel Avenue,E01020749,County Durham 018D,Anti-social behaviour,,
,2011-03,Durham Constabulary,Durham Constabulary,-1.345996,54.838019,On or near Strangford Road,E01020749,County Durham 018D,Anti-social behaviour,,
,2011-03,Durham Constabulary,Durham Constabulary,-1.351345,54.834561,On or near Laurel Avenue,E01020749,County Durham 018D,Anti-social behaviour,,
,2011-03,Durham Constabulary,Durham Constabulary,-1.354085,54.838493,On or near Milton Close,E01020749,County Durham 018D,Anti-social behaviour,,
,2011-03,Durham Constabulary,Durham Constabulary,-1.351345,54.834561,On or near Laurel Avenue,E01020749,County Durham 018D,Anti-social behaviour,,
,2011-03,Durham Constabulary,Durham Constabulary,-1.351345,54.834561,On or near Laurel Avenue,E01020749,County Durham 018D,Anti-social behaviour,,
,2011-03,Durham Constabulary,Durham Constabulary,-1.355469,54.832731,On or near Hexham Avenue,E01020749,County Durham 018D,Anti-social behaviour,,
,2011-03,Durham Constabulary,Durham Constabulary,-1.351345,54.834561,On or near Laurel Avenue,E01020749,County Durham 018D,Anti-social behaviour,,
,2011-03,Durham Constabulary,Durham Constabulary,-1.351345,54.834561,On or near Laurel Avenue,E01020749,County Durham 018D,Anti-social behaviour,,
,2011-03,Durham Constabulary,Durham Constabulary,-1.345996,54.838019,On or near Strangford Road,E01020749,County Durham 018D,Anti-social behaviour,,
,2011-03,Durham Constabulary,Durham Constabulary,-1.355469,54.832731,On or near Hexham Avenue,E01020749,County Durham 018D,Anti-social behaviour,,
,2011-03,Durham Constabulary,Durham Constabulary,-1.351345,54.834561,On or near Laurel Avenue,E01020749,County Durham 018D,Violent crime,,
,2011-03,Durham Constabulary,Durham Constabulary,-1.351345,54.834561,On or near Laurel Avenue,E01020749,County Durham 018D,Violent crime,,
,2011-03,Durham Constabulary,Durham Constabulary,-1.345996,54.838019,On or near Strangford Road,E01020749,County Durham 018D,Violent crime,,
,2011-03,Durham Constabulary,Durham Constabulary,-1.351345,54.834561,On or near Laurel Avenue,E01020749,County Durham 018D,Other crime,,
,2011-03,Durham Constabulary,Durham Constabulary,-1.354085,54.838493,On or near Milton Close,E01020749,County Durham 018D,Other crime,,
,2011-03,Durham Constabulary,Durham Constabulary,-1.355469,54.832731,On or near Hexham Avenue,E01020749,County Durham 018D,Other crime,,
,2011-03,Durham Constabulary,Durham Constabulary,-1.354085,54.838493,On or near Milton Close,E01020749,County Durham 018D,Other crime,,
,2011-03,Durham Constabulary,Durham Constabulary,-1.355469,54.832731,On or near Hexham Avenue,E01020749,County Durham 018D,Other crime,,
,2011-03,Durham Constabulary,Durham Constabulary,-1.375794,54.822027,On or near Sea View Walk,E01020773,County Durham 018E,Anti-social behaviour,,
,2011-03,Durham Constabulary,Durham Constabulary,-1.383438,54.820853,On or near Treen Crescent,E01020773,County Durham 018E,Anti-social behaviour,,
,2011-03,Durham Constabulary,Durham Constabulary,-1.381057,54.820867,On or near Tregoney Avenue,E01020773,County Durham 018E,Anti-social behaviour,,
,2011-03,Durham Constabulary,Durham Constabulary,-1.386146,54.821882,On or near Mann Crescent,E01020773,County Durham 018E,Anti-social behaviour,,
,2011-03,Durham Constabulary,Durham Constabulary,-1.386146,54.821882,On or near Mann Crescent,E01020773,County Durham 018E,Anti-social behaviour,,
,2011-03,Durham Constabulary,Durham Constabulary,-1.383438,54.820853,On or near Treen Crescent,E01020773,County Durham 018E,Anti-social behaviour,,
,2011-03,Durham Constabulary,Durham Constabulary,-1.386146,54.821882,On or near Mann Crescent,E01020773,County Durham 018E,Anti-social behaviour,,
,2011-03,Durham Constabulary,Durham Constabulary,-1.386146,54.821882,On or near Mann Crescent,E01020773,County Durham 018E,Anti-social behaviour,,
,2011-03,Durham Constabulary,Durham Constabulary,-1.386146,54.821882,On or near Mann Crescent,E01020773,County Durham 018E,Anti-social behaviour,,
,2011-03,Durham Constabulary,Durham Constabulary,-1.383438,54.820853,On or near Treen Crescent,E01020773,County Durham 018E,Anti-social behaviour,,
,2011-03,Durham Constabulary,Durham Constabulary,-1.375794,54.822027,On or near Sea View Walk,E01020773,County Durham 018E,Anti-social behaviour,,
,2011-03,Durham Constabulary,Durham Constabulary,-1.375794,54.822027,On or near Sea View Walk,E01020773,County Durham 018E,Anti-social behaviour,,
,2011-03,Durham Constabulary,Durham Constabulary,-1.386146,54.821882,On or near Mann Crescent,E01020773,County Durham 018E,Burglary,,
,2011-03,Durham Constabulary,Durham Constabulary,-1.386146,54.821882,On or near Mann Crescent,E01020773,County Durham 018E,Other crime,,
,2011-03,Durham Constabulary,Durham Constabulary,-1.383438,54.820853,On or near Treen Crescent,E01020773,County Durham 018E,Other crime,,
,2011-03,Durham Constabulary,Durham Constabulary,-1.390483,54.819118,On or near Barnes Road,E01020775,County Durham 018F,Anti-social behaviour,,
,2011-03,Durham Constabulary,Durham Constabulary,-1.400124,54.820729,On or near Stephens Road,E01020775,County Durham 018F,Anti-social behaviour,,
,2011-03,Durham Constabulary,Durham Constabulary,-1.397136,54.818594,On or near Wellfield Court,E01020775,County Durham 018F,Anti-social behaviour,,
,2011-03,Durham Constabulary,Durham Constabulary,-1.400124,54.820729,On or near Stephens Road,E01020775,County Durham 018F,Anti-social behaviour,,
,2011-03,Durham Constabulary,Durham Constabulary,-1.397136,54.818594,On or near Wellfield Court,E01020775,County Durham 018F,Anti-social behaviour,,
,2011-03,Durham Constabulary,Durham Constabulary,-1.390483,54.819118,On or near Barnes Road,E01020775,County Durham 018F,Anti-social behaviour,,
,2011-03,Durham Constabulary,Durham Constabulary,-1.397136,54.818594,On or near Wellfield Court,E01020775,County Durham 018F,Anti-social behaviour,,
,2011-03,Durham Constabulary,Durham Constabulary,-1.393649,54.819727,On or near Lansbury Drive,E01020775,County Durham 018F,Anti-social behaviour,,
,2011-03,Durham Constabulary,Durham Constabulary,-1.397136,54.818594,On or near Wellfield Court,E01020775,County Durham 018F,Anti-social behaviour,,
,2011-03,Durham Constabulary,Durham Constabulary,-1.400124,54.820729,On or near Stephens Road,E01020775,County Durham 018F,Anti-social behaviour,,
,2011-03,Durham Constabulary,Durham Constabulary,-1.392424,54.820439,On or near Webb Avenue,E01020775,County Durham 018F,Burglary,,
,2011-03,Durham Constabulary,Durham Constabulary,-1.397024,54.819887,On or near Wetherburn Avenue,E01020775,County Durham 018F,Vehicle crime,,
,2011-03,Durham Constabulary,Durham Constabulary,-1.397136,54.818594,On or near Wellfield Court,E01020775,County Durham 018F,Violent crime,,
,2011-03,Durham Constabulary,Durham Constabulary,-1.390483,54.819118,On or near Barnes Road,E01020775,County Durham 018F,Other crime,,
,2011-03,Durham Constabulary,Durham Constabulary,-1.400124,54.820729,On or near Stephens Road,E01020775,County Durham 018F,Other crime,,
,2011-03,Durham Constabulary,Durham Constabulary,-1.397136,54.818594,On or near Wellfield Court,E01020775,County Durham 018F,Other crime,,
,2011-03,Durham Constabulary,Durham Constabulary,-1.400124,54.820729,On or near Stephens Road,E01020775,County Durham 018F,Other crime,,
,2011-03,Durham Constabulary,Durham Constabulary,-1.609007,54.845387,On or near Olive Street,E01020604,County Durham 019A,Anti-social behaviour,,
,2011-03,Durham Constabulary,Durham Constabulary,-1.633635,54.835992,On or near Tyzack Street,E01020604,County Durham 019A,Anti-social behaviour,,
,2011-03,Durham Constabulary,Durham Constabulary,-1.633635,54.835992,On or near Tyzack Street,E01020604,County Durham 019A,Anti-social behaviour,,
,2011-03,Durham Constabulary,Durham Constabulary,-1.630974,54.835786,On or near Jubilee Close,E01020604,County Durham 019A,Anti-social behaviour,,
,2011-03,Durham Constabulary,Durham Constabulary,-1.630974,54.835786,On or near Jubilee Close,E01020604,County Durham 019A,Anti-social behaviour,,
,2011-03,Durham Constabulary,Durham Constabulary,-1.592132,54.837091,On or near The Crescent,E01020604,County Durham 019A,Anti-social behaviour,,
,2011-03,Durham Constabulary,Durham Constabulary,-1.630974,54.835786,On or near Jubilee Close,E01020604,County Durham 019A,Anti-social behaviour,,
,2011-03,Durham Constabulary,Durham Constabulary,-1.633635,54.835992,On or near Tyzack Street,E01020604,County Durham 019A,Anti-social behaviour,,
,2011-03,Durham Constabulary,Durham Constabulary,-1.633635,54.835992,On or near Tyzack Street,E01020604,County Durham 019A,Burglary,,
,2011-03,Durham Constabulary,Durham Constabulary,-1.595503,54.842503,On or near Lilburn Close,E01020604,County Durham 019A,Burglary,,
,2011-03,Durham Constabulary,Durham Constabulary,-1.609007,54.845387,On or near Olive Street,E01020604,County Durham 019A,Other crime,,
,2011-03,Durham Constabulary,Durham Constabulary,-1.633635,54.835992,On or near Tyzack Street,E01020604,County Durham 019A,Other crime,,
,2011-03,Durham Constabulary,Durham Constabulary,-1.609007,54.845387,On or near Olive Street,E01020604,County Durham 019A,Other crime,,
,2011-03,Durham Constabulary,Durham Constabulary,-1.595829,54.820774,On or near Oak Crescent,E01020607,County Durham 019B,Anti-social behaviour,,
,2011-03,Durham Constabulary,Durham Constabulary,-1.628902,54.827404,On or near Westhills Close,E01020607,County Durham 019B,Anti-social behaviour,,
,2011-03,Durham Constabulary,Durham Constabulary,-1.598217,54.821672,On or near Hawthorn Close,E01020607,County Durham 019B,Anti-social behaviour,,
,2011-03,Durham Constabulary,Durham Constabulary,-1.628902,54.827404,On or near Westhills Close,E01020607,County Durham 019B,Anti-social behaviour,,
,2011-03,Durham Constabulary,Durham Constabulary,-1.599331,54.822368,On or near Tanmeads,E01020607,County Durham 019B,Anti-social behaviour,,
,2011-03,Durham Constabulary,Durham Constabulary,-1.598195,54.819192,On or near The Firs,E01020607,County Durham 019B,Anti-social behaviour,,
,2011-03,Durham Constabulary,Durham Constabulary,-1.628902,54.827404,On or near Westhills Close,E01020607,County Durham 019B,Anti-social behaviour,,
,2011-03,Durham Constabulary,Durham Constabulary,-1.599331,54.822368,On or near Tanmeads,E01020607,County Durham 019B,Anti-social behaviour,,
,2011-03,Durham Constabulary,Durham Constabulary,-1.599331,54.822368,On or near Tanmeads,E01020607,County Durham 019B,Anti-social behaviour,,
,2011-03,Durham Constabulary,Durham Constabulary,-1.602249,54.823222,On or near Hillmeads,E01020607,County Durham 019B,Anti-social behaviour,,
,2011-03,Durham Constabulary,Durham Constabulary,-1.628902,54.827404,On or near Westhills Close,E01020607,County Durham 019B,Anti-social behaviour,,
,2011-03,Durham Constabulary,Durham Constabulary,-1.599331,54.822368,On or near Tanmeads,E01020607,County Durham 019B,Anti-social behaviour,,
,2011-03,Durham Constabulary,Durham Constabulary,-1.628902,54.827404,On or near Westhills Close,E01020607,County Durham 019B,Anti-social behaviour,,
,2011-03,Durham Constabulary,Durham Constabulary,-1.628902,54.827404,On or near Westhills Close,E01020607,County Durham 019B,Anti-social behaviour,,
,2011-03,Durham Constabulary,Durham Constabulary,-1.598195,54.819192,On or near The Firs,E01020607,County Durham 019B,Anti-social behaviour,,
,2011-03,Durham Constabulary,Durham Constabulary,-1.599331,54.822368,On or near Tanmeads,E01020607,County Durham 019B,Anti-social behaviour,,
,2011-03,Durham Constabulary,Durham Constabulary,-1.628902,54.827404,On or near Westhills Close,E01020607,County Durham 019B,Anti-social behaviour,,
,2011-03,Durham Constabulary,Durham Constabulary,-1.599331,54.822368,On or near Tanmeads,E01020607,County Durham 019B,Anti-social behaviour,,
,2011-03,Durham Constabulary,Durham Constabulary,-1.602249,54.823222,On or near Hillmeads,E01020607,County Durham 019B,Burglary,,
,2011-03,Durham Constabulary,Durham Constabulary,-1.599331,54.822368,On or near Tanmeads,E01020607,County Durham 019B,Burglary,,
,2011-03,Durham Constabulary,Durham Constabulary,-1.598195,54.819192,On or near The Firs,E01020607,County Durham 019B,Vehicle crime,,
,2011-03,Durham Constabulary,Durham Constabulary,-1.602249,54.823222,On or near Hillmeads,E01020607,County Durham 019B,Violent crime,,
,2011-03,Durham Constabulary,Durham Constabulary,-1.602249,54.823222,On or near Hillmeads,E01020607,County Durham 019B,Violent crime,,
,2011-03,Durham Constabulary,Durham Constabulary,-1.602249,54.823222,On or near Hillmeads,E01020607,County Durham 019B,Other crime,,
,2011-03,Durham Constabulary,Durham Constabulary,-1.602249,54.823222,On or near Hillmeads,E01020607,County Durham 019B,Other crime,,
,2011-03,Durham Constabulary,Durham Constabulary,-1.632270,54.821717,On or near Coniston Drive,E01020619,County Durham 019C,Anti-social behaviour,,
,2011-03,Durham Constabulary,Durham Constabulary,-1.624912,54.816294,On or near Durham Road,E01020619,County Durham 019C,Anti-social behaviour,,
,2011-03,Durham Constabulary,Durham Constabulary,-1.631170,54.816043,On or near Valley View,E01020619,County Durham 019C,Anti-social behaviour,,
,2011-03,Durham Constabulary,Durham Constabulary,-1.633670,54.821784,On or near Derwent Close,E01020619,County Durham 019C,Anti-social behaviour,,
,2011-03,Durham Constabulary,Durham Constabulary,-1.631170,54.816043,On or near Valley View,E01020619,County Durham 019C,Anti-social behaviour,,
,2011-03,Durham Constabulary,Durham Constabulary,-1.631170,54.816043,On or near Valley View,E01020619,County Durham 019C,Anti-social behaviour,,
,2011-03,Durham Constabulary,Durham Constabulary,-1.619941,54.815317,On or near Hill Crest,E01020619,County Durham 019C,Anti-social behaviour,,
,2011-03,Durham Constabulary,Durham Constabulary,-1.631170,54.816043,On or near Valley View,E01020619,County Durham 019C,Anti-social behaviour,,
,2011-03,Durham Constabulary,Durham Constabulary,-1.624778,54.818989,On or near John Street,E01020619,County Durham 019C,Anti-social behaviour,,
,2011-03,Durham Constabulary,Durham Constabulary,-1.631170,54.816043,On or near Valley View,E01020619,County Durham 019C,Anti-social behaviour,,
,2011-03,Durham Constabulary,Durham Constabulary,-1.624912,54.816294,On or near Durham Road,E01020619,County Durham 019C,Vehicle crime,,
,2011-03,Durham Constabulary,Durham Constabulary,-1.624912,54.816294,On or near Durham Road,E01020619,County Durham 019C,Vehicle crime,,
,2011-03,Durham Constabulary,Durham Constabulary,-1.631170,54.816043,On or near Valley View,E01020619,County Durham 019C,Violent crime,,
,2011-03,Durham Constabulary,Durham Constabulary,-1.631170,54.816043,On or near Valley View,E01020619,County Durham 019C,Violent crime,,
,2011-03,Durham Constabulary,Durham Constabulary,-1.633670,54.821784,On or near Derwent Close,E01020619,County Durham 019C,Other crime,,
,2011-03,Durham Constabulary,Durham Constabulary,-1.632270,54.821717,On or near Coniston Drive,E01020619,County Durham 019C,Other crime,,
,2011-03,Durham Constabulary,Durham Constabulary,-1.632303,54.819695,On or near Coldingham Court,E01020620,County Durham 019D,Anti-social behaviour,,
,2011-03,Durham Constabulary,Durham Constabulary,-1.632585,54.822958,On or near Charlaw Close,E01020620,County Durham 019D,Anti-social behaviour,,
,2011-03,Durham Constabulary,Durham Constabulary,-1.627386,54.819644,On or near Victoria Street,E01020620,County Durham 019D,Anti-social behaviour,,
,2011-03,Durham Constabulary,Durham Constabulary,-1.630150,54.825404,On or near Edgewood Court,E01020620,County Durham 019D,Anti-social behaviour,,
,2011-03,Durham Constabulary,Durham Constabulary,-1.623826,54.824252,On or near Cross Lane,E01020620,County Durham 019D,Anti-social behaviour,,
,2011-03,Durham Constabulary,Durham Constabulary,-1.632585,54.822958,On or near Charlaw Close,E01020620,County Durham 019D,Anti-social behaviour,,
,2011-03,Durham Constabulary,Durham Constabulary,-1.632303,54.819695,On or near Coldingham Court,E01020620,County Durham 019D,Anti-social behaviour,,
,2011-03,Durham Constabulary,Durham Constabulary,-1.627386,54.819644,On or near Victoria Street,E01020620,County Durham 019D,Anti-social behaviour,,
,2011-03,Durham Constabulary,Durham Constabulary,-1.630286,54.825863,On or near Fordham Drive,E01020620,County Durham 019D,Anti-social behaviour,,
,2011-03,Durham Constabulary,Durham Constabulary,-1.632585,54.822958,On or near Charlaw Close,E01020620,County Durham 019D,Anti-social behaviour,,
,2011-03,Durham Constabulary,Durham Constabulary,-1.632585,54.822958,On or near Charlaw Close,E01020620,County Durham 019D,Anti-social behaviour,,
,2011-03,Durham Constabulary,Durham Constabulary,-1.627386,54.819644,On or near Victoria Street,E01020620,County Durham 019D,Anti-social behaviour,,
,2011-03,Durham Constabulary,Durham Constabulary,-1.629294,54.820342,On or near Front Street,E01020620,County Durham 019D,Anti-social behaviour,,
,2011-03,Durham Constabulary,Durham Constabulary,-1.632585,54.822958,On or near Charlaw Close,E01020620,County Durham 019D,Anti-social behaviour,,
,2011-03,Durham Constabulary,Durham Constabulary,-1.632184,54.820827,On or near Rydal Close,E01020620,County Durham 019D,Anti-social behaviour,,
,2011-03,Durham Constabulary,Durham Constabulary,-1.632303,54.819695,On or near Coldingham Court,E01020620,County Durham 019D,Anti-social behaviour,,
,2011-03,Durham Constabulary,Durham Constabulary,-1.632303,54.819695,On or near Coldingham Court,E01020620,County Durham 019D,Anti-social behaviour,,
,2011-03,Durham Constabulary,Durham Constabulary,-1.632585,54.822958,On or near Charlaw Close,E01020620,County Durham 019D,Anti-social behaviour,,
,2011-03,Durham Constabulary,Durham Constabulary,-1.630150,54.825404,On or near Edgewood Court,E01020620,County Durham 019D,Anti-social behaviour,,
,2011-03,Durham Constabulary,Durham Constabulary,-1.630150,54.825404,On or near Edgewood Court,E01020620,County Durham 019D,Anti-social behaviour,,
,2011-03,Durham Constabulary,Durham Constabulary,-1.631829,54.820583,On or near St. Cuthberts Drive,E01020620,County Durham 019D,Violent crime,,
,2011-03,Durham Constabulary,Durham Constabulary,-1.627386,54.819644,On or near Victoria Street,E01020620,County Durham 019D,Other crime,,
,2011-03,Durham Constabulary,Durham Constabulary,-1.632585,54.822958,On or near Charlaw Close,E01020620,County Durham 019D,Other crime,,
,2011-03,Durham Constabulary,Durham Constabulary,-1.632585,54.822958,On or near Charlaw Close,E01020620,County Durham 019D,Other crime,,
,2011-03,Durham Constabulary,Durham Constabulary,-1.632585,54.822958,On or near Charlaw Close,E01020620,County Durham 019D,Other crime,,
,2011-03,Durham Constabulary,Durham Constabulary,-1.627386,54.819644,On or near Victoria Street,E01020620,County Durham 019D,Other crime,,
,2011-03,Durham Constabulary,Durham Constabulary,-1.627386,54.819644,On or near Victoria Street,E01020620,County Durham 019D,Other crime,,
,2011-03,Durham Constabulary,Durham Constabulary,-1.632585,54.822958,On or near Charlaw Close,E01020620,County Durham 019D,Other crime,,
,2011-03,Durham Constabulary,Durham Constabulary,-1.632650,54.822680,On or near Acorn Close,E01020620,County Durham 019D,Other crime,,
,2011-03,Durham Constabulary,Durham Constabulary,-1.627386,54.819644,On or near Victoria Street,E01020620,County Durham 019D,Other crime,,
,2011-03,Durham Constabulary,Durham Constabulary,-1.625170,54.822037,On or near Morningside,E01020621,County Durham 019E,Anti-social behaviour,,
,2011-03,Durham Constabulary,Durham Constabulary,-1.619838,54.819666,On or near Rose Crescent,E01020621,County Durham 019E,Anti-social behaviour,,
,2011-03,Durham Constabulary,Durham Constabulary,-1.621273,54.817702,On or near Lilac Avenue,E01020621,County Durham 019E,Anti-social behaviour,,
,2011-03,Durham Constabulary,Durham Constabulary,-1.619673,54.818973,On or near Fern Road,E01020621,County Durham 019E,Anti-social behaviour,,
,2011-03,Durham Constabulary,Durham Constabulary,-1.625170,54.822037,On or near Morningside,E01020621,County Durham 019E,Anti-social behaviour,,
,2011-03,Durham Constabulary,Durham Constabulary,-1.621273,54.817702,On or near Lilac Avenue,E01020621,County Durham 019E,Anti-social behaviour,,
,2011-03,Durham Constabulary,Durham Constabulary,-1.624151,54.821171,On or near Witton Avenue,E01020621,County Durham 019E,Anti-social behaviour,,
,2011-03,Durham Constabulary,Durham Constabulary,-1.619673,54.818973,On or near Fern Road,E01020621,County Durham 019E,Anti-social behaviour,,
,2011-03,Durham Constabulary,Durham Constabulary,-1.619673,54.818973,On or near Fern Road,E01020621,County Durham 019E,Anti-social behaviour,,
,2011-03,Durham Constabulary,Durham Constabulary,-1.621040,54.820990,On or near Springside,E01020621,County Durham 019E,Anti-social behaviour,,
,2011-03,Durham Constabulary,Durham Constabulary,-1.619673,54.818973,On or near Fern Road,E01020621,County Durham 019E,Anti-social behaviour,,
,2011-03,Durham Constabulary,Durham Constabulary,-1.622794,54.816422,On or near Crossfield,E01020621,County Durham 019E,Anti-social behaviour,,
,2011-03,Durham Constabulary,Durham Constabulary,-1.618167,54.818654,On or near Lavender Gardens,E01020621,County Durham 019E,Anti-social behaviour,,
,2011-03,Durham Constabulary,Durham Constabulary,-1.624421,54.822250,On or near Brookside,E01020621,County Durham 019E,Burglary,,
,2011-03,Durham Constabulary,Durham Constabulary,-1.621273,54.817702,On or near Lilac Avenue,E01020621,County Durham 019E,Burglary,,
,2011-03,Durham Constabulary,Durham Constabulary,-1.619838,54.819666,On or near Rose Crescent,E01020621,County Durham 019E,Violent crime,,
,2011-03,Durham Constabulary,Durham Constabulary,-1.621040,54.820990,On or near Springside,E01020621,County Durham 019E,Other crime,,
,2011-03,Durham Constabulary,Durham Constabulary,-1.622783,54.819235,On or near Plawsworth Road,E01020621,County Durham 019E,Other crime,,
,2011-03,Durham Constabulary,Durham Constabulary,-1.709065,54.825286,On or near Whitehouse Avenue,E01020633,County Durham 020A,Anti-social behaviour,,
,2011-03,Durham Constabulary,Durham Constabulary,-1.708435,54.826336,On or near Langley Avenue,E01020633,County Durham 020A,Anti-social behaviour,,
,2011-03,Durham Constabulary,Durham Constabulary,-1.709009,54.824432,On or near Holmlea,E01020633,County Durham 020A,Anti-social behaviour,,
,2011-03,Durham Constabulary,Durham Constabulary,-1.708435,54.826336,On or near Langley Avenue,E01020633,County Durham 020A,Anti-social behaviour,,
,2011-03,Durham Constabulary,Durham Constabulary,-1.709531,54.823220,On or near Beech Grove,E01020633,County Durham 020A,Anti-social behaviour,,
,2011-03,Durham Constabulary,Durham Constabulary,-1.712084,54.825284,On or near The Haven,E01020633,County Durham 020A,Anti-social behaviour,,
,2011-03,Durham Constabulary,Durham Constabulary,-1.712084,54.825284,On or near The Haven,E01020633,County Durham 020A,Anti-social behaviour,,
,2011-03,Durham Constabulary,Durham Constabulary,-1.709531,54.823220,On or near Beech Grove,E01020633,County Durham 020A,Anti-social behaviour,,
,2011-03,Durham Constabulary,Durham Constabulary,-1.709531,54.823220,On or near Beech Grove,E01020633,County Durham 020A,Burglary,,
,2011-03,Durham Constabulary,Durham Constabulary,-1.709531,54.823220,On or near Beech Grove,E01020633,County Durham 020A,Vehicle crime,,
,2011-03,Durham Constabulary,Durham Constabulary,-1.704433,54.830829,On or near Vale View,E01020633,County Durham 020A,Other crime,,
,2011-03,Durham Constabulary,Durham Constabulary,-1.709009,54.824432,On or near Holmlea,E01020633,County Durham 020A,Other crime,,
,2011-03,Durham Constabulary,Durham Constabulary,-1.710784,54.824230,On or near Braeside,E01020633,County Durham 020A,Other crime,,
,2011-03,Durham Constabulary,Durham Constabulary,-1.712084,54.825284,On or near The Haven,E01020633,County Durham 020A,Other crime,,
,2011-03,Durham Constabulary,Durham Constabulary,-1.745289,54.822033,On or near Lee Hill Court,E01020664,County Durham 020B,Anti-social behaviour,,
,2011-03,Durham Constabulary,Durham Constabulary,-1.740637,54.819382,On or near Woodlands,E01020664,County Durham 020B,Anti-social behaviour,,
,2011-03,Durham Constabulary,Durham Constabulary,-1.748222,54.825931,On or near Burnside,E01020664,County Durham 020B,Burglary,,
,2011-03,Durham Constabulary,Durham Constabulary,-1.740637,54.819382,On or near Woodlands,E01020664,County Durham 020B,Burglary,,
,2011-03,Durham Constabulary,Durham Constabulary,-1.745289,54.822033,On or near Lee Hill Court,E01020664,County Durham 020B,Burglary,,
,2011-03,Durham Constabulary,Durham Constabulary,-1.740637,54.819382,On or near Woodlands,E01020664,County Durham 020B,Vehicle crime,,
,2011-03,Durham Constabulary,Durham Constabulary,-1.726379,54.815073,On or near Durham Road,E01020664,County Durham 020B,Vehicle crime,,
,2011-03,Durham Constabulary,Durham Constabulary,-1.743211,54.818381,On or near Smallhope Drive,E01020664,County Durham 020B,Other crime,,
,2011-03,Durham Constabulary,Durham Constabulary,-1.742945,54.821022,On or near Station Road,E01020664,County Durham 020B,Other crime,,
,2011-03,Durham Constabulary,Durham Constabulary,-1.745593,54.828046,On or near St. Bedes Court,E01020665,County Durham 020C,Anti-social behaviour,,
,2011-03,Durham Constabulary,Durham Constabulary,-1.745593,54.828046,On or near St. Bedes Court,E01020665,County Durham 020C,Anti-social behaviour,,
,2011-03,Durham Constabulary,Durham Constabulary,-1.734537,54.816879,On or near Oakwood,E01020665,County Durham 020C,Anti-social behaviour,,
,2011-03,Durham Constabulary,Durham Constabulary,-1.747222,54.821498,On or near Brook View,E01020666,County Durham 020D,Anti-social behaviour,,
,2011-03,Durham Constabulary,Durham Constabulary,-1.751410,54.826288,On or near Sunnybanks,E01020666,County Durham 020D,Anti-social behaviour,,
,2011-03,Durham Constabulary,Durham Constabulary,-1.748582,54.823020,On or near The Close,E01020666,County Durham 020D,Anti-social behaviour,,
,2011-03,Durham Constabulary,Durham Constabulary,-1.751410,54.826288,On or near Sunnybanks,E01020666,County Durham 020D,Anti-social behaviour,,
,2011-03,Durham Constabulary,Durham Constabulary,-1.748582,54.823020,On or near The Close,E01020666,County Durham 020D,Anti-social behaviour,,
,2011-03,Durham Constabulary,Durham Constabulary,-1.748916,54.821852,On or near Alderdene,E01020666,County Durham 020D,Anti-social behaviour,,
,2011-03,Durham Constabulary,Durham Constabulary,-1.393122,54.816453,On or near West Avenue,E01020776,County Durham 021C,Anti-social behaviour,,
,2011-03,Durham Constabulary,Durham Constabulary,-1.393122,54.816453,On or near West Avenue,E01020776,County Durham 021C,Other crime,,
,2011-03,Durham Constabulary,Durham Constabulary,-1.393122,54.816453,On or near West Avenue,E01020776,County Durham 021C,Other crime,,
,2011-03,Durham Constabulary,Durham Constabulary,-1.393122,54.816453,On or near West Avenue,E01020776,County Durham 021C,Other crime,,
,2011-03,Durham Constabulary,Durham Constabulary,-1.393122,54.816453,On or near West Avenue,E01020776,County Durham 021C,Other crime,,
,2011-03,Durham Constabulary,Durham Constabulary,-1.393122,54.816453,On or near West Avenue,E01020776,County Durham 021C,Other crime,,
,2011-03,Durham Constabulary,Durham Constabulary,-1.384825,54.816654,On or near East Coronation Street,E01033161,County Durham 021D,Anti-social behaviour,,
,2011-03,Durham Constabulary,Durham Constabulary,-1.384825,54.816654,On or near East Coronation Street,E01033161,County Durham 021D,Anti-social behaviour,,
,2011-03,Durham Constabulary,Durham Constabulary,-1.379355,54.816150,On or near Ramsey Grove,E01033161,County Durham 021D,Anti-social behaviour,,
,2011-03,Durham Constabulary,Durham Constabulary,-1.384825,54.816654,On or near East Coronation Street,E01033161,County Durham 021D,Anti-social behaviour,,
,2011-03,Durham Constabulary,Durham Constabulary,-1.378218,54.816189,On or near Grenaby Way,E01033161,County Durham 021D,Anti-social behaviour,,
,2011-03,Durham Constabulary,Durham Constabulary,-1.384825,54.816654,On or near East Coronation Street,E01033161,County Durham 021D,Anti-social behaviour,,
,2011-03,Durham Constabulary,Durham Constabulary,-1.384825,54.816654,On or near East Coronation Street,E01033161,County Durham 021D,Anti-social behaviour,,
,2011-03,Durham Constabulary,Durham Constabulary,-1.384825,54.816654,On or near East Coronation Street,E01033161,County Durham 021D,Anti-social behaviour,,
,2011-03,Durham Constabulary,Durham Constabulary,-1.384825,54.816654,On or near East Coronation Street,E01033161,County Durham 021D,Anti-social behaviour,,
,2011-03,Durham Constabulary,Durham Constabulary,-1.385263,54.816485,On or near West Coronation Street,E01033161,County Durham 021D,Anti-social behaviour,,
,2011-03,Durham Constabulary,Durham Constabulary,-1.378218,54.816189,On or near Grenaby Way,E01033161,County Durham 021D,Anti-social behaviour,,
,2011-03,Durham Constabulary,Durham Constabulary,-1.378218,54.816189,On or near Grenaby Way,E01033161,County Durham 021D,Burglary,,
,2011-03,Durham Constabulary,Durham Constabulary,-1.378218,54.816189,On or near Grenaby Way,E01033161,County Durham 021D,Vehicle crime,,
,2011-03,Durham Constabulary,Durham Constabulary,-1.378218,54.816189,On or near Grenaby Way,E01033161,County Durham 021D,Vehicle crime,,
,2011-03,Durham Constabulary,Durham Constabulary,-1.378218,54.816189,On or near Grenaby Way,E01033161,County Durham 021D,Vehicle crime,,
,2011-03,Durham Constabulary,Durham Constabulary,-1.384825,54.816654,On or near East Coronation Street,E01033161,County Durham 021D,Violent crime,,
,2011-03,Durham Constabulary,Durham Constabulary,-1.377436,54.816472,On or near Dalby Grove,E01033161,County Durham 021D,Other crime,,
,2011-03,Durham Constabulary,Durham Constabulary,-1.378218,54.816189,On or near Grenaby Way,E01033161,County Durham 021D,Other crime,,
,2011-03,Durham Constabulary,Durham Constabulary,-1.377436,54.816472,On or near Dalby Grove,E01033161,County Durham 021D,Other crime,,
,2011-03,Durham Constabulary,Durham Constabulary,-1.383895,54.817422,On or near Woods Terrace,E01033198,County Durham 021E,Anti-social behaviour,,
,2011-03,Durham Constabulary,Durham Constabulary,-1.388155,54.816626,On or near Ripon Terrace,E01033198,County Durham 021E,Anti-social behaviour,,
,2011-03,Durham Constabulary,Durham Constabulary,-1.383895,54.817422,On or near Woods Terrace,E01033198,County Durham 021E,Anti-social behaviour,,
,2011-03,Durham Constabulary,Durham Constabulary,-1.386565,54.815809,On or near Federation Square,E01033198,County Durham 021E,Anti-social behaviour,,
,2011-03,Durham Constabulary,Durham Constabulary,-1.385939,54.816057,On or near Windsor Terrace,E01033198,County Durham 021E,Anti-social behaviour,,
,2011-03,Durham Constabulary,Durham Constabulary,-1.385223,54.818076,On or near James Street South,E01033198,County Durham 021E,Anti-social behaviour,,
,2011-03,Durham Constabulary,Durham Constabulary,-1.386565,54.815809,On or near Federation Square,E01033198,County Durham 021E,Anti-social behaviour,,
,2011-03,Durham Constabulary,Durham Constabulary,-1.386565,54.815809,On or near Federation Square,E01033198,County Durham 021E,Anti-social behaviour,,
,2011-03,Durham Constabulary,Durham Constabulary,-1.388155,54.816626,On or near Ripon Terrace,E01033198,County Durham 021E,Anti-social behaviour,,
,2011-03,Durham Constabulary,Durham Constabulary,-1.385223,54.818076,On or near James Street South,E01033198,County Durham 021E,Anti-social behaviour,,
,2011-03,Durham Constabulary,Durham Constabulary,-1.386565,54.815809,On or near Federation Square,E01033198,County Durham 021E,Anti-social behaviour,,
,2011-03,Durham Constabulary,Durham Constabulary,-1.386565,54.815809,On or near Federation Square,E01033198,County Durham 021E,Anti-social behaviour,,
,2011-03,Durham Constabulary,Durham Constabulary,-1.385223,54.818076,On or near James Street South,E01033198,County Durham 021E,Anti-social behaviour,,
,2011-03,Durham Constabulary,Durham Constabulary,-1.385223,54.818076,On or near James Street South,E01033198,County Durham 021E,Anti-social behaviour,,
,2011-03,Durham Constabulary,Durham Constabulary,-1.383895,54.817422,On or near Woods Terrace,E01033198,County Durham 021E,Anti-social behaviour,,
,2011-03,Durham Constabulary,Durham Constabulary,-1.383895,54.817422,On or near Woods Terrace,E01033198,County Durham 021E,Anti-social behaviour,,
,2011-03,Durham Constabulary,Durham Constabulary,-1.384835,54.817031,On or near Western Terrace South,E01033198,County Durham 021E,Anti-social behaviour,,
,2011-03,Durham Constabulary,Durham Constabulary,-1.384835,54.817031,On or near Western Terrace South,E01033198,County Durham 021E,Violent crime,,
,2011-03,Durham Constabulary,Durham Constabulary,-1.384835,54.817031,On or near Western Terrace South,E01033198,County Durham 021E,Violent crime,,
,2011-03,Durham Constabulary,Durham Constabulary,-1.385223,54.818076,On or near James Street South,E01033198,County Durham 021E,Violent crime,,
,2011-03,Durham Constabulary,Durham Constabulary,-1.383895,54.817422,On or near Woods Terrace,E01033198,County Durham 021E,Violent crime,,
,2011-03,Durham Constabulary,Durham Constabulary,-1.383895,54.817422,On or near Woods Terrace,E01033198,County Durham 021E,Violent crime,,
,2011-03,Durham Constabulary,Durham Constabulary,-1.385223,54.818076,On or near James Street South,E01033198,County Durham 021E,Violent crime,,
,2011-03,Durham Constabulary,Durham Constabulary,-1.385223,54.818076,On or near James Street South,E01033198,County Durham 021E,Violent crime,,
,2011-03,Durham Constabulary,Durham Constabulary,-1.385223,54.818076,On or near James Street South,E01033198,County Durham 021E,Other crime,,
,2011-03,Durham Constabulary,Durham Constabulary,-1.383895,54.817422,On or near Woods Terrace,E01033198,County Durham 021E,Other crime,,
,2011-03,Durham Constabulary,Durham Constabulary,-1.385939,54.816057,On or near Windsor Terrace,E01033198,County Durham 021E,Other crime,,
,2011-03,Durham Constabulary,Durham Constabulary,-1.386565,54.815809,On or near Federation Square,E01033198,County Durham 021E,Other crime,,
,2011-03,Durham Constabulary,Durham Constabulary,-1.386565,54.815809,On or near Federation Square,E01033198,County Durham 021E,Other crime,,
,2011-03,Durham Constabulary,Durham Constabulary,-1.385939,54.816057,On or near Windsor Terrace,E01033198,County Durham 021E,Other crime,,
,2011-03,Durham Constabulary,Durham Constabulary,-1.384835,54.817031,On or near Western Terrace South,E01033198,County Durham 021E,Other crime,,
,2011-03,Durham Constabulary,Durham Constabulary,-1.395045,54.799190,On or near Windermere Road,E01033205,County Durham 021F,Anti-social behaviour,,
,2011-03,Durham Constabulary,Durham Constabulary,-1.418227,54.803159,On or near Donald Avenue,E01033205,County Durham 021F,Anti-social behaviour,,
,2011-03,Durham Constabulary,Durham Constabulary,-1.395045,54.799190,On or near Windermere Road,E01033205,County Durham 021F,Anti-social behaviour,,
,2011-03,Durham Constabulary,Durham Constabulary,-1.418227,54.803159,On or near Donald Avenue,E01033205,County Durham 021F,Anti-social behaviour,,
,2011-03,Durham Constabulary,Durham Constabulary,-1.395045,54.799190,On or near Windermere Road,E01033205,County Durham 021F,Anti-social behaviour,,
,2011-03,Durham Constabulary,Durham Constabulary,-1.406568,54.798375,On or near Abbeydale Gardens,E01033205,County Durham 021F,Vehicle crime,,
,2011-03,Durham Constabulary,Durham Constabulary,-1.418214,54.804048,On or near Patrick Crescent,E01033206,County Durham 021G,Anti-social behaviour,,
,2011-03,Durham Constabulary,Durham Constabulary,-1.410296,54.799742,On or near Frederick Terrace,E01033206,County Durham 021G,Anti-social behaviour,,
,2011-03,Durham Constabulary,Durham Constabulary,-1.410971,54.798271,On or near Charters Crescent,E01033206,County Durham 021G,Anti-social behaviour,,
,2011-03,Durham Constabulary,Durham Constabulary,-1.412068,54.799840,On or near Jubilee Square,E01033206,County Durham 021G,Anti-social behaviour,,
,2011-03,Durham Constabulary,Durham Constabulary,-1.415217,54.803666,On or near Windsor Drive,E01033206,County Durham 021G,Anti-social behaviour,,
,2011-03,Durham Constabulary,Durham Constabulary,-1.410174,54.800676,On or near Regent Court,E01033206,County Durham 021G,Anti-social behaviour,,
,2011-03,Durham Constabulary,Durham Constabulary,-1.410296,54.799742,On or near Frederick Terrace,E01033206,County Durham 021G,Anti-social behaviour,,
,2011-03,Durham Constabulary,Durham Constabulary,-1.415217,54.803666,On or near Windsor Drive,E01033206,County Durham 021G,Anti-social behaviour,,
,2011-03,Durham Constabulary,Durham Constabulary,-1.410971,54.798271,On or near Charters Crescent,E01033206,County Durham 021G,Burglary,,
,2011-03,Durham Constabulary,Durham Constabulary,-1.416053,54.802924,On or near Braddyll Square,E01033206,County Durham 021G,Other crime,,
,2011-03,Durham Constabulary,Durham Constabulary,-1.410296,54.799742,On or near Frederick Terrace,E01033206,County Durham 021G,Other crime,,
,2011-03,Durham Constabulary,Durham Constabulary,-1.416053,54.802924,On or near Braddyll Square,E01033206,County Durham 021G,Other crime,,
,2011-03,Durham Constabulary,Durham Constabulary,-1.576067,54.805691,On or near Ryelands Way,E01020709,County Durham 022A,Anti-social behaviour,,
,2011-03,Durham Constabulary,Durham Constabulary,-1.557961,54.806803,On or near Rowan Drive,E01020709,County Durham 022A,Anti-social behaviour,,
,2011-03,Durham Constabulary,Durham Constabulary,-1.574323,54.805801,On or near Kira Drive,E01020709,County Durham 022A,Anti-social behaviour,,
,2011-03,Durham Constabulary,Durham Constabulary,-1.559553,54.806387,On or near Finchale Avenue,E01020709,County Durham 022A,Anti-social behaviour,,
,2011-03,Durham Constabulary,Durham Constabulary,-1.576449,54.806321,On or near Beaver Close,E01020709,County Durham 022A,Anti-social behaviour,,
,2011-03,Durham Constabulary,Durham Constabulary,-1.576067,54.805691,On or near Ryelands Way,E01020709,County Durham 022A,Anti-social behaviour,,
,2011-03,Durham Constabulary,Durham Constabulary,-1.557961,54.806803,On or near Rowan Drive,E01020709,County Durham 022A,Anti-social behaviour,,
,2011-03,Durham Constabulary,Durham Constabulary,-1.576449,54.806321,On or near Beaver Close,E01020709,County Durham 022A,Anti-social behaviour,,
,2011-03,Durham Constabulary,Durham Constabulary,-1.557961,54.806803,On or near Rowan Drive,E01020709,County Durham 022A,Anti-social behaviour,,
,2011-03,Durham Constabulary,Durham Constabulary,-1.557961,54.806803,On or near Rowan Drive,E01020709,County Durham 022A,Violent crime,,
,2011-03,Durham Constabulary,Durham Constabulary,-1.576449,54.806321,On or near Beaver Close,E01020709,County Durham 022A,Other crime,,
,2011-03,Durham Constabulary,Durham Constabulary,-1.576449,54.806321,On or near Beaver Close,E01020709,County Durham 022A,Other crime,,
,2011-03,Durham Constabulary,Durham Constabulary,-1.576449,54.806321,On or near Beaver Close,E01020709,County Durham 022A,Other crime,,
,2011-03,Durham Constabulary,Durham Constabulary,-1.573313,54.807137,On or near Oatlands Way,E01020709,County Durham 022A,Other crime,,
,2011-03,Durham Constabulary,Durham Constabulary,-1.568705,54.800138,On or near Auckland Road,E01020717,County Durham 022B,Anti-social behaviour,,
,2011-03,Durham Constabulary,Durham Constabulary,-1.563451,54.804136,On or near Salisbury Road,E01020717,County Durham 022B,Anti-social behaviour,,
,2011-03,Durham Constabulary,Durham Constabulary,-1.565631,54.803892,On or near York Crescent,E01020717,County Durham 022B,Anti-social behaviour,,
,2011-03,Durham Constabulary,Durham Constabulary,-1.570635,54.802940,On or near Rothbury Road,E01020717,County Durham 022B,Vehicle crime,,
,2011-03,Durham Constabulary,Durham Constabulary,-1.567327,54.802488,On or near Norwich Road,E01020717,County Durham 022B,Vehicle crime,,
,2011-03,Durham Constabulary,Durham Constabulary,-1.577824,54.801257,On or near Raby Road,E01020718,County Durham 022C,Anti-social behaviour,,
,2011-03,Durham Constabulary,Durham Constabulary,-1.576182,54.803624,On or near Bolton Close,E01020718,County Durham 022C,Anti-social behaviour,,
,2011-03,Durham Constabulary,Durham Constabulary,-1.574367,54.801614,On or near Warkworth Road,E01020718,County Durham 022C,Anti-social behaviour,,
,2011-03,Durham Constabulary,Durham Constabulary,-1.576182,54.803624,On or near Bolton Close,E01020718,County Durham 022C,Anti-social behaviour,,
,2011-03,Durham Constabulary,Durham Constabulary,-1.576182,54.803624,On or near Bolton Close,E01020718,County Durham 022C,Anti-social behaviour,,
,2011-03,Durham Constabulary,Durham Constabulary,-1.576182,54.803624,On or near Bolton Close,E01020718,County Durham 022C,Anti-social behaviour,,
,2011-03,Durham Constabulary,Durham Constabulary,-1.576182,54.803624,On or near Bolton Close,E01020718,County Durham 022C,Anti-social behaviour,,
,2011-03,Durham Constabulary,Durham Constabulary,-1.572068,54.801327,On or near Richmond Road,E01020718,County Durham 022C,Anti-social behaviour,,
,2011-03,Durham Constabulary,Durham Constabulary,-1.570493,54.797260,On or near Chillingham Road,E01020719,County Durham 022D,Anti-social behaviour,,
,2011-03,Durham Constabulary,Durham Constabulary,-1.567753,54.798993,On or near Etherley Close,E01020719,County Durham 022D,Other crime,,
,2011-03,Durham Constabulary,Durham Constabulary,-1.564756,54.797024,On or near Blanchland Avenue,E01020721,County Durham 022E,Anti-social behaviour,,
,2011-03,Durham Constabulary,Durham Constabulary,-1.591274,54.791041,On or near Durham Moor Crescent,E01020708,County Durham 023A,Anti-social behaviour,,
,2011-03,Durham Constabulary,Durham Constabulary,-1.592656,54.792825,On or near St. Cuthberts Avenue,E01020708,County Durham 023A,Anti-social behaviour,,
,2011-03,Durham Constabulary,Durham Constabulary,-1.591696,54.795437,On or near Garden Avenue,E01020708,County Durham 023A,Anti-social behaviour,,
,2011-03,Durham Constabulary,Durham Constabulary,-1.592656,54.792825,On or near St. Cuthberts Avenue,E01020708,County Durham 023A,Anti-social behaviour,,
,2011-03,Durham Constabulary,Durham Constabulary,-1.592656,54.792825,On or near St. Cuthberts Avenue,E01020708,County Durham 023A,Anti-social behaviour,,
,2011-03,Durham Constabulary,Durham Constabulary,-1.592656,54.792825,On or near St. Cuthberts Avenue,E01020708,County Durham 023A,Anti-social behaviour,,
,2011-03,Durham Constabulary,Durham Constabulary,-1.591696,54.795437,On or near Garden Avenue,E01020708,County Durham 023A,Anti-social behaviour,,
,2011-03,Durham Constabulary,Durham Constabulary,-1.590977,54.795839,On or near Newcastle Terrace,E01020708,County Durham 023A,Anti-social behaviour,,
,2011-03,Durham Constabulary,Durham Constabulary,-1.595619,54.791918,On or near Westcott Drive,E01020708,County Durham 023A,Anti-social behaviour,,
,2011-03,Durham Constabulary,Durham Constabulary,-1.590854,54.794086,On or near Tindale Avenue,E01020708,County Durham 023A,Anti-social behaviour,,
,2011-03,Durham Constabulary,Durham Constabulary,-1.590977,54.795839,On or near Newcastle Terrace,E01020708,County Durham 023A,Anti-social behaviour,,
,2011-03,Durham Constabulary,Durham Constabulary,-1.591698,54.795239,On or near Durham Terrace,E01020708,County Durham 023A,Anti-social behaviour,,
,2011-03,Durham Constabulary,Durham Constabulary,-1.591698,54.795239,On or near Durham Terrace,E01020708,County Durham 023A,Anti-social behaviour,,
,2011-03,Durham Constabulary,Durham Constabulary,-1.591696,54.795437,On or near Garden Avenue,E01020708,County Durham 023A,Violent crime,,
,2011-03,Durham Constabulary,Durham Constabulary,-1.591698,54.795239,On or near Durham Terrace,E01020708,County Durham 023A,Other crime,,
,2011-03,Durham Constabulary,Durham Constabulary,-1.591696,54.795437,On or near Garden Avenue,E01020708,County Durham 023A,Other crime,,
,2011-03,Durham Constabulary,Durham Constabulary,-1.591243,54.801833,On or near Hartside View,E01020710,County Durham 023B,Anti-social behaviour,,
,2011-03,Durham Constabulary,Durham Constabulary,-1.591503,54.802275,On or near Anvil Court,E01020710,County Durham 023B,Anti-social behaviour,,
,2011-03,Durham Constabulary,Durham Constabulary,-1.591598,54.800550,On or near Hudspeth Crescent,E01020710,County Durham 023B,Anti-social behaviour,,
,2011-03,Durham Constabulary,Durham Constabulary,-1.587370,54.803258,On or near The Orchard,E01020710,County Durham 023B,Anti-social behaviour,,
,2011-03,Durham Constabulary,Durham Constabulary,-1.589818,54.802718,On or near Folly Terrace,E01020710,County Durham 023B,Anti-social behaviour,,
,2011-03,Durham Constabulary,Durham Constabulary,-1.583834,54.805241,On or near Abbey Road,E01020710,County Durham 023B,Anti-social behaviour,,
,2011-03,Durham Constabulary,Durham Constabulary,-1.591243,54.801833,On or near Hartside View,E01020710,County Durham 023B,Anti-social behaviour,,
,2011-03,Durham Constabulary,Durham Constabulary,-1.589701,54.805081,On or near Farrier Close,E01020710,County Durham 023B,Anti-social behaviour,,
,2011-03,Durham Constabulary,Durham Constabulary,-1.591243,54.801833,On or near Hartside View,E01020710,County Durham 023B,Anti-social behaviour,,
,2011-03,Durham Constabulary,Durham Constabulary,-1.587912,54.801966,On or near Bishops Way,E01020710,County Durham 023B,Anti-social behaviour,,
,2011-03,Durham Constabulary,Durham Constabulary,-1.590488,54.802667,On or near Woodbine Road,E01020710,County Durham 023B,Anti-social behaviour,,
,2011-03,Durham Constabulary,Durham Constabulary,-1.583834,54.805241,On or near Abbey Road,E01020710,County Durham 023B,Anti-social behaviour,,
,2011-03,Durham Constabulary,Durham Constabulary,-1.586336,54.805519,On or near Smithfield,E01020710,County Durham 023B,Vehicle crime,,
,2011-03,Durham Constabulary,Durham Constabulary,-1.583834,54.805241,On or near Abbey Road,E01020710,County Durham 023B,Other crime,,
,2011-03,Durham Constabulary,Durham Constabulary,-1.586336,54.805519,On or near Smithfield,E01020710,County Durham 023B,Other crime,,
,2011-03,Durham Constabulary,Durham Constabulary,-1.583834,54.805241,On or near Abbey Road,E01020710,County Durham 023B,Other crime,,
,2011-03,Durham Constabulary,Durham Constabulary,-1.589701,54.805081,On or near Farrier Close,E01020710,County Durham 023B,Other crime,,
,2011-03,Durham Constabulary,Durham Constabulary,-1.583834,54.805241,On or near Abbey Road,E01020710,County Durham 023B,Other crime,,
,2011-03,Durham Constabulary,Durham Constabulary,-1.583834,54.805241,On or near Abbey Road,E01020710,County Durham 023B,Other crime,,
,2011-03,Durham Constabulary,Durham Constabulary,-1.583834,54.805241,On or near Abbey Road,E01020710,County Durham 023B,Other crime,,
,2011-03,Durham Constabulary,Durham Constabulary,-1.590549,54.804249,On or near The Forge,E01020710,County Durham 023B,Other crime,,
,2011-03,Durham Constabulary,Durham Constabulary,-1.585194,54.792512,On or near Lilac Avenue,E01020711,County Durham 023C,Anti-social behaviour,,
,2011-03,Durham Constabulary,Durham Constabulary,-1.584251,54.793434,On or near Flambard Road,E01020711,County Durham 023C,Anti-social behaviour,,
,2011-03,Durham Constabulary,Durham Constabulary,-1.585194,54.792512,On or near Lilac Avenue,E01020711,County Durham 023C,Anti-social behaviour,,
,2011-03,Durham Constabulary,Durham Constabulary,-1.585194,54.792512,On or near Lilac Avenue,E01020711,County Durham 023C,Anti-social behaviour,,
,2011-03,Durham Constabulary,Durham Constabulary,-1.585194,54.792512,On or near Lilac Avenue,E01020711,County Durham 023C,Anti-social behaviour,,
,2011-03,Durham Constabulary,Durham Constabulary,-1.585194,54.792512,On or near Lilac Avenue,E01020711,County Durham 023C,Anti-social behaviour,,
,2011-03,Durham Constabulary,Durham Constabulary,-1.585194,54.792512,On or near Lilac Avenue,E01020711,County Durham 023C,Anti-social behaviour,,
,2011-03,Durham Constabulary,Durham Constabulary,-1.585194,54.792512,On or near Lilac Avenue,E01020711,County Durham 023C,Anti-social behaviour,,
,2011-03,Durham Constabulary,Durham Constabulary,-1.589337,54.793371,On or near Kirby Avenue,E01020711,County Durham 023C,Anti-social behaviour,,
,2011-03,Durham Constabulary,Durham Constabulary,-1.594190,54.790215,On or near Dryburn Hill,E01020711,County Durham 023C,Anti-social behaviour,,
,2011-03,Durham Constabulary,Durham Constabulary,-1.585194,54.792512,On or near Lilac Avenue,E01020711,County Durham 023C,Anti-social behaviour,,
,2011-03,Durham Constabulary,Durham Constabulary,-1.585194,54.792512,On or near Lilac Avenue,E01020711,County Durham 023C,Anti-social behaviour,,
,2011-03,Durham Constabulary,Durham Constabulary,-1.585194,54.792512,On or near Lilac Avenue,E01020711,County Durham 023C,Anti-social behaviour,,
,2011-03,Durham Constabulary,Durham Constabulary,-1.585194,54.792512,On or near Lilac Avenue,E01020711,County Durham 023C,Anti-social behaviour,,
,2011-03,Durham Constabulary,Durham Constabulary,-1.585194,54.792512,On or near Lilac Avenue,E01020711,County Durham 023C,Anti-social behaviour,,
,2011-03,Durham Constabulary,Durham Constabulary,-1.585194,54.792512,On or near Lilac Avenue,E01020711,County Durham 023C,Anti-social behaviour,,
,2011-03,Durham Constabulary,Durham Constabulary,-1.585194,54.792512,On or near Lilac Avenue,E01020711,County Durham 023C,Anti-social behaviour,,
,2011-03,Durham Constabulary,Durham Constabulary,-1.585194,54.792512,On or near Lilac Avenue,E01020711,County Durham 023C,Anti-social behaviour,,
,2011-03,Durham Constabulary,Durham Constabulary,-1.585194,54.792512,On or near Lilac Avenue,E01020711,County Durham 023C,Anti-social behaviour,,
,2011-03,Durham Constabulary,Durham Constabulary,-1.585194,54.792512,On or near Lilac Avenue,E01020711,County Durham 023C,Anti-social behaviour,,
,2011-03,Durham Constabulary,Durham Constabulary,-1.585194,54.792512,On or near Lilac Avenue,E01020711,County Durham 023C,Anti-social behaviour,,
,2011-03,Durham Constabulary,Durham Constabulary,-1.581549,54.796031,On or near Caterhouse Road,E01020711,County Durham 023C,Anti-social behaviour,,
,2011-03,Durham Constabulary,Durham Constabulary,-1.594190,54.790215,On or near Dryburn Hill,E01020711,County Durham 023C,Anti-social behaviour,,
,2011-03,Durham Constabulary,Durham Constabulary,-1.585194,54.792512,On or near Lilac Avenue,E01020711,County Durham 023C,Anti-social behaviour,,
,2011-03,Durham Constabulary,Durham Constabulary,-1.585194,54.792512,On or near Lilac Avenue,E01020711,County Durham 023C,Anti-social behaviour,,
,2011-03,Durham Constabulary,Durham Constabulary,-1.585194,54.792512,On or near Lilac Avenue,E01020711,County Durham 023C,Anti-social behaviour,,
,2011-03,Durham Constabulary,Durham Constabulary,-1.594190,54.790215,On or near Dryburn Hill,E01020711,County Durham 023C,Anti-social behaviour,,
,2011-03,Durham Constabulary,Durham Constabulary,-1.585194,54.792512,On or near Lilac Avenue,E01020711,County Durham 023C,Anti-social behaviour,,
,2011-03,Durham Constabulary,Durham Constabulary,-1.594190,54.790215,On or near Dryburn Hill,E01020711,County Durham 023C,Anti-social behaviour,,
,2011-03,Durham Constabulary,Durham Constabulary,-1.585194,54.792512,On or near Lilac Avenue,E01020711,County Durham 023C,Anti-social behaviour,,
,2011-03,Durham Constabulary,Durham Constabulary,-1.585194,54.792512,On or near Lilac Avenue,E01020711,County Durham 023C,Anti-social behaviour,,
,2011-03,Durham Constabulary,Durham Constabulary,-1.585194,54.792512,On or near Lilac Avenue,E01020711,County Durham 023C,Anti-social behaviour,,
,2011-03,Durham Constabulary,Durham Constabulary,-1.594190,54.790215,On or near Dryburn Hill,E01020711,County Durham 023C,Anti-social behaviour,,
,2011-03,Durham Constabulary,Durham Constabulary,-1.594190,54.790215,On or near Dryburn Hill,E01020711,County Durham 023C,Anti-social behaviour,,
,2011-03,Durham Constabulary,Durham Constabulary,-1.585194,54.792512,On or near Lilac Avenue,E01020711,County Durham 023C,Anti-social behaviour,,
,2011-03,Durham Constabulary,Durham Constabulary,-1.594190,54.790215,On or near Dryburn Hill,E01020711,County Durham 023C,Anti-social behaviour,,
,2011-03,Durham Constabulary,Durham Constabulary,-1.588920,54.794627,On or near Gray Avenue,E01020711,County Durham 023C,Anti-social behaviour,,
,2011-03,Durham Constabulary,Durham Constabulary,-1.588432,54.795228,On or near Lund Avenue,E01020711,County Durham 023C,Anti-social behaviour,,
,2011-03,Durham Constabulary,Durham Constabulary,-1.585194,54.792512,On or near Lilac Avenue,E01020711,County Durham 023C,Anti-social behaviour,,
,2011-03,Durham Constabulary,Durham Constabulary,-1.588432,54.795228,On or near Lund Avenue,E01020711,County Durham 023C,Anti-social behaviour,,
,2011-03,Durham Constabulary,Durham Constabulary,-1.585194,54.792512,On or near Lilac Avenue,E01020711,County Durham 023C,Anti-social behaviour,,
,2011-03,Durham Constabulary,Durham Constabulary,-1.585194,54.792512,On or near Lilac Avenue,E01020711,County Durham 023C,Anti-social behaviour,,
,2011-03,Durham Constabulary,Durham Constabulary,-1.586676,54.795042,On or near Newton Drive,E01020711,County Durham 023C,Anti-social behaviour,,
,2011-03,Durham Constabulary,Durham Constabulary,-1.594190,54.790215,On or near Dryburn Hill,E01020711,County Durham 023C,Anti-social behaviour,,
,2011-03,Durham Constabulary,Durham Constabulary,-1.585194,54.792512,On or near Lilac Avenue,E01020711,County Durham 023C,Anti-social behaviour,,
,2011-03,Durham Constabulary,Durham Constabulary,-1.586676,54.795042,On or near Newton Drive,E01020711,County Durham 023C,Anti-social behaviour,,
,2011-03,Durham Constabulary,Durham Constabulary,-1.585194,54.792512,On or near Lilac Avenue,E01020711,County Durham 023C,Anti-social behaviour,,
,2011-03,Durham Constabulary,Durham Constabulary,-1.586676,54.795042,On or near Newton Drive,E01020711,County Durham 023C,Anti-social behaviour,,
,2011-03,Durham Constabulary,Durham Constabulary,-1.585194,54.792512,On or near Lilac Avenue,E01020711,County Durham 023C,Anti-social behaviour,,
,2011-03,Durham Constabulary,Durham Constabulary,-1.586676,54.795042,On or near Newton Drive,E01020711,County Durham 023C,Anti-social behaviour,,
,2011-03,Durham Constabulary,Durham Constabulary,-1.583910,54.796399,On or near Carrside,E01020711,County Durham 023C,Violent crime,,
,2011-03,Durham Constabulary,Durham Constabulary,-1.594190,54.790215,On or near Dryburn Hill,E01020711,County Durham 023C,Violent crime,,
,2011-03,Durham Constabulary,Durham Constabulary,-1.594190,54.790215,On or near Dryburn Hill,E01020711,County Durham 023C,Violent crime,,
,2011-03,Durham Constabulary,Durham Constabulary,-1.583910,54.796399,On or near Carrside,E01020711,County Durham 023C,Violent crime,,
,2011-03,Durham Constabulary,Durham Constabulary,-1.583910,54.796399,On or near Carrside,E01020711,County Durham 023C,Other crime,,
,2011-03,Durham Constabulary,Durham Constabulary,-1.586676,54.795042,On or near Newton Drive,E01020711,County Durham 023C,Other crime,,
,2011-03,Durham Constabulary,Durham Constabulary,-1.594190,54.790215,On or near Dryburn Hill,E01020711,County Durham 023C,Other crime,,
,2011-03,Durham Constabulary,Durham Constabulary,-1.587058,54.794181,On or near Ashleigh Avenue,E01020711,County Durham 023C,Other crime,,
,2011-03,Durham Constabulary,Durham Constabulary,-1.594190,54.790215,On or near Dryburn Hill,E01020711,County Durham 023C,Other crime,,
,2011-03,Durham Constabulary,Durham Constabulary,-1.578150,54.798329,On or near Ayden Grove,E01020720,County Durham 023D,Anti-social behaviour,,
,2011-03,Durham Constabulary,Durham Constabulary,-1.578150,54.798329,On or near Ayden Grove,E01020720,County Durham 023D,Anti-social behaviour,,
,2011-03,Durham Constabulary,Durham Constabulary,-1.576030,54.798825,On or near Carr House Drive,E01020720,County Durham 023D,Anti-social behaviour,,
,2011-03,Durham Constabulary,Durham Constabulary,-1.577037,54.796186,On or near Bek Road,E01020720,County Durham 023D,Anti-social behaviour,,
,2011-03,Durham Constabulary,Durham Constabulary,-1.574631,54.794246,On or near Farnham Road,E01020720,County Durham 023D,Anti-social behaviour,,
,2011-03,Durham Constabulary,Durham Constabulary,-1.576030,54.798825,On or near Carr House Drive,E01020720,County Durham 023D,Anti-social behaviour,,
,2011-03,Durham Constabulary,Durham Constabulary,-1.575753,54.794007,On or near Farnham Close,E01020720,County Durham 023D,Violent crime,,
,2011-03,Durham Constabulary,Durham Constabulary,-1.714855,54.776656,On or near Cliffords Gate,E01020646,County Durham 024A,Anti-social behaviour,,
,2011-03,Durham Constabulary,Durham Constabulary,-1.716173,54.777045,On or near Valley Drive,E01020646,County Durham 024A,Anti-social behaviour,,
,2011-03,Durham Constabulary,Durham Constabulary,-1.716173,54.777045,On or near Valley Drive,E01020646,County Durham 024A,Anti-social behaviour,,
,2011-03,Durham Constabulary,Durham Constabulary,-1.736004,54.785151,On or near Commercial Street,E01020646,County Durham 024A,Other crime,,
,2011-03,Durham Constabulary,Durham Constabulary,-1.736004,54.785151,On or near Commercial Street,E01020646,County Durham 024A,Other crime,,
,2011-03,Durham Constabulary,Durham Constabulary,-1.757501,54.757859,On or near Deerness View,E01020646,County Durham 024A,Other crime,,
,2011-03,Durham Constabulary,Durham Constabulary,-1.757501,54.757859,On or near Deerness View,E01020646,County Durham 024A,Other crime,,
,2011-03,Durham Constabulary,Durham Constabulary,-1.820462,54.782861,On or near Glebeside,E01020646,County Durham 024A,Other crime,,
,2011-03,Durham Constabulary,Durham Constabulary,-1.820462,54.782861,On or near Glebeside,E01020646,County Durham 024A,Other crime,,
,2011-03,Durham Constabulary,Durham Constabulary,-1.668650,54.795896,On or near Springwell Avenue,E01020658,County Durham 024B,Anti-social behaviour,,
,2011-03,Durham Constabulary,Durham Constabulary,-1.673949,54.800322,On or near Dale Street,E01020658,County Durham 024B,Anti-social behaviour,,
,2011-03,Durham Constabulary,Durham Constabulary,-1.673949,54.800322,On or near Dale Street,E01020658,County Durham 024B,Anti-social behaviour,,
,2011-03,Durham Constabulary,Durham Constabulary,-1.668386,54.799606,On or near Elm Street,E01020658,County Durham 024B,Anti-social behaviour,,
,2011-03,Durham Constabulary,Durham Constabulary,-1.673949,54.800322,On or near Dale Street,E01020658,County Durham 024B,Anti-social behaviour,,
,2011-03,Durham Constabulary,Durham Constabulary,-1.673949,54.800322,On or near Dale Street,E01020658,County Durham 024B,Anti-social behaviour,,
,2011-03,Durham Constabulary,Durham Constabulary,-1.673949,54.800322,On or near Dale Street,E01020658,County Durham 024B,Anti-social behaviour,,
,2011-03,Durham Constabulary,Durham Constabulary,-1.673949,54.800322,On or near Dale Street,E01020658,County Durham 024B,Anti-social behaviour,,
,2011-03,Durham Constabulary,Durham Constabulary,-1.673949,54.800322,On or near Dale Street,E01020658,County Durham 024B,Anti-social behaviour,,
,2011-03,Durham Constabulary,Durham Constabulary,-1.665956,54.798225,On or near Park Close,E01020658,County Durham 024B,Anti-social behaviour,,
,2011-03,Durham Constabulary,Durham Constabulary,-1.673949,54.800322,On or near Dale Street,E01020658,County Durham 024B,Anti-social behaviour,,
,2011-03,Durham Constabulary,Durham Constabulary,-1.673949,54.800322,On or near Dale Street,E01020658,County Durham 024B,Anti-social behaviour,,
,2011-03,Durham Constabulary,Durham Constabulary,-1.673949,54.800322,On or near Dale Street,E01020658,County Durham 024B,Anti-social behaviour,,
,2011-03,Durham Constabulary,Durham Constabulary,-1.673949,54.800322,On or near Dale Street,E01020658,County Durham 024B,Anti-social behaviour,,
,2011-03,Durham Constabulary,Durham Constabulary,-1.668314,54.797000,On or near Eastern Avenue,E01020658,County Durham 024B,Anti-social behaviour,,
,2011-03,Durham Constabulary,Durham Constabulary,-1.667213,54.800493,On or near Bridge Street,E01020658,County Durham 024B,Anti-social behaviour,,
,2011-03,Durham Constabulary,Durham Constabulary,-1.673949,54.800322,On or near Dale Street,E01020658,County Durham 024B,Anti-social behaviour,,
,2011-03,Durham Constabulary,Durham Constabulary,-1.673949,54.800322,On or near Dale Street,E01020658,County Durham 024B,Anti-social behaviour,,
,2011-03,Durham Constabulary,Durham Constabulary,-1.667213,54.800493,On or near Bridge Street,E01020658,County Durham 024B,Anti-social behaviour,,
,2011-03,Durham Constabulary,Durham Constabulary,-1.668386,54.799606,On or near Elm Street,E01020658,County Durham 024B,Anti-social behaviour,,
,2011-03,Durham Constabulary,Durham Constabulary,-1.673949,54.800322,On or near Dale Street,E01020658,County Durham 024B,Anti-social behaviour,,
,2011-03,Durham Constabulary,Durham Constabulary,-1.668386,54.799606,On or near Elm Street,E01020658,County Durham 024B,Anti-social behaviour,,
,2011-03,Durham Constabulary,Durham Constabulary,-1.668386,54.799606,On or near Elm Street,E01020658,County Durham 024B,Anti-social behaviour,,
,2011-03,Durham Constabulary,Durham Constabulary,-1.669107,54.795115,On or near East Clere,E01020658,County Durham 024B,Anti-social behaviour,,
,2011-03,Durham Constabulary,Durham Constabulary,-1.673949,54.800322,On or near Dale Street,E01020658,County Durham 024B,Anti-social behaviour,,
,2011-03,Durham Constabulary,Durham Constabulary,-1.667714,54.800009,On or near Wood View,E01020658,County Durham 024B,Anti-social behaviour,,
,2011-03,Durham Constabulary,Durham Constabulary,-1.673949,54.800322,On or near Dale Street,E01020658,County Durham 024B,Anti-social behaviour,,
,2011-03,Durham Constabulary,Durham Constabulary,-1.673949,54.800322,On or near Dale Street,E01020658,County Durham 024B,Anti-social behaviour,,
,2011-03,Durham Constabulary,Durham Constabulary,-1.673949,54.800322,On or near Dale Street,E01020658,County Durham 024B,Anti-social behaviour,,
,2011-03,Durham Constabulary,Durham Constabulary,-1.668386,54.799606,On or near Elm Street,E01020658,County Durham 024B,Anti-social behaviour,,
,2011-03,Durham Constabulary,Durham Constabulary,-1.665760,54.797424,On or near Esh Hillside,E01020658,County Durham 024B,Vehicle crime,,
,2011-03,Durham Constabulary,Durham Constabulary,-1.667213,54.800493,On or near Bridge Street,E01020658,County Durham 024B,Other crime,,
,2011-03,Durham Constabulary,Durham Constabulary,-1.673949,54.800322,On or near Dale Street,E01020658,County Durham 024B,Other crime,,
,2011-03,Durham Constabulary,Durham Constabulary,-1.668386,54.799606,On or near Elm Street,E01020658,County Durham 024B,Other crime,,
,2011-03,Durham Constabulary,Durham Constabulary,-1.665760,54.797424,On or near Esh Hillside,E01020658,County Durham 024B,Other crime,,
,2011-03,Durham Constabulary,Durham Constabulary,-1.678019,54.797188,On or near Herrington Close,E01020659,County Durham 024C,Anti-social behaviour,,
,2011-03,Durham Constabulary,Durham Constabulary,-1.680613,54.797590,On or near Penshaw Close,E01020659,County Durham 024C,Anti-social behaviour,,
,2011-03,Durham Constabulary,Durham Constabulary,-1.678019,54.797188,On or near Herrington Close,E01020659,County Durham 024C,Anti-social behaviour,,
,2011-03,Durham Constabulary,Durham Constabulary,-1.678246,54.797925,On or near Eppleton Close,E01020659,County Durham 024C,Burglary,,
,2011-03,Durham Constabulary,Durham Constabulary,-1.675614,54.798395,On or near Meadow Bank,E01020659,County Durham 024C,Other crime,,
,2011-03,Durham Constabulary,Durham Constabulary,-1.685470,54.799005,On or near The Crescent,E01020660,County Durham 024D,Anti-social behaviour,,
,2011-03,Durham Constabulary,Durham Constabulary,-1.685827,54.799158,On or near Davis Crescent,E01020660,County Durham 024D,Anti-social behaviour,,
,2011-03,Durham Constabulary,Durham Constabulary,-1.685964,54.797523,On or near Cedar Court,E01020660,County Durham 024D,Anti-social behaviour,,
,2011-03,Durham Constabulary,Durham Constabulary,-1.685827,54.799158,On or near Davis Crescent,E01020660,County Durham 024D,Anti-social behaviour,,
,2011-03,Durham Constabulary,Durham Constabulary,-1.685827,54.799158,On or near Davis Crescent,E01020660,County Durham 024D,Vehicle crime,,
,2011-03,Durham Constabulary,Durham Constabulary,-1.335357,54.789011,On or near Oswald Terrace,E01020751,County Durham 025A,Anti-social behaviour,,
,2011-03,Durham Constabulary,Durham Constabulary,-1.338693,54.789433,On or near Holm Hill Gardens,E01020751,County Durham 025A,Burglary,,
,2011-03,Durham Constabulary,Durham Constabulary,-1.335357,54.789011,On or near Oswald Terrace,E01020751,County Durham 025A,Other crime,,
,2011-03,Durham Constabulary,Durham Constabulary,-1.331738,54.788739,On or near Vincent Street,E01020752,County Durham 025B,Anti-social behaviour,,
,2011-03,Durham Constabulary,Durham Constabulary,-1.326294,54.788790,On or near Avon Street,E01020752,County Durham 025B,Anti-social behaviour,,
,2011-03,Durham Constabulary,Durham Constabulary,-1.331738,54.788739,On or near Vincent Street,E01020752,County Durham 025B,Anti-social behaviour,,
,2011-03,Durham Constabulary,Durham Constabulary,-1.323276,54.788827,On or near Leech Court,E01020752,County Durham 025B,Anti-social behaviour,,
,2011-03,Durham Constabulary,Durham Constabulary,-1.326294,54.788790,On or near Avon Street,E01020752,County Durham 025B,Anti-social behaviour,,
,2011-03,Durham Constabulary,Durham Constabulary,-1.331738,54.788739,On or near Vincent Street,E01020752,County Durham 025B,Anti-social behaviour,,
,2011-03,Durham Constabulary,Durham Constabulary,-1.323276,54.788827,On or near Leech Court,E01020752,County Durham 025B,Anti-social behaviour,,
,2011-03,Durham Constabulary,Durham Constabulary,-1.330230,54.788704,On or near School Street,E01020752,County Durham 025B,Anti-social behaviour,,
,2011-03,Durham Constabulary,Durham Constabulary,-1.320451,54.788515,On or near Office Street,E01020752,County Durham 025B,Anti-social behaviour,,
,2011-03,Durham Constabulary,Durham Constabulary,-1.324799,54.788908,On or near Anthony Street,E01020752,County Durham 025B,Anti-social behaviour,,
,2011-03,Durham Constabulary,Durham Constabulary,-1.325609,54.788840,On or near Angus Street,E01020752,County Durham 025B,Anti-social behaviour,,
,2011-03,Durham Constabulary,Durham Constabulary,-1.323276,54.788827,On or near Leech Court,E01020752,County Durham 025B,Anti-social behaviour,,
,2011-03,Durham Constabulary,Durham Constabulary,-1.331738,54.788739,On or near Vincent Street,E01020752,County Durham 025B,Anti-social behaviour,,
,2011-03,Durham Constabulary,Durham Constabulary,-1.323276,54.788827,On or near Leech Court,E01020752,County Durham 025B,Anti-social behaviour,,
,2011-03,Durham Constabulary,Durham Constabulary,-1.320451,54.788515,On or near Office Street,E01020752,County Durham 025B,Anti-social behaviour,,
,2011-03,Durham Constabulary,Durham Constabulary,-1.331738,54.788739,On or near Vincent Street,E01020752,County Durham 025B,Anti-social behaviour,,
,2011-03,Durham Constabulary,Durham Constabulary,-1.320451,54.788515,On or near Office Street,E01020752,County Durham 025B,Anti-social behaviour,,
,2011-03,Durham Constabulary,Durham Constabulary,-1.323276,54.788827,On or near Leech Court,E01020752,County Durham 025B,Anti-social behaviour,,
,2011-03,Durham Constabulary,Durham Constabulary,-1.323276,54.788827,On or near Leech Court,E01020752,County Durham 025B,Anti-social behaviour,,
,2011-03,Durham Constabulary,Durham Constabulary,-1.323276,54.788827,On or near Leech Court,E01020752,County Durham 025B,Anti-social behaviour,,
,2011-03,Durham Constabulary,Durham Constabulary,-1.331738,54.788739,On or near Vincent Street,E01020752,County Durham 025B,Burglary,,
,2011-03,Durham Constabulary,Durham Constabulary,-1.320451,54.788515,On or near Office Street,E01020752,County Durham 025B,Burglary,,
,2011-03,Durham Constabulary,Durham Constabulary,-1.320170,54.785844,On or near Station Road,E01020752,County Durham 025B,Burglary,,
,2011-03,Durham Constabulary,Durham Constabulary,-1.326294,54.788790,On or near Avon Street,E01020752,County Durham 025B,Burglary,,
,2011-03,Durham Constabulary,Durham Constabulary,-1.330230,54.788704,On or near School Street,E01020752,County Durham 025B,Burglary,,
,2011-03,Durham Constabulary,Durham Constabulary,-1.320170,54.785844,On or near Station Road,E01020752,County Durham 025B,Violent crime,,
,2011-03,Durham Constabulary,Durham Constabulary,-1.320170,54.785844,On or near Station Road,E01020752,County Durham 025B,Violent crime,,
,2011-03,Durham Constabulary,Durham Constabulary,-1.331738,54.788739,On or near Vincent Street,E01020752,County Durham 025B,Violent crime,,
,2011-03,Durham Constabulary,Durham Constabulary,-1.331738,54.788739,On or near Vincent Street,E01020752,County Durham 025B,Violent crime,,
,2011-03,Durham Constabulary,Durham Constabulary,-1.324799,54.788908,On or near Anthony Street,E01020752,County Durham 025B,Other crime,,
,2011-03,Durham Constabulary,Durham Constabulary,-1.323276,54.788827,On or near Leech Court,E01020752,County Durham 025B,Other crime,,
,2011-03,Durham Constabulary,Durham Constabulary,-1.323276,54.788827,On or near Leech Court,E01020752,County Durham 025B,Other crime,,
,2011-03,Durham Constabulary,Durham Constabulary,-1.331738,54.788739,On or near Vincent Street,E01020752,County Durham 025B,Other crime,,
,2011-03,Durham Constabulary,Durham Constabulary,-1.320170,54.785844,On or near Station Road,E01020752,County Durham 025B,Other crime,,
,2011-03,Durham Constabulary,Durham Constabulary,-1.331738,54.788739,On or near Vincent Street,E01020752,County Durham 025B,Other crime,,
,2011-03,Durham Constabulary,Durham Constabulary,-1.354484,54.785106,On or near Rosemary Lane,E01020754,County Durham 025C,Anti-social behaviour,,
,2011-03,Durham Constabulary,Durham Constabulary,-1.354484,54.785106,On or near Rosemary Lane,E01020754,County Durham 025C,Anti-social behaviour,,
,2011-03,Durham Constabulary,Durham Constabulary,-1.361533,54.784838,On or near The Grove,E01020754,County Durham 025C,Anti-social behaviour,,
,2011-03,Durham Constabulary,Durham Constabulary,-1.354484,54.785106,On or near Rosemary Lane,E01020754,County Durham 025C,Anti-social behaviour,,
,2011-03,Durham Constabulary,Durham Constabulary,-1.361533,54.784838,On or near The Grove,E01020754,County Durham 025C,Anti-social behaviour,,
,2011-03,Durham Constabulary,Durham Constabulary,-1.354484,54.785106,On or near Rosemary Lane,E01020754,County Durham 025C,Anti-social behaviour,,
,2011-03,Durham Constabulary,Durham Constabulary,-1.354448,54.783506,On or near South Side,E01020754,County Durham 025C,Anti-social behaviour,,
,2011-03,Durham Constabulary,Durham Constabulary,-1.357586,54.800328,On or near Western Park,E01020754,County Durham 025C,Vehicle crime,,
,2011-03,Durham Constabulary,Durham Constabulary,-1.354484,54.785106,On or near Rosemary Lane,E01020754,County Durham 025C,Other crime,,
,2011-03,Durham Constabulary,Durham Constabulary,-1.357586,54.800328,On or near Western Park,E01020754,County Durham 025C,Other crime,,
,2011-03,Durham Constabulary,Durham Constabulary,-1.347947,54.785520,On or near Seaside Lane,E01020756,County Durham 025D,Anti-social behaviour,,
,2011-03,Durham Constabulary,Durham Constabulary,-1.352249,54.780987,On or near Nursery Gardens,E01020756,County Durham 025D,Anti-social behaviour,,
,2011-03,Durham Constabulary,Durham Constabulary,-1.350504,54.781185,On or near Thorpe Road,E01020756,County Durham 025D,Anti-social behaviour,,
,2011-03,Durham Constabulary,Durham Constabulary,-1.356779,54.783590,On or near Clappers Gate,E01020756,County Durham 025D,Anti-social behaviour,,
,2011-03,Durham Constabulary,Durham Constabulary,-1.357067,54.786009,On or near The Spinney,E01020756,County Durham 025D,Anti-social behaviour,,
,2011-03,Durham Constabulary,Durham Constabulary,-1.360072,54.783779,On or near St. Marys Close,E01020756,County Durham 025D,Anti-social behaviour,,
,2011-03,Durham Constabulary,Durham Constabulary,-1.353706,54.787142,On or near Fennel Grove,E01020756,County Durham 025D,Anti-social behaviour,,
,2011-03,Durham Constabulary,Durham Constabulary,-1.352989,54.784316,On or near Low Row,E01020756,County Durham 025D,Anti-social behaviour,,
,2011-03,Durham Constabulary,Durham Constabulary,-1.353706,54.787142,On or near Fennel Grove,E01020756,County Durham 025D,Anti-social behaviour,,
,2011-03,Durham Constabulary,Durham Constabulary,-1.356779,54.783590,On or near Clappers Gate,E01020756,County Durham 025D,Anti-social behaviour,,
,2011-03,Durham Constabulary,Durham Constabulary,-1.360072,54.783779,On or near St. Marys Close,E01020756,County Durham 025D,Anti-social behaviour,,
,2011-03,Durham Constabulary,Durham Constabulary,-1.352989,54.784316,On or near Low Row,E01020756,County Durham 025D,Anti-social behaviour,,
,2011-03,Durham Constabulary,Durham Constabulary,-1.350504,54.781185,On or near Thorpe Road,E01020756,County Durham 025D,Anti-social behaviour,,
,2011-03,Durham Constabulary,Durham Constabulary,-1.352249,54.780987,On or near Nursery Gardens,E01020756,County Durham 025D,Anti-social behaviour,,
,2011-03,Durham Constabulary,Durham Constabulary,-1.352249,54.780987,On or near Nursery Gardens,E01020756,County Durham 025D,Anti-social behaviour,,
,2011-03,Durham Constabulary,Durham Constabulary,-1.352989,54.784316,On or near Low Row,E01020756,County Durham 025D,Anti-social behaviour,,
,2011-03,Durham Constabulary,Durham Constabulary,-1.347947,54.785520,On or near Seaside Lane,E01020756,County Durham 025D,Burglary,,
,2011-03,Durham Constabulary,Durham Constabulary,-1.352989,54.784316,On or near Low Row,E01020756,County Durham 025D,Other crime,,
,2011-03,Durham Constabulary,Durham Constabulary,-1.635218,54.784657,On or near Ritson Avenue,E01020679,County Durham 026A,Anti-social behaviour,,
,2011-03,Durham Constabulary,Durham Constabulary,-1.635218,54.784657,On or near Ritson Avenue,E01020679,County Durham 026A,Anti-social behaviour,,
,2011-03,Durham Constabulary,Durham Constabulary,-1.630607,54.783906,On or near Byland Court,E01020679,County Durham 026A,Anti-social behaviour,,
,2011-03,Durham Constabulary,Durham Constabulary,-1.632496,54.783076,On or near Auton Stile,E01020679,County Durham 026A,Anti-social behaviour,,
,2011-03,Durham Constabulary,Durham Constabulary,-1.634419,54.785283,On or near Cook Avenue,E01020679,County Durham 026A,Anti-social behaviour,,
,2011-03,Durham Constabulary,Durham Constabulary,-1.634419,54.785283,On or near Cook Avenue,E01020679,County Durham 026A,Anti-social behaviour,,
,2011-03,Durham Constabulary,Durham Constabulary,-1.632496,54.783076,On or near Auton Stile,E01020679,County Durham 026A,Anti-social behaviour,,
,2011-03,Durham Constabulary,Durham Constabulary,-1.634419,54.785283,On or near Cook Avenue,E01020679,County Durham 026A,Anti-social behaviour,,
,2011-03,Durham Constabulary,Durham Constabulary,-1.635218,54.784657,On or near Ritson Avenue,E01020679,County Durham 026A,Anti-social behaviour,,
,2011-03,Durham Constabulary,Durham Constabulary,-1.632496,54.783076,On or near Auton Stile,E01020679,County Durham 026A,Anti-social behaviour,,
,2011-03,Durham Constabulary,Durham Constabulary,-1.630182,54.782745,On or near Wayside Court,E01020679,County Durham 026A,Anti-social behaviour,,
,2011-03,Durham Constabulary,Durham Constabulary,-1.634882,54.783928,On or near Kingston Avenue,E01020679,County Durham 026A,Anti-social behaviour,,
,2011-03,Durham Constabulary,Durham Constabulary,-1.629270,54.783794,On or near Taylor Avenue,E01020679,County Durham 026A,Anti-social behaviour,,
,2011-03,Durham Constabulary,Durham Constabulary,-1.634882,54.783928,On or near Kingston Avenue,E01020679,County Durham 026A,Anti-social behaviour,,
,2011-03,Durham Constabulary,Durham Constabulary,-1.630182,54.782745,On or near Wayside Court,E01020679,County Durham 026A,Anti-social behaviour,,
,2011-03,Durham Constabulary,Durham Constabulary,-1.630182,54.782745,On or near Wayside Court,E01020679,County Durham 026A,Anti-social behaviour,,
,2011-03,Durham Constabulary,Durham Constabulary,-1.634419,54.785283,On or near Cook Avenue,E01020679,County Durham 026A,Anti-social behaviour,,
,2011-03,Durham Constabulary,Durham Constabulary,-1.630182,54.782745,On or near Wayside Court,E01020679,County Durham 026A,Anti-social behaviour,,
,2011-03,Durham Constabulary,Durham Constabulary,-1.632496,54.783076,On or near Auton Stile,E01020679,County Durham 026A,Anti-social behaviour,,
,2011-03,Durham Constabulary,Durham Constabulary,-1.630182,54.782745,On or near Wayside Court,E01020679,County Durham 026A,Anti-social behaviour,,
,2011-03,Durham Constabulary,Durham Constabulary,-1.632496,54.783076,On or near Auton Stile,E01020679,County Durham 026A,Anti-social behaviour,,
,2011-03,Durham Constabulary,Durham Constabulary,-1.630182,54.782745,On or near Wayside Court,E01020679,County Durham 026A,Anti-social behaviour,,
,2011-03,Durham Constabulary,Durham Constabulary,-1.638349,54.785753,On or near Beaurepaire,E01020679,County Durham 026A,Burglary,,
,2011-03,Durham Constabulary,Durham Constabulary,-1.638349,54.785753,On or near Beaurepaire,E01020679,County Durham 026A,Burglary,,
,2011-03,Durham Constabulary,Durham Constabulary,-1.634882,54.783928,On or near Kingston Avenue,E01020679,County Durham 026A,Violent crime,,
,2011-03,Durham Constabulary,Durham Constabulary,-1.630182,54.782745,On or near Wayside Court,E01020679,County Durham 026A,Other crime,,
,2011-03,Durham Constabulary,Durham Constabulary,-1.630182,54.782745,On or near Wayside Court,E01020679,County Durham 026A,Other crime,,
,2011-03,Durham Constabulary,Durham Constabulary,-1.634419,54.785283,On or near Cook Avenue,E01020679,County Durham 026A,Other crime,,
,2011-03,Durham Constabulary,Durham Constabulary,-1.630182,54.782745,On or near Wayside Court,E01020679,County Durham 026A,Other crime,,
,2011-03,Durham Constabulary,Durham Constabulary,-1.630182,54.782745,On or near Wayside Court,E01020679,County Durham 026A,Other crime,,
,2011-03,Durham Constabulary,Durham Constabulary,-1.629270,54.783794,On or near Taylor Avenue,E01020679,County Durham 026A,Other crime,,
,2011-03,Durham Constabulary,Durham Constabulary,-1.638692,54.787363,On or near Hedley Court,E01020680,County Durham 026B,Anti-social behaviour,,
,2011-03,Durham Constabulary,Durham Constabulary,-1.634975,54.806448,On or near Burnside,E01020680,County Durham 026B,Anti-social behaviour,,
,2011-03,Durham Constabulary,Durham Constabulary,-1.636307,54.807162,On or near Acorn Croft,E01020680,County Durham 026B,Anti-social behaviour,,
,2011-03,Durham Constabulary,Durham Constabulary,-1.634975,54.806448,On or near Burnside,E01020680,County Durham 026B,Anti-social behaviour,,
,2011-03,Durham Constabulary,Durham Constabulary,-1.638692,54.787363,On or near Hedley Court,E01020680,County Durham 026B,Anti-social behaviour,,
,2011-03,Durham Constabulary,Durham Constabulary,-1.630787,54.806768,On or near Glebeside,E01020680,County Durham 026B,Vehicle crime,,
,2011-03,Durham Constabulary,Durham Constabulary,-1.634975,54.806448,On or near Burnside,E01020680,County Durham 026B,Other crime,,
,2011-03,Durham Constabulary,Durham Constabulary,-1.640876,54.805909,On or near Chapel Court,E01020680,County Durham 026B,Other crime,,
,2011-03,Durham Constabulary,Durham Constabulary,-1.634975,54.806448,On or near Burnside,E01020680,County Durham 026B,Other crime,,
,2011-03,Durham Constabulary,Durham Constabulary,-1.632396,54.807797,On or near Brookside,E01020680,County Durham 026B,Other crime,,
,2011-03,Durham Constabulary,Durham Constabulary,-1.634065,54.810732,On or near Briar Lea,E01020681,County Durham 026C,Anti-social behaviour,,
,2011-03,Durham Constabulary,Durham Constabulary,-1.632222,54.809837,On or near Oak Lea,E01020681,County Durham 026C,Anti-social behaviour,,
,2011-03,Durham Constabulary,Durham Constabulary,-1.636184,54.810478,On or near Norburn Park,E01020681,County Durham 026C,Anti-social behaviour,,
,2011-03,Durham Constabulary,Durham Constabulary,-1.633239,54.809175,On or near Durham Gardens,E01020681,County Durham 026C,Anti-social behaviour,,
,2011-03,Durham Constabulary,Durham Constabulary,-1.634479,54.809718,On or near Sacriston Lane,E01020681,County Durham 026C,Anti-social behaviour,,
,2011-03,Durham Constabulary,Durham Constabulary,-1.636184,54.810478,On or near Norburn Park,E01020681,County Durham 026C,Violent crime,,
,2011-03,Durham Constabulary,Durham Constabulary,-1.632059,54.810681,On or near Green Lea,E01020681,County Durham 026C,Other crime,,
,2011-03,Durham Constabulary,Durham Constabulary,-1.630116,54.810450,On or near Fyndoune Way,E01020681,County Durham 026C,Other crime,,
,2011-03,Durham Constabulary,Durham Constabulary,-1.629257,54.810771,On or near Findon Avenue,E01020681,County Durham 026C,Other crime,,
,2011-03,Durham Constabulary,Durham Constabulary,-1.633239,54.809175,On or near Durham Gardens,E01020681,County Durham 026C,Other crime,,
,2011-03,Durham Constabulary,Durham Constabulary,-1.641534,54.775527,On or near Boundary Close,E01020714,County Durham 026D,Anti-social behaviour,,
,2011-03,Durham Constabulary,Durham Constabulary,-1.641534,54.775527,On or near Boundary Close,E01020714,County Durham 026D,Anti-social behaviour,,
,2011-03,Durham Constabulary,Durham Constabulary,-1.642520,54.776527,On or near Cochrane Mews,E01020714,County Durham 026D,Anti-social behaviour,,
,2011-03,Durham Constabulary,Durham Constabulary,-1.630737,54.774677,On or near Beech Grove,E01020714,County Durham 026D,Anti-social behaviour,,
,2011-03,Durham Constabulary,Durham Constabulary,-1.621118,54.769300,On or near Cookes Wood,E01020714,County Durham 026D,Anti-social behaviour,,
,2011-03,Durham Constabulary,Durham Constabulary,-1.642520,54.776527,On or near Cochrane Mews,E01020714,County Durham 026D,Violent crime,,
,2011-03,Durham Constabulary,Durham Constabulary,-1.642520,54.776527,On or near Cochrane Mews,E01020714,County Durham 026D,Other crime,,
,2011-03,Durham Constabulary,Durham Constabulary,-1.626207,54.773675,On or near Castle View,E01020714,County Durham 026D,Other crime,,
,2011-03,Durham Constabulary,Durham Constabulary,-1.643914,54.778850,On or near Hunter Avenue,E01020716,County Durham 026E,Anti-social behaviour,,
,2011-03,Durham Constabulary,Durham Constabulary,-1.637159,54.779765,On or near Aldridge Court,E01020716,County Durham 026E,Anti-social behaviour,,
,2011-03,Durham Constabulary,Durham Constabulary,-1.637159,54.779765,On or near Aldridge Court,E01020716,County Durham 026E,Anti-social behaviour,,
,2011-03,Durham Constabulary,Durham Constabulary,-1.637159,54.779765,On or near Aldridge Court,E01020716,County Durham 026E,Anti-social behaviour,,
,2011-03,Durham Constabulary,Durham Constabulary,-1.643914,54.778850,On or near Hunter Avenue,E01020716,County Durham 026E,Anti-social behaviour,,
,2011-03,Durham Constabulary,Durham Constabulary,-1.637159,54.779765,On or near Aldridge Court,E01020716,County Durham 026E,Anti-social behaviour,,
,2011-03,Durham Constabulary,Durham Constabulary,-1.643914,54.778850,On or near Hunter Avenue,E01020716,County Durham 026E,Anti-social behaviour,,
,2011-03,Durham Constabulary,Durham Constabulary,-1.636285,54.776653,On or near Lilac Park,E01020716,County Durham 026E,Anti-social behaviour,,
,2011-03,Durham Constabulary,Durham Constabulary,-1.635096,54.777458,On or near Fir Park,E01020716,County Durham 026E,Anti-social behaviour,,
,2011-03,Durham Constabulary,Durham Constabulary,-1.644617,54.780281,On or near Whitehouse Lane,E01020716,County Durham 026E,Other crime,,
,2011-03,Durham Constabulary,Durham Constabulary,-1.637159,54.779765,On or near Aldridge Court,E01020716,County Durham 026E,Other crime,,
,2011-03,Durham Constabulary,Durham Constabulary,-1.472096,54.784308,On or near Plantation Avenue,E01020725,County Durham 027A,Anti-social behaviour,,
,2011-03,Durham Constabulary,Durham Constabulary,-1.486790,54.792873,On or near St. Lawrence Close,E01020725,County Durham 027A,Anti-social behaviour,,
,2011-03,Durham Constabulary,Durham Constabulary,-1.491821,54.791025,On or near Priors Grange,E01020725,County Durham 027A,Violent crime,,
,2011-03,Durham Constabulary,Durham Constabulary,-1.472096,54.784308,On or near Plantation Avenue,E01020725,County Durham 027A,Other crime,,
,2011-03,Durham Constabulary,Durham Constabulary,-1.486790,54.792873,On or near St. Lawrence Close,E01020725,County Durham 027A,Other crime,,
,2011-03,Durham Constabulary,Durham Constabulary,-1.501844,54.815671,On or near Benridge Bank,E01020726,County Durham 027B,Anti-social behaviour,,
,2011-03,Durham Constabulary,Durham Constabulary,-1.500746,54.813879,On or near St. Godrics Drive,E01020726,County Durham 027B,Anti-social behaviour,,
,2011-03,Durham Constabulary,Durham Constabulary,-1.505445,54.811391,On or near Woodland View,E01020727,County Durham 027C,Anti-social behaviour,,
,2011-03,Durham Constabulary,Durham Constabulary,-1.508880,54.814262,On or near The Crescent,E01020727,County Durham 027C,Anti-social behaviour,,
,2011-03,Durham Constabulary,Durham Constabulary,-1.505445,54.811391,On or near Woodland View,E01020727,County Durham 027C,Anti-social behaviour,,
,2011-03,Durham Constabulary,Durham Constabulary,-1.508907,54.813283,On or near Prospect View,E01020727,County Durham 027C,Anti-social behaviour,,
,2011-03,Durham Constabulary,Durham Constabulary,-1.502455,54.812852,On or near Rainton View,E01020727,County Durham 027C,Anti-social behaviour,,
,2011-03,Durham Constabulary,Durham Constabulary,-1.505445,54.811391,On or near Woodland View,E01020727,County Durham 027C,Anti-social behaviour,,
,2011-03,Durham Constabulary,Durham Constabulary,-1.502455,54.812852,On or near Rainton View,E01020727,County Durham 027C,Anti-social behaviour,,
,2011-03,Durham Constabulary,Durham Constabulary,-1.508907,54.813283,On or near Prospect View,E01020727,County Durham 027C,Anti-social behaviour,,
,2011-03,Durham Constabulary,Durham Constabulary,-1.505445,54.811391,On or near Woodland View,E01020727,County Durham 027C,Anti-social behaviour,,
,2011-03,Durham Constabulary,Durham Constabulary,-1.505445,54.811391,On or near Woodland View,E01020727,County Durham 027C,Anti-social behaviour,,
,2011-03,Durham Constabulary,Durham Constabulary,-1.515270,54.813407,On or near Low Station Road,E01020727,County Durham 027C,Burglary,,
,2011-03,Durham Constabulary,Durham Constabulary,-1.508217,54.816326,On or near Adventure Lane,E01020727,County Durham 027C,Burglary,,
,2011-03,Durham Constabulary,Durham Constabulary,-1.505445,54.811391,On or near Woodland View,E01020727,County Durham 027C,Vehicle crime,,
,2011-03,Durham Constabulary,Durham Constabulary,-1.505445,54.811391,On or near Woodland View,E01020727,County Durham 027C,Violent crime,,
,2011-03,Durham Constabulary,Durham Constabulary,-1.506294,54.811897,On or near Chapel View,E01020727,County Durham 027C,Other crime,,
,2011-03,Durham Constabulary,Durham Constabulary,-1.515270,54.813407,On or near Low Station Road,E01020727,County Durham 027C,Other crime,,
,2011-03,Durham Constabulary,Durham Constabulary,-1.515270,54.813407,On or near Low Station Road,E01020727,County Durham 027C,Other crime,,
,2011-03,Durham Constabulary,Durham Constabulary,-1.508880,54.814262,On or near The Crescent,E01020727,County Durham 027C,Other crime,,
,2011-03,Durham Constabulary,Durham Constabulary,-1.508880,54.814262,On or near The Crescent,E01020727,County Durham 027C,Other crime,,
,2011-03,Durham Constabulary,Durham Constabulary,-1.508880,54.814262,On or near The Crescent,E01020727,County Durham 027C,Other crime,,
,2011-03,Durham Constabulary,Durham Constabulary,-1.438789,54.765233,On or near Barnard Avenue,E01020729,County Durham 027D,Anti-social behaviour,,
,2011-03,Durham Constabulary,Durham Constabulary,-1.441272,54.764337,On or near Springfield Meadow,E01020729,County Durham 027D,Anti-social behaviour,,
,2011-03,Durham Constabulary,Durham Constabulary,-1.438789,54.765233,On or near Barnard Avenue,E01020729,County Durham 027D,Anti-social behaviour,,
,2011-03,Durham Constabulary,Durham Constabulary,-1.479875,54.775472,On or near Kell Crescent,E01020729,County Durham 027D,Anti-social behaviour,,
,2011-03,Durham Constabulary,Durham Constabulary,-1.438789,54.765233,On or near Barnard Avenue,E01020729,County Durham 027D,Anti-social behaviour,,
,2011-03,Durham Constabulary,Durham Constabulary,-1.438789,54.765233,On or near Barnard Avenue,E01020729,County Durham 027D,Anti-social behaviour,,
,2011-03,Durham Constabulary,Durham Constabulary,-1.474159,54.775061,On or near Jubilee Crescent,E01020729,County Durham 027D,Burglary,,
,2011-03,Durham Constabulary,Durham Constabulary,-1.441272,54.764337,On or near Springfield Meadow,E01020729,County Durham 027D,Violent crime,,
,2011-03,Durham Constabulary,Durham Constabulary,-1.476707,54.775189,On or near South View,E01020729,County Durham 027D,Violent crime,,
,2011-03,Durham Constabulary,Durham Constabulary,-1.476707,54.775189,On or near South View,E01020729,County Durham 027D,Other crime,,
,2011-03,Durham Constabulary,Durham Constabulary,-1.442607,54.765619,On or near Moor Crescent,E01020729,County Durham 027D,Other crime,,
,2011-03,Durham Constabulary,Durham Constabulary,-1.504068,54.775124,On or near Peart Close,E01020730,County Durham 027E,Anti-social behaviour,,
,2011-03,Durham Constabulary,Durham Constabulary,-1.499872,54.773804,On or near Front Street,E01020730,County Durham 027E,Anti-social behaviour,,
,2011-03,Durham Constabulary,Durham Constabulary,-1.504530,54.776735,On or near Park House Close,E01020730,County Durham 027E,Anti-social behaviour,,
,2011-03,Durham Constabulary,Durham Constabulary,-1.504068,54.775124,On or near Peart Close,E01020730,County Durham 027E,Anti-social behaviour,,
,2011-03,Durham Constabulary,Durham Constabulary,-1.507250,54.779406,On or near Usher Avenue,E01020730,County Durham 027E,Anti-social behaviour,,
,2011-03,Durham Constabulary,Durham Constabulary,-1.506429,54.776536,On or near Liddle Avenue,E01020730,County Durham 027E,Anti-social behaviour,,
,2011-03,Durham Constabulary,Durham Constabulary,-1.507660,54.777610,On or near Beech Road,E01020730,County Durham 027E,Anti-social behaviour,,
,2011-03,Durham Constabulary,Durham Constabulary,-1.504010,54.776032,On or near George Street,E01020730,County Durham 027E,Anti-social behaviour,,
,2011-03,Durham Constabulary,Durham Constabulary,-1.502103,54.779421,On or near Meadow Edge,E01020730,County Durham 027E,Anti-social behaviour,,
,2011-03,Durham Constabulary,Durham Constabulary,-1.506429,54.776536,On or near Liddle Avenue,E01020730,County Durham 027E,Vehicle crime,,
,2011-03,Durham Constabulary,Durham Constabulary,-1.505091,54.772810,On or near The Crescent,E01020731,County Durham 027F,Anti-social behaviour,,
,2011-03,Durham Constabulary,Durham Constabulary,-1.507077,54.774453,On or near Church Wynd,E01020731,County Durham 027F,Anti-social behaviour,,
,2011-03,Durham Constabulary,Durham Constabulary,-1.508744,54.776653,On or near Kidd Avenue,E01020731,County Durham 027F,Anti-social behaviour,,
,2011-03,Durham Constabulary,Durham Constabulary,-1.504850,54.768396,On or near Mill Lane,E01020731,County Durham 027F,Anti-social behaviour,,
,2011-03,Durham Constabulary,Durham Constabulary,-1.508744,54.776653,On or near Kidd Avenue,E01020731,County Durham 027F,Anti-social behaviour,,
,2011-03,Durham Constabulary,Durham Constabulary,-1.507077,54.774453,On or near Church Wynd,E01020731,County Durham 027F,Anti-social behaviour,,
,2011-03,Durham Constabulary,Durham Constabulary,-1.508744,54.776653,On or near Kidd Avenue,E01020731,County Durham 027F,Anti-social behaviour,,
,2011-03,Durham Constabulary,Durham Constabulary,-1.507077,54.774453,On or near Church Wynd,E01020731,County Durham 027F,Anti-social behaviour,,
,2011-03,Durham Constabulary,Durham Constabulary,-1.507077,54.774453,On or near Church Wynd,E01020731,County Durham 027F,Anti-social behaviour,,
,2011-03,Durham Constabulary,Durham Constabulary,-1.507077,54.774453,On or near Church Wynd,E01020731,County Durham 027F,Burglary,,
,2011-03,Durham Constabulary,Durham Constabulary,-1.508744,54.776653,On or near Kidd Avenue,E01020731,County Durham 027F,Burglary,,
,2011-03,Durham Constabulary,Durham Constabulary,-1.500306,54.775163,On or near Meldon Avenue,E01020731,County Durham 027F,Other crime,,
,2011-03,Durham Constabulary,Durham Constabulary,-1.507077,54.774453,On or near Church Wynd,E01020731,County Durham 027F,Other crime,,
,2011-03,Durham Constabulary,Durham Constabulary,-1.511650,54.774157,On or near Railway Close,E01020731,County Durham 027F,Other crime,,
,2011-03,Durham Constabulary,Durham Constabulary,-1.511803,54.773116,On or near Lady Durham Close,E01020731,County Durham 027F,Other crime,,
,2011-03,Durham Constabulary,Durham Constabulary,-1.531184,54.782772,On or near Hampshire Road,E01020682,County Durham 028A,Anti-social behaviour,,
,2011-03,Durham Constabulary,Durham Constabulary,-1.531784,54.783349,On or near Berkshire Close,E01020682,County Durham 028A,Anti-social behaviour,,
,2011-03,Durham Constabulary,Durham Constabulary,-1.518790,54.785617,On or near Brookdale,E01020682,County Durham 028A,Anti-social behaviour,,
,2011-03,Durham Constabulary,Durham Constabulary,-1.531784,54.783349,On or near Berkshire Close,E01020682,County Durham 028A,Other crime,,
,2011-03,Durham Constabulary,Durham Constabulary,-1.524608,54.785397,On or near Bishops Close,E01020683,County Durham 028B,Anti-social behaviour,,
,2011-03,Durham Constabulary,Durham Constabulary,-1.530392,54.784108,On or near Buckinghamshire Road,E01020683,County Durham 028B,Anti-social behaviour,,
,2011-03,Durham Constabulary,Durham Constabulary,-1.525196,54.786927,On or near Broomside Lane,E01020683,County Durham 028B,Anti-social behaviour,,
,2011-03,Durham Constabulary,Durham Constabulary,-1.524608,54.785397,On or near Bishops Close,E01020683,County Durham 028B,Anti-social behaviour,,
,2011-03,Durham Constabulary,Durham Constabulary,-1.516704,54.785788,On or near Coniston Close,E01020683,County Durham 028B,Anti-social behaviour,,
,2011-03,Durham Constabulary,Durham Constabulary,-1.524608,54.785397,On or near Bishops Close,E01020683,County Durham 028B,Anti-social behaviour,,
,2011-03,Durham Constabulary,Durham Constabulary,-1.516704,54.785788,On or near Coniston Close,E01020683,County Durham 028B,Anti-social behaviour,,
,2011-03,Durham Constabulary,Durham Constabulary,-1.519580,54.784524,On or near Cheveley Walk,E01020683,County Durham 028B,Anti-social behaviour,,
,2011-03,Durham Constabulary,Durham Constabulary,-1.525196,54.786927,On or near Broomside Lane,E01020683,County Durham 028B,Anti-social behaviour,,
,2011-03,Durham Constabulary,Durham Constabulary,-1.520782,54.785490,On or near Ferndale,E01020683,County Durham 028B,Anti-social behaviour,,
,2011-03,Durham Constabulary,Durham Constabulary,-1.525196,54.786927,On or near Broomside Lane,E01020683,County Durham 028B,Anti-social behaviour,,
,2011-03,Durham Constabulary,Durham Constabulary,-1.522508,54.786809,On or near Rosedale Road,E01020683,County Durham 028B,Anti-social behaviour,,
,2011-03,Durham Constabulary,Durham Constabulary,-1.522508,54.786809,On or near Rosedale Road,E01020683,County Durham 028B,Anti-social behaviour,,
,2011-03,Durham Constabulary,Durham Constabulary,-1.524608,54.785397,On or near Bishops Close,E01020683,County Durham 028B,Anti-social behaviour,,
,2011-03,Durham Constabulary,Durham Constabulary,-1.524608,54.785397,On or near Bishops Close,E01020683,County Durham 028B,Anti-social behaviour,,
,2011-03,Durham Constabulary,Durham Constabulary,-1.516704,54.785788,On or near Coniston Close,E01020683,County Durham 028B,Anti-social behaviour,,
,2011-03,Durham Constabulary,Durham Constabulary,-1.524608,54.785397,On or near Bishops Close,E01020683,County Durham 028B,Anti-social behaviour,,
,2011-03,Durham Constabulary,Durham Constabulary,-1.520051,54.788057,On or near Cheveley Court,E01020683,County Durham 028B,Violent crime,,
,2011-03,Durham Constabulary,Durham Constabulary,-1.530392,54.784108,On or near Buckinghamshire Road,E01020683,County Durham 028B,Other crime,,
,2011-03,Durham Constabulary,Durham Constabulary,-1.520782,54.785490,On or near Ferndale,E01020683,County Durham 028B,Other crime,,
,2011-03,Durham Constabulary,Durham Constabulary,-1.525078,54.793011,On or near Fallsway,E01020690,County Durham 028C,Anti-social behaviour,,
,2011-03,Durham Constabulary,Durham Constabulary,-1.523893,54.791964,On or near Taylor Court,E01020690,County Durham 028C,Anti-social behaviour,,
,2011-03,Durham Constabulary,Durham Constabulary,-1.525078,54.793011,On or near Fallsway,E01020690,County Durham 028C,Anti-social behaviour,,
,2011-03,Durham Constabulary,Durham Constabulary,-1.521418,54.793517,On or near Filby Drive,E01020690,County Durham 028C,Anti-social behaviour,,
,2011-03,Durham Constabulary,Durham Constabulary,-1.523893,54.791964,On or near Taylor Court,E01020690,County Durham 028C,Other crime,,
,2011-03,Durham Constabulary,Durham Constabulary,-1.523893,54.791964,On or near Taylor Court,E01020690,County Durham 028C,Other crime,,
,2011-03,Durham Constabulary,Durham Constabulary,-1.530307,54.787396,On or near Newlands Road,E01020691,County Durham 028D,Anti-social behaviour,,
,2011-03,Durham Constabulary,Durham Constabulary,-1.527824,54.786946,On or near St. Marys Road,E01020691,County Durham 028D,Anti-social behaviour,,
,2011-03,Durham Constabulary,Durham Constabulary,-1.527824,54.786946,On or near St. Marys Road,E01020691,County Durham 028D,Anti-social behaviour,,
,2011-03,Durham Constabulary,Durham Constabulary,-1.523259,54.789004,On or near Coronation Avenue,E01020691,County Durham 028D,Anti-social behaviour,,
,2011-03,Durham Constabulary,Durham Constabulary,-1.527441,54.789129,On or near High Street,E01020691,County Durham 028D,Burglary,,
,2011-03,Durham Constabulary,Durham Constabulary,-1.529018,54.789899,On or near Grange Road,E01020691,County Durham 028D,Other crime,,
,2011-03,Durham Constabulary,Durham Constabulary,-1.541218,54.783718,On or near Ashdown Avenue,E01020692,County Durham 028E,Anti-social behaviour,,
,2011-03,Durham Constabulary,Durham Constabulary,-1.541218,54.783718,On or near Ashdown Avenue,E01020692,County Durham 028E,Anti-social behaviour,,
,2011-03,Durham Constabulary,Durham Constabulary,-1.546334,54.785076,On or near Willowtree Avenue,E01020692,County Durham 028E,Anti-social behaviour,,
,2011-03,Durham Constabulary,Durham Constabulary,-1.541218,54.783718,On or near Ashdown Avenue,E01020692,County Durham 028E,Anti-social behaviour,,
,2011-03,Durham Constabulary,Durham Constabulary,-1.554211,54.785671,On or near Deans Walk,E01020692,County Durham 028E,Anti-social behaviour,,
,2011-03,Durham Constabulary,Durham Constabulary,-1.541218,54.783718,On or near Ashdown Avenue,E01020692,County Durham 028E,Anti-social behaviour,,
,2011-03,Durham Constabulary,Durham Constabulary,-1.545300,54.784398,On or near Alderlea Close,E01020692,County Durham 028E,Anti-social behaviour,,
,2011-03,Durham Constabulary,Durham Constabulary,-1.554211,54.785671,On or near Deans Walk,E01020692,County Durham 028E,Anti-social behaviour,,
,2011-03,Durham Constabulary,Durham Constabulary,-1.541218,54.783718,On or near Ashdown Avenue,E01020692,County Durham 028E,Burglary,,
,2011-03,Durham Constabulary,Durham Constabulary,-1.550796,54.786566,On or near Prebends Field,E01020692,County Durham 028E,Violent crime,,
,2011-03,Durham Constabulary,Durham Constabulary,-1.544379,54.786057,On or near Rowan Tree Avenue,E01020692,County Durham 028E,Other crime,,
,2011-03,Durham Constabulary,Durham Constabulary,-1.541218,54.783718,On or near Ashdown Avenue,E01020692,County Durham 028E,Other crime,,
,2011-03,Durham Constabulary,Durham Constabulary,-1.544108,54.777016,On or near Lantern Court,E01020693,County Durham 029A,Anti-social behaviour,,
,2011-03,Durham Constabulary,Durham Constabulary,-1.544108,54.777016,On or near Lantern Court,E01020693,County Durham 029A,Anti-social behaviour,,
,2011-03,Durham Constabulary,Durham Constabulary,-1.543276,54.777722,On or near Frank Street,E01020693,County Durham 029A,Anti-social behaviour,,
,2011-03,Durham Constabulary,Durham Constabulary,-1.541387,54.781166,On or near Bevan Grove,E01020693,County Durham 029A,Anti-social behaviour,,
,2011-03,Durham Constabulary,Durham Constabulary,-1.543276,54.777722,On or near Frank Street,E01020693,County Durham 029A,Anti-social behaviour,,
,2011-03,Durham Constabulary,Durham Constabulary,-1.543276,54.777722,On or near Frank Street,E01020693,County Durham 029A,Anti-social behaviour,,
,2011-03,Durham Constabulary,Durham Constabulary,-1.538156,54.779563,On or near Rennys Lane,E01020693,County Durham 029A,Anti-social behaviour,,
,2011-03,Durham Constabulary,Durham Constabulary,-1.544648,54.777404,On or near Mill House Court,E01020693,County Durham 029A,Anti-social behaviour,,
,2011-03,Durham Constabulary,Durham Constabulary,-1.543276,54.777722,On or near Frank Street,E01020693,County Durham 029A,Anti-social behaviour,,
,2011-03,Durham Constabulary,Durham Constabulary,-1.543276,54.777722,On or near Frank Street,E01020693,County Durham 029A,Anti-social behaviour,,
,2011-03,Durham Constabulary,Durham Constabulary,-1.543276,54.777722,On or near Frank Street,E01020693,County Durham 029A,Anti-social behaviour,,
,2011-03,Durham Constabulary,Durham Constabulary,-1.539906,54.778725,On or near Dragon Lane,E01020693,County Durham 029A,Anti-social behaviour,,
,2011-03,Durham Constabulary,Durham Constabulary,-1.541387,54.781166,On or near Bevan Grove,E01020693,County Durham 029A,Anti-social behaviour,,
,2011-03,Durham Constabulary,Durham Constabulary,-1.543585,54.780671,On or near Shepherds Court,E01020693,County Durham 029A,Vehicle crime,,
,2011-03,Durham Constabulary,Durham Constabulary,-1.543585,54.780671,On or near Shepherds Court,E01020693,County Durham 029A,Vehicle crime,,
,2011-03,Durham Constabulary,Durham Constabulary,-1.539906,54.778725,On or near Dragon Lane,E01020693,County Durham 029A,Vehicle crime,,
,2011-03,Durham Constabulary,Durham Constabulary,-1.543276,54.777722,On or near Frank Street,E01020693,County Durham 029A,Other crime,,
,2011-03,Durham Constabulary,Durham Constabulary,-1.543276,54.777722,On or near Frank Street,E01020693,County Durham 029A,Other crime,,
,2011-03,Durham Constabulary,Durham Constabulary,-1.539906,54.778725,On or near Dragon Lane,E01020693,County Durham 029A,Other crime,,
,2011-03,Durham Constabulary,Durham Constabulary,-1.543276,54.777722,On or near Frank Street,E01020693,County Durham 029A,Other crime,,
,2011-03,Durham Constabulary,Durham Constabulary,-1.543585,54.780671,On or near Shepherds Court,E01020693,County Durham 029A,Other crime,,
,2011-03,Durham Constabulary,Durham Constabulary,-1.542196,54.781097,On or near Peel Avenue,E01020693,County Durham 029A,Other crime,,
,2011-03,Durham Constabulary,Durham Constabulary,-1.543276,54.777722,On or near Frank Street,E01020693,County Durham 029A,Other crime,,
,2011-03,Durham Constabulary,Durham Constabulary,-1.553986,54.782067,On or near Gort Place,E01020722,County Durham 029B,Anti-social behaviour,,
,2011-03,Durham Constabulary,Durham Constabulary,-1.552229,54.783471,On or near Bradford Crescent,E01020722,County Durham 029B,Anti-social behaviour,,
,2011-03,Durham Constabulary,Durham Constabulary,-1.552229,54.783471,On or near Bradford Crescent,E01020722,County Durham 029B,Anti-social behaviour,,
,2011-03,Durham Constabulary,Durham Constabulary,-1.553981,54.782588,On or near Cunningham Place,E01020722,County Durham 029B,Anti-social behaviour,,
,2011-03,Durham Constabulary,Durham Constabulary,-1.556544,54.781321,On or near Wakenshaw Road,E01020722,County Durham 029B,Anti-social behaviour,,
,2011-03,Durham Constabulary,Durham Constabulary,-1.557743,54.781236,On or near Long Acres,E01020722,County Durham 029B,Anti-social behaviour,,
,2011-03,Durham Constabulary,Durham Constabulary,-1.557743,54.781236,On or near Long Acres,E01020722,County Durham 029B,Anti-social behaviour,,
,2011-03,Durham Constabulary,Durham Constabulary,-1.555353,54.782180,On or near Montgomery Road,E01020722,County Durham 029B,Anti-social behaviour,,
,2011-03,Durham Constabulary,Durham Constabulary,-1.556544,54.781321,On or near Wakenshaw Road,E01020722,County Durham 029B,Anti-social behaviour,,
,2011-03,Durham Constabulary,Durham Constabulary,-1.552570,54.782214,On or near Roosevelt Road,E01020722,County Durham 029B,Anti-social behaviour,,
,2011-03,Durham Constabulary,Durham Constabulary,-1.553928,54.780278,On or near Churchill Avenue,E01020722,County Durham 029B,Anti-social behaviour,,
,2011-03,Durham Constabulary,Durham Constabulary,-1.556544,54.781321,On or near Wakenshaw Road,E01020722,County Durham 029B,Anti-social behaviour,,
,2011-03,Durham Constabulary,Durham Constabulary,-1.553986,54.782067,On or near Gort Place,E01020722,County Durham 029B,Anti-social behaviour,,
,2011-03,Durham Constabulary,Durham Constabulary,-1.552229,54.783471,On or near Bradford Crescent,E01020722,County Durham 029B,Anti-social behaviour,,
,2011-03,Durham Constabulary,Durham Constabulary,-1.555953,54.779998,On or near Green Lane,E01020722,County Durham 029B,Anti-social behaviour,,
,2011-03,Durham Constabulary,Durham Constabulary,-1.553986,54.782067,On or near Gort Place,E01020722,County Durham 029B,Anti-social behaviour,,
,2011-03,Durham Constabulary,Durham Constabulary,-1.553986,54.782067,On or near Gort Place,E01020722,County Durham 029B,Anti-social behaviour,,
,2011-03,Durham Constabulary,Durham Constabulary,-1.553986,54.782067,On or near Gort Place,E01020722,County Durham 029B,Anti-social behaviour,,
,2011-03,Durham Constabulary,Durham Constabulary,-1.552229,54.783471,On or near Bradford Crescent,E01020722,County Durham 029B,Violent crime,,
,2011-03,Durham Constabulary,Durham Constabulary,-1.555953,54.779998,On or near Green Lane,E01020722,County Durham 029B,Other crime,,
,2011-03,Durham Constabulary,Durham Constabulary,-1.555953,54.779998,On or near Green Lane,E01020722,County Durham 029B,Other crime,,
,2011-03,Durham Constabulary,Durham Constabulary,-1.555953,54.779998,On or near Green Lane,E01020722,County Durham 029B,Other crime,,
,2011-03,Durham Constabulary,Durham Constabulary,-1.552229,54.783471,On or near Bradford Crescent,E01020722,County Durham 029B,Other crime,,
,2011-03,Durham Constabulary,Durham Constabulary,-1.548492,54.781193,On or near Musgrave Gardens,E01020722,County Durham 029B,Other crime,,
,2011-03,Durham Constabulary,Durham Constabulary,-1.557743,54.781236,On or near Long Acres,E01020722,County Durham 029B,Other crime,,
,2011-03,Durham Constabulary,Durham Constabulary,-1.561324,54.779254,On or near The Sidings,E01020723,County Durham 029C,Anti-social behaviour,,
,2011-03,Durham Constabulary,Durham Constabulary,-1.551413,54.778562,On or near Edge Court,E01020723,County Durham 029C,Anti-social behaviour,,
,2011-03,Durham Constabulary,Durham Constabulary,-1.546944,54.777844,On or near Turnbull Close,E01020723,County Durham 029C,Anti-social behaviour,,
,2011-03,Durham Constabulary,Durham Constabulary,-1.552934,54.780203,On or near Edward Street,E01020723,County Durham 029C,Anti-social behaviour,,
,2011-03,Durham Constabulary,Durham Constabulary,-1.561324,54.779254,On or near The Sidings,E01020723,County Durham 029C,Anti-social behaviour,,
,2011-03,Durham Constabulary,Durham Constabulary,-1.561324,54.779254,On or near The Sidings,E01020723,County Durham 029C,Anti-social behaviour,,
,2011-03,Durham Constabulary,Durham Constabulary,-1.553586,54.778884,On or near Young Street,E01020723,County Durham 029C,Burglary,,
,2011-03,Durham Constabulary,Durham Constabulary,-1.559148,54.779201,On or near Magdalene Street,E01020723,County Durham 029C,Other crime,,
,2011-03,Durham Constabulary,Durham Constabulary,-1.546944,54.777844,On or near Turnbull Close,E01020723,County Durham 029C,Other crime,,
,2011-03,Durham Constabulary,Durham Constabulary,-1.557699,54.778108,On or near St. Giles Close,E01020723,County Durham 029C,Other crime,,
,2011-03,Durham Constabulary,Durham Constabulary,-1.553586,54.778884,On or near Young Street,E01020723,County Durham 029C,Other crime,,
,2011-03,Durham Constabulary,Durham Constabulary,-1.550779,54.779620,On or near Sunderland Road,E01020723,County Durham 029C,Other crime,,
,2011-03,Durham Constabulary,Durham Constabulary,-1.546944,54.777844,On or near Turnbull Close,E01020723,County Durham 029C,Other crime,,
,2011-03,Durham Constabulary,Durham Constabulary,-1.560010,54.778638,On or near Gilesgate,E01020723,County Durham 029C,Other crime,,
,2011-03,Durham Constabulary,Durham Constabulary,-1.553586,54.778884,On or near Young Street,E01020723,County Durham 029C,Other crime,,
,2011-03,Durham Constabulary,Durham Constabulary,-1.553586,54.778884,On or near Young Street,E01020723,County Durham 029C,Other crime,,
,2011-03,Durham Constabulary,Durham Constabulary,-1.553586,54.778884,On or near Young Street,E01020723,County Durham 029C,Other crime,,
,2011-03,Durham Constabulary,Durham Constabulary,-1.559148,54.779201,On or near Magdalene Street,E01020723,County Durham 029C,Other crime,,
,2011-03,Durham Constabulary,Durham Constabulary,-1.553586,54.778884,On or near Young Street,E01020723,County Durham 029C,Other crime,,
,2011-03,Durham Constabulary,Durham Constabulary,-1.553586,54.778884,On or near Young Street,E01020723,County Durham 029C,Other crime,,
,2011-03,Durham Constabulary,Durham Constabulary,-1.547324,54.774395,On or near Fir Avenue,E01020724,County Durham 029D,Anti-social behaviour,,
,2011-03,Durham Constabulary,Durham Constabulary,-1.541469,54.773887,On or near Cuthbert Avenue,E01020724,County Durham 029D,Anti-social behaviour,,
,2011-03,Durham Constabulary,Durham Constabulary,-1.545653,54.775080,On or near Oak Avenue,E01020724,County Durham 029D,Anti-social behaviour,,
,2011-03,Durham Constabulary,Durham Constabulary,-1.542541,54.775302,On or near Bede Avenue,E01020724,County Durham 029D,Anti-social behaviour,,
,2011-03,Durham Constabulary,Durham Constabulary,-1.542541,54.775302,On or near Bede Avenue,E01020724,County Durham 029D,Anti-social behaviour,,
,2011-03,Durham Constabulary,Durham Constabulary,-1.549248,54.776127,On or near Laurel Avenue,E01020724,County Durham 029D,Anti-social behaviour,,
,2011-03,Durham Constabulary,Durham Constabulary,-1.541479,54.774409,On or near Cuthbert Close,E01020724,County Durham 029D,Anti-social behaviour,,
,2011-03,Durham Constabulary,Durham Constabulary,-1.545653,54.775080,On or near Oak Avenue,E01020724,County Durham 029D,Burglary,,
,2011-03,Durham Constabulary,Durham Constabulary,-1.547348,54.775042,On or near Pine Avenue,E01020724,County Durham 029D,Burglary,,
,2011-03,Durham Constabulary,Durham Constabulary,-1.541479,54.774409,On or near Cuthbert Close,E01020724,County Durham 029D,Burglary,,
,2011-03,Durham Constabulary,Durham Constabulary,-1.541469,54.773887,On or near Cuthbert Avenue,E01020724,County Durham 029D,Vehicle crime,,
,2011-03,Durham Constabulary,Durham Constabulary,-1.544718,54.775247,On or near Habgood Drive,E01020724,County Durham 029D,Other crime,,
,2011-03,Durham Constabulary,Durham Constabulary,-1.542541,54.775302,On or near Bede Avenue,E01020724,County Durham 029D,Other crime,,
,2011-03,Durham Constabulary,Durham Constabulary,-1.541469,54.773887,On or near Cuthbert Avenue,E01020724,County Durham 029D,Other crime,,
,2011-03,Durham Constabulary,Durham Constabulary,-1.586293,54.777778,On or near Mowbray Street,E01020703,County Durham 030A,Anti-social behaviour,,
,2011-03,Durham Constabulary,Durham Constabulary,-1.581774,54.775785,On or near Crossgate,E01020703,County Durham 030A,Anti-social behaviour,,
,2011-03,Durham Constabulary,Durham Constabulary,-1.584362,54.778041,On or near Bridge Street,E01020703,County Durham 030A,Anti-social behaviour,,
,2011-03,Durham Constabulary,Durham Constabulary,-1.581501,54.776629,On or near Neville Street,E01020703,County Durham 030A,Anti-social behaviour,,
,2011-03,Durham Constabulary,Durham Constabulary,-1.581774,54.775785,On or near Crossgate,E01020703,County Durham 030A,Anti-social behaviour,,
,2011-03,Durham Constabulary,Durham Constabulary,-1.583230,54.776284,On or near Allergate,E01020703,County Durham 030A,Anti-social behaviour,,
,2011-03,Durham Constabulary,Durham Constabulary,-1.581501,54.776629,On or near Neville Street,E01020703,County Durham 030A,Anti-social behaviour,,
,2011-03,Durham Constabulary,Durham Constabulary,-1.583230,54.776284,On or near Allergate,E01020703,County Durham 030A,Anti-social behaviour,,
,2011-03,Durham Constabulary,Durham Constabulary,-1.581501,54.776629,On or near Neville Street,E01020703,County Durham 030A,Anti-social behaviour,,
,2011-03,Durham Constabulary,Durham Constabulary,-1.581726,54.777430,On or near North Road,E01020703,County Durham 030A,Anti-social behaviour,,
,2011-03,Durham Constabulary,Durham Constabulary,-1.581774,54.775785,On or near Crossgate,E01020703,County Durham 030A,Anti-social behaviour,,
,2011-03,Durham Constabulary,Durham Constabulary,-1.581726,54.777430,On or near North Road,E01020703,County Durham 030A,Anti-social behaviour,,
,2011-03,Durham Constabulary,Durham Constabulary,-1.581501,54.776629,On or near Neville Street,E01020703,County Durham 030A,Anti-social behaviour,,
,2011-03,Durham Constabulary,Durham Constabulary,-1.581501,54.776629,On or near Neville Street,E01020703,County Durham 030A,Anti-social behaviour,,
,2011-03,Durham Constabulary,Durham Constabulary,-1.581774,54.775785,On or near Crossgate,E01020703,County Durham 030A,Anti-social behaviour,,
,2011-03,Durham Constabulary,Durham Constabulary,-1.588151,54.775385,On or near Laburnum Avenue,E01020703,County Durham 030A,Anti-social behaviour,,
,2011-03,Durham Constabulary,Durham Constabulary,-1.581726,54.777430,On or near North Road,E01020703,County Durham 030A,Anti-social behaviour,,
,2011-03,Durham Constabulary,Durham Constabulary,-1.581501,54.776629,On or near Neville Street,E01020703,County Durham 030A,Violent crime,,
,2011-03,Durham Constabulary,Durham Constabulary,-1.581774,54.775785,On or near Crossgate,E01020703,County Durham 030A,Violent crime,,
,2011-03,Durham Constabulary,Durham Constabulary,-1.581501,54.776629,On or near Neville Street,E01020703,County Durham 030A,Violent crime,,
,2011-03,Durham Constabulary,Durham Constabulary,-1.586856,54.775839,On or near Mistletoe Street,E01020703,County Durham 030A,Other crime,,
,2011-03,Durham Constabulary,Durham Constabulary,-1.586856,54.775839,On or near Mistletoe Street,E01020703,County Durham 030A,Other crime,,
,2011-03,Durham Constabulary,Durham Constabulary,-1.581726,54.777430,On or near North Road,E01020703,County Durham 030A,Other crime,,
,2011-03,Durham Constabulary,Durham Constabulary,-1.581501,54.776629,On or near Neville Street,E01020703,County Durham 030A,Other crime,,
,2011-03,Durham Constabulary,Durham Constabulary,-1.581501,54.776629,On or near Neville Street,E01020703,County Durham 030A,Other crime,,
,2011-03,Durham Constabulary,Durham Constabulary,-1.581501,54.776629,On or near Neville Street,E01020703,County Durham 030A,Other crime,,
,2011-03,Durham Constabulary,Durham Constabulary,-1.584362,54.778041,On or near Bridge Street,E01020703,County Durham 030A,Other crime,,
,2011-03,Durham Constabulary,Durham Constabulary,-1.586856,54.775839,On or near Mistletoe Street,E01020703,County Durham 030A,Other crime,,
,2011-03,Durham Constabulary,Durham Constabulary,-1.581501,54.776629,On or near Neville Street,E01020703,County Durham 030A,Other crime,,
,2011-03,Durham Constabulary,Durham Constabulary,-1.583230,54.776284,On or near Allergate,E01020703,County Durham 030A,Other crime,,
,2011-03,Durham Constabulary,Durham Constabulary,-1.581501,54.776629,On or near Neville Street,E01020703,County Durham 030A,Other crime,,
,2011-03,Durham Constabulary,Durham Constabulary,-1.581501,54.776629,On or near Neville Street,E01020703,County Durham 030A,Other crime,,
,2011-03,Durham Constabulary,Durham Constabulary,-1.581501,54.776629,On or near Neville Street,E01020703,County Durham 030A,Other crime,,
,2011-03,Durham Constabulary,Durham Constabulary,-1.576864,54.777017,On or near Back Silver Street,E01033164,County Durham 030D,Anti-social behaviour,,
,2011-03,Durham Constabulary,Durham Constabulary,-1.572202,54.778313,On or near Claypath,E01033164,County Durham 030D,Anti-social behaviour,,
,2011-03,Durham Constabulary,Durham Constabulary,-1.572202,54.778313,On or near Claypath,E01033164,County Durham 030D,Anti-social behaviour,,
,2011-03,Durham Constabulary,Durham Constabulary,-1.572202,54.778313,On or near Claypath,E01033164,County Durham 030D,Anti-social behaviour,,
,2011-03,Durham Constabulary,Durham Constabulary,-1.576049,54.777626,On or near Walkergate,E01033164,County Durham 030D,Anti-social behaviour,,
,2011-03,Durham Constabulary,Durham Constabulary,-1.576864,54.777017,On or near Back Silver Street,E01033164,County Durham 030D,Anti-social behaviour,,
,2011-03,Durham Constabulary,Durham Constabulary,-1.572202,54.778313,On or near Claypath,E01033164,County Durham 030D,Anti-social behaviour,,
,2011-03,Durham Constabulary,Durham Constabulary,-1.572202,54.778313,On or near Claypath,E01033164,County Durham 030D,Anti-social behaviour,,
,2011-03,Durham Constabulary,Durham Constabulary,-1.574883,54.776121,On or near Saddler Street,E01033164,County Durham 030D,Anti-social behaviour,,
,2011-03,Durham Constabulary,Durham Constabulary,-1.574883,54.776121,On or near Saddler Street,E01033164,County Durham 030D,Anti-social behaviour,,
,2011-03,Durham Constabulary,Durham Constabulary,-1.576049,54.777626,On or near Walkergate,E01033164,County Durham 030D,Anti-social behaviour,,
,2011-03,Durham Constabulary,Durham Constabulary,-1.576049,54.777626,On or near Walkergate,E01033164,County Durham 030D,Anti-social behaviour,,
,2011-03,Durham Constabulary,Durham Constabulary,-1.576049,54.777626,On or near Walkergate,E01033164,County Durham 030D,Anti-social behaviour,,
,2011-03,Durham Constabulary,Durham Constabulary,-1.575167,54.777236,On or near Silver Street,E01033164,County Durham 030D,Anti-social behaviour,,
,2011-03,Durham Constabulary,Durham Constabulary,-1.576049,54.777626,On or near Walkergate,E01033164,County Durham 030D,Anti-social behaviour,,
,2011-03,Durham Constabulary,Durham Constabulary,-1.575167,54.777236,On or near Silver Street,E01033164,County Durham 030D,Anti-social behaviour,,
,2011-03,Durham Constabulary,Durham Constabulary,-1.576864,54.777017,On or near Back Silver Street,E01033164,County Durham 030D,Anti-social behaviour,,
,2011-03,Durham Constabulary,Durham Constabulary,-1.574883,54.776121,On or near Saddler Street,E01033164,County Durham 030D,Anti-social behaviour,,
,2011-03,Durham Constabulary,Durham Constabulary,-1.576864,54.777017,On or near Back Silver Street,E01033164,County Durham 030D,Anti-social behaviour,,
,2011-03,Durham Constabulary,Durham Constabulary,-1.572202,54.778313,On or near Claypath,E01033164,County Durham 030D,Anti-social behaviour,,
,2011-03,Durham Constabulary,Durham Constabulary,-1.574883,54.776121,On or near Saddler Street,E01033164,County Durham 030D,Anti-social behaviour,,
,2011-03,Durham Constabulary,Durham Constabulary,-1.572202,54.778313,On or near Claypath,E01033164,County Durham 030D,Anti-social behaviour,,
,2011-03,Durham Constabulary,Durham Constabulary,-1.570107,54.779447,On or near Hillcrest,E01033164,County Durham 030D,Burglary,,
,2011-03,Durham Constabulary,Durham Constabulary,-1.574883,54.776121,On or near Saddler Street,E01033164,County Durham 030D,Burglary,,
,2011-03,Durham Constabulary,Durham Constabulary,-1.576864,54.777017,On or near Back Silver Street,E01033164,County Durham 030D,Violent crime,,
,2011-03,Durham Constabulary,Durham Constabulary,-1.575167,54.777236,On or near Silver Street,E01033164,County Durham 030D,Violent crime,,
,2011-03,Durham Constabulary,Durham Constabulary,-1.576049,54.777626,On or near Walkergate,E01033164,County Durham 030D,Violent crime,,
,2011-03,Durham Constabulary,Durham Constabulary,-1.576049,54.777626,On or near Walkergate,E01033164,County Durham 030D,Violent crime,,
,2011-03,Durham Constabulary,Durham Constabulary,-1.576049,54.777626,On or near Walkergate,E01033164,County Durham 030D,Violent crime,,
,2011-03,Durham Constabulary,Durham Constabulary,-1.576864,54.777017,On or near Back Silver Street,E01033164,County Durham 030D,Violent crime,,
,2011-03,Durham Constabulary,Durham Constabulary,-1.576864,54.777017,On or near Back Silver Street,E01033164,County Durham 030D,Violent crime,,
,2011-03,Durham Constabulary,Durham Constabulary,-1.576864,54.777017,On or near Back Silver Street,E01033164,County Durham 030D,Other crime,,
,2011-03,Durham Constabulary,Durham Constabulary,-1.574883,54.776121,On or near Saddler Street,E01033164,County Durham 030D,Other crime,,
,2011-03,Durham Constabulary,Durham Constabulary,-1.572202,54.778313,On or near Claypath,E01033164,County Durham 030D,Other crime,,
,2011-03,Durham Constabulary,Durham Constabulary,-1.574883,54.776121,On or near Saddler Street,E01033164,County Durham 030D,Other crime,,
,2011-03,Durham Constabulary,Durham Constabulary,-1.575167,54.777236,On or near Silver Street,E01033164,County Durham 030D,Other crime,,
,2011-03,Durham Constabulary,Durham Constabulary,-1.574737,54.773793,On or near North Bailey,E01033164,County Durham 030D,Other crime,,
,2011-03,Durham Constabulary,Durham Constabulary,-1.570618,54.778155,On or near Leazes Place,E01033164,County Durham 030D,Other crime,,
,2011-03,Durham Constabulary,Durham Constabulary,-1.575167,54.777236,On or near Silver Street,E01033164,County Durham 030D,Other crime,,
,2011-03,Durham Constabulary,Durham Constabulary,-1.576864,54.777017,On or near Back Silver Street,E01033164,County Durham 030D,Other crime,,
,2011-03,Durham Constabulary,Durham Constabulary,-1.576864,54.777017,On or near Back Silver Street,E01033164,County Durham 030D,Other crime,,
,2011-03,Durham Constabulary,Durham Constabulary,-1.575167,54.777236,On or near Silver Street,E01033164,County Durham 030D,Other crime,,
,2011-03,Durham Constabulary,Durham Constabulary,-1.575167,54.777236,On or near Silver Street,E01033164,County Durham 030D,Other crime,,
,2011-03,Durham Constabulary,Durham Constabulary,-1.574883,54.776121,On or near Saddler Street,E01033164,County Durham 030D,Other crime,,
,2011-03,Durham Constabulary,Durham Constabulary,-1.576864,54.777017,On or near Back Silver Street,E01033164,County Durham 030D,Other crime,,
,2011-03,Durham Constabulary,Durham Constabulary,-1.574883,54.776121,On or near Saddler Street,E01033164,County Durham 030D,Other crime,,
,2011-03,Durham Constabulary,Durham Constabulary,-1.576049,54.777626,On or near Walkergate,E01033164,County Durham 030D,Other crime,,
,2011-03,Durham Constabulary,Durham Constabulary,-1.576864,54.777017,On or near Back Silver Street,E01033164,County Durham 030D,Other crime,,
,2011-03,Durham Constabulary,Durham Constabulary,-1.574883,54.776121,On or near Saddler Street,E01033164,County Durham 030D,Other crime,,
,2011-03,Durham Constabulary,Durham Constabulary,-1.574883,54.776121,On or near Saddler Street,E01033164,County Durham 030D,Other crime,,
,2011-03,Durham Constabulary,Durham Constabulary,-1.576049,54.777626,On or near Walkergate,E01033164,County Durham 030D,Other crime,,
,2011-03,Durham Constabulary,Durham Constabulary,-1.576049,54.777626,On or near Walkergate,E01033164,County Durham 030D,Other crime,,
,2011-03,Durham Constabulary,Durham Constabulary,-1.576864,54.777017,On or near Back Silver Street,E01033164,County Durham 030D,Other crime,,
,2011-03,Durham Constabulary,Durham Constabulary,-1.576864,54.777017,On or near Back Silver Street,E01033164,County Durham 030D,Other crime,,
,2011-03,Durham Constabulary,Durham Constabulary,-1.572202,54.778313,On or near Claypath,E01033164,County Durham 030D,Other crime,,
,2011-03,Durham Constabulary,Durham Constabulary,-1.574883,54.776121,On or near Saddler Street,E01033164,County Durham 030D,Other crime,,
,2011-03,Durham Constabulary,Durham Constabulary,-1.574883,54.776121,On or near Saddler Street,E01033164,County Durham 030D,Other crime,,
,2011-03,Durham Constabulary,Durham Constabulary,-1.572202,54.778313,On or near Claypath,E01033164,County Durham 030D,Other crime,,
,2011-03,Durham Constabulary,Durham Constabulary,-1.575167,54.777236,On or near Silver Street,E01033164,County Durham 030D,Other crime,,
,2011-03,Durham Constabulary,Durham Constabulary,-1.575167,54.777236,On or near Silver Street,E01033164,County Durham 030D,Other crime,,
,2011-03,Durham Constabulary,Durham Constabulary,-1.575167,54.777236,On or near Silver Street,E01033164,County Durham 030D,Other crime,,
,2011-03,Durham Constabulary,Durham Constabulary,-1.575167,54.777236,On or near Silver Street,E01033164,County Durham 030D,Other crime,,
,2011-03,Durham Constabulary,Durham Constabulary,-1.572202,54.778313,On or near Claypath,E01033164,County Durham 030D,Other crime,,
,2011-03,Durham Constabulary,Durham Constabulary,-1.575167,54.777236,On or near Silver Street,E01033164,County Durham 030D,Other crime,,
,2011-03,Durham Constabulary,Durham Constabulary,-1.569875,54.780749,On or near Wearside Drive,E01033195,County Durham 030E,Burglary,,
,2011-03,Durham Constabulary,Durham Constabulary,-1.565972,54.779369,On or near Renny Street,E01033195,County Durham 030E,Other crime,,
,2011-03,Durham Constabulary,Durham Constabulary,-1.570310,54.773436,On or near Elvet Crescent,E01033197,County Durham 030F,Anti-social behaviour,,
,2011-03,Durham Constabulary,Durham Constabulary,-1.562955,54.773679,On or near Green Lane,E01033197,County Durham 030F,Anti-social behaviour,,
,2011-03,Durham Constabulary,Durham Constabulary,-1.570506,54.774011,On or near Court Lane,E01033197,County Durham 030F,Anti-social behaviour,,
,2011-03,Durham Constabulary,Durham Constabulary,-1.566970,54.771743,On or near Whinney Hill,E01033197,County Durham 030F,Anti-social behaviour,,
,2011-03,Durham Constabulary,Durham Constabulary,-1.570506,54.774011,On or near Court Lane,E01033197,County Durham 030F,Anti-social behaviour,,
,2011-03,Durham Constabulary,Durham Constabulary,-1.570683,54.776394,On or near Elvet Waterside,E01033197,County Durham 030F,Anti-social behaviour,,
,2011-03,Durham Constabulary,Durham Constabulary,-1.570310,54.773436,On or near Elvet Crescent,E01033197,County Durham 030F,Other crime,,
,2011-03,Durham Constabulary,Durham Constabulary,-1.570506,54.774011,On or near Court Lane,E01033197,County Durham 030F,Other crime,,
,2011-03,Durham Constabulary,Durham Constabulary,-1.566970,54.771743,On or near Whinney Hill,E01033197,County Durham 030F,Other crime,,
,2011-03,Durham Constabulary,Durham Constabulary,-1.562955,54.773679,On or near Green Lane,E01033197,County Durham 030F,Other crime,,
,2011-03,Durham Constabulary,Durham Constabulary,-1.566970,54.771743,On or near Whinney Hill,E01033197,County Durham 030F,Other crime,,
,2011-03,Durham Constabulary,Durham Constabulary,-1.571962,54.771581,On or near Church Street,E01033221,County Durham 030G,Anti-social behaviour,,
,2011-03,Durham Constabulary,Durham Constabulary,-1.570653,54.770399,On or near Oswald Court,E01033221,County Durham 030G,Anti-social behaviour,,
,2011-03,Durham Constabulary,Durham Constabulary,-1.569376,54.775068,On or near Old Elvet,E01033221,County Durham 030G,Anti-social behaviour,,
,2011-03,Durham Constabulary,Durham Constabulary,-1.571962,54.771581,On or near Church Street,E01033221,County Durham 030G,Anti-social behaviour,,
,2011-03,Durham Constabulary,Durham Constabulary,-1.571882,54.774744,On or near New Elvet,E01033221,County Durham 030G,Burglary,,
,2011-03,Durham Constabulary,Durham Constabulary,-1.580811,54.765097,On or near Elvet Hill Road,E01033221,County Durham 030G,Other crime,,
,2011-03,Durham Constabulary,Durham Constabulary,-1.580811,54.765097,On or near Elvet Hill Road,E01033221,County Durham 030G,Other crime,,
,2011-03,Durham Constabulary,Durham Constabulary,-1.569376,54.775068,On or near Old Elvet,E01033221,County Durham 030G,Other crime,,
,2011-03,Durham Constabulary,Durham Constabulary,-1.703360,54.771129,On or near Evenwood Road,E01020705,County Durham 031A,Anti-social behaviour,,
,2011-03,Durham Constabulary,Durham Constabulary,-1.706523,54.770040,On or near Ridding Court,E01020705,County Durham 031A,Anti-social behaviour,,
,2011-03,Durham Constabulary,Durham Constabulary,-1.709594,54.766695,On or near College View,E01020705,County Durham 031A,Anti-social behaviour,,
,2011-03,Durham Constabulary,Durham Constabulary,-1.709594,54.766695,On or near College View,E01020705,County Durham 031A,Anti-social behaviour,,
,2011-03,Durham Constabulary,Durham Constabulary,-1.709594,54.766695,On or near College View,E01020705,County Durham 031A,Anti-social behaviour,,
,2011-03,Durham Constabulary,Durham Constabulary,-1.704331,54.772227,On or near Hill View,E01020705,County Durham 031A,Anti-social behaviour,,
,2011-03,Durham Constabulary,Durham Constabulary,-1.714611,54.767094,On or near Rowan Court,E01020705,County Durham 031A,Burglary,,
,2011-03,Durham Constabulary,Durham Constabulary,-1.707590,54.772981,On or near Newhouse Avenue,E01020705,County Durham 031A,Other crime,,
,2011-03,Durham Constabulary,Durham Constabulary,-1.706523,54.770040,On or near Ridding Court,E01020705,County Durham 031A,Other crime,,
,2011-03,Durham Constabulary,Durham Constabulary,-1.715090,54.771975,On or near Osprey Close,E01020706,County Durham 031B,Anti-social behaviour,,
,2011-03,Durham Constabulary,Durham Constabulary,-1.695968,54.772252,On or near Coppice Hill,E01020706,County Durham 031B,Anti-social behaviour,,
,2011-03,Durham Constabulary,Durham Constabulary,-1.699533,54.771596,On or near Brandon Road,E01020706,County Durham 031B,Anti-social behaviour,,
,2011-03,Durham Constabulary,Durham Constabulary,-1.725414,54.759974,On or near Hamilton Row,E01020706,County Durham 031B,Anti-social behaviour,,
,2011-03,Durham Constabulary,Durham Constabulary,-1.697081,54.773063,On or near South Terrace,E01020706,County Durham 031B,Anti-social behaviour,,
,2011-03,Durham Constabulary,Durham Constabulary,-1.697081,54.773063,On or near South Terrace,E01020706,County Durham 031B,Anti-social behaviour,,
,2011-03,Durham Constabulary,Durham Constabulary,-1.703227,54.770221,On or near Edward Street,E01020706,County Durham 031B,Anti-social behaviour,,
,2011-03,Durham Constabulary,Durham Constabulary,-1.703227,54.770221,On or near Edward Street,E01020706,County Durham 031B,Anti-social behaviour,,
,2011-03,Durham Constabulary,Durham Constabulary,-1.715090,54.771975,On or near Osprey Close,E01020706,County Durham 031B,Burglary,,
,2011-03,Durham Constabulary,Durham Constabulary,-1.695968,54.772252,On or near Coppice Hill,E01020706,County Durham 031B,Vehicle crime,,
,2011-03,Durham Constabulary,Durham Constabulary,-1.644338,54.778339,On or near Flass Avenue,E01020715,County Durham 031C,Anti-social behaviour,,
,2011-03,Durham Constabulary,Durham Constabulary,-1.651886,54.779278,On or near St. Lukes Mews,E01020715,County Durham 031C,Anti-social behaviour,,
,2011-03,Durham Constabulary,Durham Constabulary,-1.648707,54.780176,On or near Welby Drive,E01020715,County Durham 031C,Anti-social behaviour,,
,2011-03,Durham Constabulary,Durham Constabulary,-1.652273,54.766796,On or near Rowley Close,E01020715,County Durham 031C,Anti-social behaviour,,
,2011-03,Durham Constabulary,Durham Constabulary,-1.644338,54.778339,On or near Flass Avenue,E01020715,County Durham 031C,Anti-social behaviour,,
,2011-03,Durham Constabulary,Durham Constabulary,-1.648453,54.778899,On or near Temperance Terrace,E01020715,County Durham 031C,Anti-social behaviour,,
,2011-03,Durham Constabulary,Durham Constabulary,-1.652273,54.766796,On or near Rowley Close,E01020715,County Durham 031C,Anti-social behaviour,,
,2011-03,Durham Constabulary,Durham Constabulary,-1.648139,54.766722,On or near Doric Road,E01020715,County Durham 031C,Anti-social behaviour,,
,2011-03,Durham Constabulary,Durham Constabulary,-1.644338,54.778339,On or near Flass Avenue,E01020715,County Durham 031C,Anti-social behaviour,,
,2011-03,Durham Constabulary,Durham Constabulary,-1.644338,54.778339,On or near Flass Avenue,E01020715,County Durham 031C,Anti-social behaviour,,
,2011-03,Durham Constabulary,Durham Constabulary,-1.644338,54.778339,On or near Flass Avenue,E01020715,County Durham 031C,Anti-social behaviour,,
,2011-03,Durham Constabulary,Durham Constabulary,-1.644338,54.778339,On or near Flass Avenue,E01020715,County Durham 031C,Anti-social behaviour,,
,2011-03,Durham Constabulary,Durham Constabulary,-1.644338,54.778339,On or near Flass Avenue,E01020715,County Durham 031C,Anti-social behaviour,,
,2011-03,Durham Constabulary,Durham Constabulary,-1.644338,54.778339,On or near Flass Avenue,E01020715,County Durham 031C,Anti-social behaviour,,
,2011-03,Durham Constabulary,Durham Constabulary,-1.644338,54.778339,On or near Flass Avenue,E01020715,County Durham 031C,Violent crime,,
,2011-03,Durham Constabulary,Durham Constabulary,-1.650985,54.766496,On or near Pringle Place,E01020715,County Durham 031C,Other crime,,
,2011-03,Durham Constabulary,Durham Constabulary,-1.648453,54.778899,On or near Temperance Terrace,E01020715,County Durham 031C,Other crime,,
,2011-03,Durham Constabulary,Durham Constabulary,-1.648453,54.778899,On or near Temperance Terrace,E01020715,County Durham 031C,Other crime,,
,2011-03,Durham Constabulary,Durham Constabulary,-1.651886,54.779278,On or near St. Lukes Mews,E01020715,County Durham 031C,Other crime,,
,2011-03,Durham Constabulary,Durham Constabulary,-1.648453,54.778899,On or near Temperance Terrace,E01020715,County Durham 031C,Other crime,,
,2011-03,Durham Constabulary,Durham Constabulary,-1.648139,54.766722,On or near Doric Road,E01020715,County Durham 031C,Other crime,,
,2011-03,Durham Constabulary,Durham Constabulary,-1.329197,54.758997,On or near Langdale Place,E01020745,County Durham 032A,Anti-social behaviour,,
,2011-03,Durham Constabulary,Durham Constabulary,-1.328270,54.761482,On or near Kirkstone Avenue,E01020745,County Durham 032A,Anti-social behaviour,,
,2011-03,Durham Constabulary,Durham Constabulary,-1.326734,54.758543,On or near Duddon Close,E01020745,County Durham 032A,Anti-social behaviour,,
,2011-03,Durham Constabulary,Durham Constabulary,-1.323842,54.758617,On or near Braithwaite Road,E01020745,County Durham 032A,Anti-social behaviour,,
,2011-03,Durham Constabulary,Durham Constabulary,-1.323353,54.757195,On or near Granville Road,E01020745,County Durham 032A,Anti-social behaviour,,
,2011-03,Durham Constabulary,Durham Constabulary,-1.327082,54.757260,On or near Harrison Close,E01020745,County Durham 032A,Anti-social behaviour,,
,2011-03,Durham Constabulary,Durham Constabulary,-1.327082,54.757260,On or near Harrison Close,E01020745,County Durham 032A,Anti-social behaviour,,
,2011-03,Durham Constabulary,Durham Constabulary,-1.326914,54.759883,On or near Grisedale Road,E01020745,County Durham 032A,Anti-social behaviour,,
,2011-03,Durham Constabulary,Durham Constabulary,-1.323689,54.759452,On or near Matterdale Road,E01020745,County Durham 032A,Anti-social behaviour,,
,2011-03,Durham Constabulary,Durham Constabulary,-1.323842,54.758617,On or near Braithwaite Road,E01020745,County Durham 032A,Anti-social behaviour,,
,2011-03,Durham Constabulary,Durham Constabulary,-1.326734,54.758543,On or near Duddon Close,E01020745,County Durham 032A,Anti-social behaviour,,
,2011-03,Durham Constabulary,Durham Constabulary,-1.328763,54.757045,On or near Hovingham Close,E01020745,County Durham 032A,Anti-social behaviour,,
,2011-03,Durham Constabulary,Durham Constabulary,-1.326274,54.760024,On or near Wasdale Close,E01020745,County Durham 032A,Burglary,,
,2011-03,Durham Constabulary,Durham Constabulary,-1.326274,54.760024,On or near Wasdale Close,E01020745,County Durham 032A,Violent crime,,
,2011-03,Durham Constabulary,Durham Constabulary,-1.326914,54.759883,On or near Grisedale Road,E01020745,County Durham 032A,Violent crime,,
,2011-03,Durham Constabulary,Durham Constabulary,-1.329197,54.758997,On or near Langdale Place,E01020745,County Durham 032A,Other crime,,
,2011-03,Durham Constabulary,Durham Constabulary,-1.328270,54.761482,On or near Kirkstone Avenue,E01020745,County Durham 032A,Other crime,,
,2011-03,Durham Constabulary,Durham Constabulary,-1.326274,54.760024,On or near Wasdale Close,E01020745,County Durham 032A,Other crime,,
,2011-03,Durham Constabulary,Durham Constabulary,-1.329197,54.758997,On or near Langdale Place,E01020745,County Durham 032A,Other crime,,
,2011-03,Durham Constabulary,Durham Constabulary,-1.328270,54.761482,On or near Kirkstone Avenue,E01020745,County Durham 032A,Other crime,,
,2011-03,Durham Constabulary,Durham Constabulary,-1.327082,54.757260,On or near Harrison Close,E01020745,County Durham 032A,Other crime,,
,2011-03,Durham Constabulary,Durham Constabulary,-1.329197,54.758997,On or near Langdale Place,E01020745,County Durham 032A,Other crime,,
,2011-03,Durham Constabulary,Durham Constabulary,-1.323353,54.757195,On or near Granville Road,E01020745,County Durham 032A,Other crime,,
,2011-03,Durham Constabulary,Durham Constabulary,-1.326274,54.760024,On or near Wasdale Close,E01020745,County Durham 032A,Other crime,,
,2011-03,Durham Constabulary,Durham Constabulary,-1.325251,54.760800,On or near Chapel Hill Road,E01020745,County Durham 032A,Other crime,,
,2011-03,Durham Constabulary,Durham Constabulary,-1.337074,54.784779,On or near Davis Terrace,E01020753,County Durham 032B,Anti-social behaviour,,
,2011-03,Durham Constabulary,Durham Constabulary,-1.330187,54.787518,On or near Welfare Close,E01020753,County Durham 032B,Anti-social behaviour,,
,2011-03,Durham Constabulary,Durham Constabulary,-1.333213,54.788864,On or near Stewart Street,E01020753,County Durham 032B,Anti-social behaviour,,
,2011-03,Durham Constabulary,Durham Constabulary,-1.337074,54.784779,On or near Davis Terrace,E01020753,County Durham 032B,Anti-social behaviour,,
,2011-03,Durham Constabulary,Durham Constabulary,-1.330187,54.786601,On or near Hillview Grove,E01020753,County Durham 032B,Anti-social behaviour,,
,2011-03,Durham Constabulary,Durham Constabulary,-1.330187,54.787518,On or near Welfare Close,E01020753,County Durham 032B,Anti-social behaviour,,
,2011-03,Durham Constabulary,Durham Constabulary,-1.333213,54.788864,On or near Stewart Street,E01020753,County Durham 032B,Anti-social behaviour,,
,2011-03,Durham Constabulary,Durham Constabulary,-1.333213,54.788864,On or near Stewart Street,E01020753,County Durham 032B,Anti-social behaviour,,
,2011-03,Durham Constabulary,Durham Constabulary,-1.335936,54.785905,On or near Glenhurst Road,E01020753,County Durham 032B,Anti-social behaviour,,
,2011-03,Durham Constabulary,Durham Constabulary,-1.339016,54.785823,On or near Manisty Terrace,E01020753,County Durham 032B,Anti-social behaviour,,
,2011-03,Durham Constabulary,Durham Constabulary,-1.333213,54.788864,On or near Stewart Street,E01020753,County Durham 032B,Anti-social behaviour,,
,2011-03,Durham Constabulary,Durham Constabulary,-1.333213,54.788864,On or near Stewart Street,E01020753,County Durham 032B,Anti-social behaviour,,
,2011-03,Durham Constabulary,Durham Constabulary,-1.330187,54.787518,On or near Welfare Close,E01020753,County Durham 032B,Anti-social behaviour,,
,2011-03,Durham Constabulary,Durham Constabulary,-1.334719,54.786186,On or near Paradise Crescent,E01020753,County Durham 032B,Anti-social behaviour,,
,2011-03,Durham Constabulary,Durham Constabulary,-1.343380,54.786206,On or near Comet Drive,E01020753,County Durham 032B,Anti-social behaviour,,
,2011-03,Durham Constabulary,Durham Constabulary,-1.343613,54.785245,On or near Jupiter Court,E01020753,County Durham 032B,Anti-social behaviour,,
,2011-03,Durham Constabulary,Durham Constabulary,-1.333213,54.788864,On or near Stewart Street,E01020753,County Durham 032B,Anti-social behaviour,,
,2011-03,Durham Constabulary,Durham Constabulary,-1.330187,54.787518,On or near Welfare Close,E01020753,County Durham 032B,Anti-social behaviour,,
,2011-03,Durham Constabulary,Durham Constabulary,-1.339016,54.785823,On or near Manisty Terrace,E01020753,County Durham 032B,Anti-social behaviour,,
,2011-03,Durham Constabulary,Durham Constabulary,-1.334719,54.786186,On or near Paradise Crescent,E01020753,County Durham 032B,Anti-social behaviour,,
,2011-03,Durham Constabulary,Durham Constabulary,-1.330187,54.787518,On or near Welfare Close,E01020753,County Durham 032B,Anti-social behaviour,,
,2011-03,Durham Constabulary,Durham Constabulary,-1.333213,54.788864,On or near Stewart Street,E01020753,County Durham 032B,Burglary,,
,2011-03,Durham Constabulary,Durham Constabulary,-1.338570,54.787465,On or near St. Nicholas Terrace,E01020753,County Durham 032B,Burglary,,
,2011-03,Durham Constabulary,Durham Constabulary,-1.333213,54.788864,On or near Stewart Street,E01020753,County Durham 032B,Burglary,,
,2011-03,Durham Constabulary,Durham Constabulary,-1.333213,54.788864,On or near Stewart Street,E01020753,County Durham 032B,Burglary,,
,2011-03,Durham Constabulary,Durham Constabulary,-1.330187,54.786601,On or near Hillview Grove,E01020753,County Durham 032B,Burglary,,
,2011-03,Durham Constabulary,Durham Constabulary,-1.332889,54.786814,On or near The Coppice,E01020753,County Durham 032B,Vehicle crime,,
,2011-03,Durham Constabulary,Durham Constabulary,-1.333213,54.788864,On or near Stewart Street,E01020753,County Durham 032B,Violent crime,,
,2011-03,Durham Constabulary,Durham Constabulary,-1.343613,54.785245,On or near Jupiter Court,E01020753,County Durham 032B,Violent crime,,
,2011-03,Durham Constabulary,Durham Constabulary,-1.338570,54.787465,On or near St. Nicholas Terrace,E01020753,County Durham 032B,Violent crime,,
,2011-03,Durham Constabulary,Durham Constabulary,-1.330187,54.787518,On or near Welfare Close,E01020753,County Durham 032B,Other crime,,
,2011-03,Durham Constabulary,Durham Constabulary,-1.339832,54.787328,On or near Whickham Street,E01020753,County Durham 032B,Other crime,,
,2011-03,Durham Constabulary,Durham Constabulary,-1.333213,54.788864,On or near Stewart Street,E01020753,County Durham 032B,Other crime,,
,2011-03,Durham Constabulary,Durham Constabulary,-1.333213,54.788864,On or near Stewart Street,E01020753,County Durham 032B,Other crime,,
,2011-03,Durham Constabulary,Durham Constabulary,-1.339016,54.785823,On or near Manisty Terrace,E01020753,County Durham 032B,Other crime,,
,2011-03,Durham Constabulary,Durham Constabulary,-1.332889,54.786814,On or near The Coppice,E01020753,County Durham 032B,Other crime,,
,2011-03,Durham Constabulary,Durham Constabulary,-1.337074,54.784779,On or near Davis Terrace,E01020753,County Durham 032B,Other crime,,
,2011-03,Durham Constabulary,Durham Constabulary,-1.333213,54.788864,On or near Stewart Street,E01020753,County Durham 032B,Other crime,,
,2011-03,Durham Constabulary,Durham Constabulary,-1.330187,54.787518,On or near Welfare Close,E01020753,County Durham 032B,Other crime,,
,2011-03,Durham Constabulary,Durham Constabulary,-1.330187,54.787518,On or near Welfare Close,E01020753,County Durham 032B,Other crime,,
,2011-03,Durham Constabulary,Durham Constabulary,-1.337022,54.763237,On or near Hawes Road,E01020757,County Durham 032C,Anti-social behaviour,,
,2011-03,Durham Constabulary,Durham Constabulary,-1.335902,54.764273,On or near Elliott Road,E01020757,County Durham 032C,Anti-social behaviour,,
,2011-03,Durham Constabulary,Durham Constabulary,-1.332727,54.763555,On or near Kirkland Hill,E01020757,County Durham 032C,Anti-social behaviour,,
,2011-03,Durham Constabulary,Durham Constabulary,-1.334293,54.761919,On or near Brandlings Way,E01020757,County Durham 032C,Anti-social behaviour,,
,2011-03,Durham Constabulary,Durham Constabulary,-1.333511,54.765977,On or near Robson Avenue,E01020757,County Durham 032C,Anti-social behaviour,,
,2011-03,Durham Constabulary,Durham Constabulary,-1.337022,54.763237,On or near Hawes Road,E01020757,County Durham 032C,Anti-social behaviour,,
,2011-03,Durham Constabulary,Durham Constabulary,-1.334293,54.761919,On or near Brandlings Way,E01020757,County Durham 032C,Anti-social behaviour,,
,2011-03,Durham Constabulary,Durham Constabulary,-1.337722,54.766045,On or near Amersham Crescent,E01020757,County Durham 032C,Anti-social behaviour,,
,2011-03,Durham Constabulary,Durham Constabulary,-1.333511,54.765977,On or near Robson Avenue,E01020757,County Durham 032C,Anti-social behaviour,,
,2011-03,Durham Constabulary,Durham Constabulary,-1.338977,54.764362,On or near Dunn Road,E01020757,County Durham 032C,Anti-social behaviour,,
,2011-03,Durham Constabulary,Durham Constabulary,-1.338285,54.764880,On or near Westcott Road,E01020757,County Durham 032C,Anti-social behaviour,,
,2011-03,Durham Constabulary,Durham Constabulary,-1.338977,54.764362,On or near Dunn Road,E01020757,County Durham 032C,Anti-social behaviour,,
,2011-03,Durham Constabulary,Durham Constabulary,-1.332727,54.763555,On or near Kirkland Hill,E01020757,County Durham 032C,Anti-social behaviour,,
,2011-03,Durham Constabulary,Durham Constabulary,-1.338977,54.764362,On or near Dunn Road,E01020757,County Durham 032C,Anti-social behaviour,,
,2011-03,Durham Constabulary,Durham Constabulary,-1.332727,54.763555,On or near Kirkland Hill,E01020757,County Durham 032C,Anti-social behaviour,,
,2011-03,Durham Constabulary,Durham Constabulary,-1.338977,54.764362,On or near Dunn Road,E01020757,County Durham 032C,Anti-social behaviour,,
,2011-03,Durham Constabulary,Durham Constabulary,-1.336661,54.766327,On or near Yoden Road,E01020757,County Durham 032C,Anti-social behaviour,,
,2011-03,Durham Constabulary,Durham Constabulary,-1.335902,54.764273,On or near Elliott Road,E01020757,County Durham 032C,Anti-social behaviour,,
,2011-03,Durham Constabulary,Durham Constabulary,-1.335902,54.764273,On or near Elliott Road,E01020757,County Durham 032C,Anti-social behaviour,,
,2011-03,Durham Constabulary,Durham Constabulary,-1.335902,54.764273,On or near Elliott Road,E01020757,County Durham 032C,Anti-social behaviour,,
,2011-03,Durham Constabulary,Durham Constabulary,-1.339931,54.765005,On or near Dunelm Walk,E01020757,County Durham 032C,Burglary,,
,2011-03,Durham Constabulary,Durham Constabulary,-1.337722,54.766045,On or near Amersham Crescent,E01020757,County Durham 032C,Vehicle crime,,
,2011-03,Durham Constabulary,Durham Constabulary,-1.332727,54.763555,On or near Kirkland Hill,E01020757,County Durham 032C,Violent crime,,
,2011-03,Durham Constabulary,Durham Constabulary,-1.336661,54.766327,On or near Yoden Road,E01020757,County Durham 032C,Other crime,,
,2011-03,Durham Constabulary,Durham Constabulary,-1.335902,54.764273,On or near Elliott Road,E01020757,County Durham 032C,Other crime,,
,2011-03,Durham Constabulary,Durham Constabulary,-1.339931,54.765005,On or near Dunelm Walk,E01020757,County Durham 032C,Other crime,,
,2011-03,Durham Constabulary,Durham Constabulary,-1.335902,54.764273,On or near Elliott Road,E01020757,County Durham 032C,Other crime,,
,2011-03,Durham Constabulary,Durham Constabulary,-1.339931,54.765005,On or near Dunelm Walk,E01020757,County Durham 032C,Other crime,,
,2011-03,Durham Constabulary,Durham Constabulary,-1.332664,54.760778,On or near Surtees Road,E01020758,County Durham 032D,Anti-social behaviour,,
,2011-03,Durham Constabulary,Durham Constabulary,-1.331690,54.763307,On or near Edenhill Road,E01020758,County Durham 032D,Anti-social behaviour,,
,2011-03,Durham Constabulary,Durham Constabulary,-1.332664,54.760778,On or near Surtees Road,E01020758,County Durham 032D,Anti-social behaviour,,
,2011-03,Durham Constabulary,Durham Constabulary,-1.329283,54.760400,On or near Tarn Close,E01020758,County Durham 032D,Anti-social behaviour,,
,2011-03,Durham Constabulary,Durham Constabulary,-1.332664,54.760778,On or near Surtees Road,E01020758,County Durham 032D,Anti-social behaviour,,
,2011-03,Durham Constabulary,Durham Constabulary,-1.332664,54.760778,On or near Surtees Road,E01020758,County Durham 032D,Anti-social behaviour,,
,2011-03,Durham Constabulary,Durham Constabulary,-1.332664,54.760778,On or near Surtees Road,E01020758,County Durham 032D,Anti-social behaviour,,
,2011-03,Durham Constabulary,Durham Constabulary,-1.326606,54.762515,On or near Grasmere Road,E01020758,County Durham 032D,Anti-social behaviour,,
,2011-03,Durham Constabulary,Durham Constabulary,-1.330490,54.763534,On or near Mansell Crescent,E01020758,County Durham 032D,Anti-social behaviour,,
,2011-03,Durham Constabulary,Durham Constabulary,-1.332664,54.760778,On or near Surtees Road,E01020758,County Durham 032D,Anti-social behaviour,,
,2011-03,Durham Constabulary,Durham Constabulary,-1.326606,54.762515,On or near Grasmere Road,E01020758,County Durham 032D,Anti-social behaviour,,
,2011-03,Durham Constabulary,Durham Constabulary,-1.332664,54.760778,On or near Surtees Road,E01020758,County Durham 032D,Anti-social behaviour,,
,2011-03,Durham Constabulary,Durham Constabulary,-1.332664,54.760778,On or near Surtees Road,E01020758,County Durham 032D,Anti-social behaviour,,
,2011-03,Durham Constabulary,Durham Constabulary,-1.332664,54.760778,On or near Surtees Road,E01020758,County Durham 032D,Anti-social behaviour,,
,2011-03,Durham Constabulary,Durham Constabulary,-1.329684,54.762451,On or near Thirlmere Road,E01020758,County Durham 032D,Anti-social behaviour,,
,2011-03,Durham Constabulary,Durham Constabulary,-1.332664,54.760778,On or near Surtees Road,E01020758,County Durham 032D,Anti-social behaviour,,
,2011-03,Durham Constabulary,Durham Constabulary,-1.332664,54.760778,On or near Surtees Road,E01020758,County Durham 032D,Anti-social behaviour,,
,2011-03,Durham Constabulary,Durham Constabulary,-1.332664,54.760778,On or near Surtees Road,E01020758,County Durham 032D,Anti-social behaviour,,
,2011-03,Durham Constabulary,Durham Constabulary,-1.330490,54.763534,On or near Mansell Crescent,E01020758,County Durham 032D,Anti-social behaviour,,
,2011-03,Durham Constabulary,Durham Constabulary,-1.332664,54.760778,On or near Surtees Road,E01020758,County Durham 032D,Anti-social behaviour,,
,2011-03,Durham Constabulary,Durham Constabulary,-1.332664,54.760778,On or near Surtees Road,E01020758,County Durham 032D,Anti-social behaviour,,
,2011-03,Durham Constabulary,Durham Constabulary,-1.326677,54.761949,On or near Rydal Crescent,E01020758,County Durham 032D,Anti-social behaviour,,
,2011-03,Durham Constabulary,Durham Constabulary,-1.332664,54.760778,On or near Surtees Road,E01020758,County Durham 032D,Anti-social behaviour,,
,2011-03,Durham Constabulary,Durham Constabulary,-1.332664,54.760778,On or near Surtees Road,E01020758,County Durham 032D,Anti-social behaviour,,
,2011-03,Durham Constabulary,Durham Constabulary,-1.332664,54.760778,On or near Surtees Road,E01020758,County Durham 032D,Anti-social behaviour,,
,2011-03,Durham Constabulary,Durham Constabulary,-1.332664,54.760778,On or near Surtees Road,E01020758,County Durham 032D,Anti-social behaviour,,
,2011-03,Durham Constabulary,Durham Constabulary,-1.332664,54.760778,On or near Surtees Road,E01020758,County Durham 032D,Anti-social behaviour,,
,2011-03,Durham Constabulary,Durham Constabulary,-1.332664,54.760778,On or near Surtees Road,E01020758,County Durham 032D,Anti-social behaviour,,
,2011-03,Durham Constabulary,Durham Constabulary,-1.331690,54.763307,On or near Edenhill Road,E01020758,County Durham 032D,Anti-social behaviour,,
,2011-03,Durham Constabulary,Durham Constabulary,-1.332664,54.760778,On or near Surtees Road,E01020758,County Durham 032D,Anti-social behaviour,,
,2011-03,Durham Constabulary,Durham Constabulary,-1.332847,54.762873,On or near Derwent Road,E01020758,County Durham 032D,Anti-social behaviour,,
,2011-03,Durham Constabulary,Durham Constabulary,-1.332664,54.760778,On or near Surtees Road,E01020758,County Durham 032D,Anti-social behaviour,,
,2011-03,Durham Constabulary,Durham Constabulary,-1.331690,54.763307,On or near Edenhill Road,E01020758,County Durham 032D,Anti-social behaviour,,
,2011-03,Durham Constabulary,Durham Constabulary,-1.332664,54.760778,On or near Surtees Road,E01020758,County Durham 032D,Anti-social behaviour,,
,2011-03,Durham Constabulary,Durham Constabulary,-1.332664,54.760778,On or near Surtees Road,E01020758,County Durham 032D,Anti-social behaviour,,
,2011-03,Durham Constabulary,Durham Constabulary,-1.332664,54.760778,On or near Surtees Road,E01020758,County Durham 032D,Anti-social behaviour,,
,2011-03,Durham Constabulary,Durham Constabulary,-1.330490,54.763534,On or near Mansell Crescent,E01020758,County Durham 032D,Anti-social behaviour,,
,2011-03,Durham Constabulary,Durham Constabulary,-1.331690,54.763307,On or near Edenhill Road,E01020758,County Durham 032D,Anti-social behaviour,,
,2011-03,Durham Constabulary,Durham Constabulary,-1.332664,54.760778,On or near Surtees Road,E01020758,County Durham 032D,Anti-social behaviour,,
,2011-03,Durham Constabulary,Durham Constabulary,-1.332664,54.760778,On or near Surtees Road,E01020758,County Durham 032D,Anti-social behaviour,,
,2011-03,Durham Constabulary,Durham Constabulary,-1.328634,54.762975,On or near Bowness Close,E01020758,County Durham 032D,Anti-social behaviour,,
,2011-03,Durham Constabulary,Durham Constabulary,-1.332664,54.760778,On or near Surtees Road,E01020758,County Durham 032D,Anti-social behaviour,,
,2011-03,Durham Constabulary,Durham Constabulary,-1.328634,54.762975,On or near Bowness Close,E01020758,County Durham 032D,Anti-social behaviour,,
,2011-03,Durham Constabulary,Durham Constabulary,-1.332664,54.760778,On or near Surtees Road,E01020758,County Durham 032D,Anti-social behaviour,,
,2011-03,Durham Constabulary,Durham Constabulary,-1.330490,54.763534,On or near Mansell Crescent,E01020758,County Durham 032D,Anti-social behaviour,,
,2011-03,Durham Constabulary,Durham Constabulary,-1.332664,54.760778,On or near Surtees Road,E01020758,County Durham 032D,Anti-social behaviour,,
,2011-03,Durham Constabulary,Durham Constabulary,-1.328030,54.763808,On or near Ellison Road,E01020758,County Durham 032D,Anti-social behaviour,,
,2011-03,Durham Constabulary,Durham Constabulary,-1.332664,54.760778,On or near Surtees Road,E01020758,County Durham 032D,Anti-social behaviour,,
,2011-03,Durham Constabulary,Durham Constabulary,-1.330490,54.763534,On or near Mansell Crescent,E01020758,County Durham 032D,Anti-social behaviour,,
,2011-03,Durham Constabulary,Durham Constabulary,-1.332664,54.760778,On or near Surtees Road,E01020758,County Durham 032D,Anti-social behaviour,,
,2011-03,Durham Constabulary,Durham Constabulary,-1.329464,54.764463,On or near Troutbeck Way,E01020758,County Durham 032D,Vehicle crime,,
,2011-03,Durham Constabulary,Durham Constabulary,-1.332664,54.760778,On or near Surtees Road,E01020758,County Durham 032D,Vehicle crime,,
,2011-03,Durham Constabulary,Durham Constabulary,-1.332664,54.760778,On or near Surtees Road,E01020758,County Durham 032D,Vehicle crime,,
,2011-03,Durham Constabulary,Durham Constabulary,-1.328634,54.762975,On or near Bowness Close,E01020758,County Durham 032D,Violent crime,,
,2011-03,Durham Constabulary,Durham Constabulary,-1.332664,54.760778,On or near Surtees Road,E01020758,County Durham 032D,Violent crime,,
,2011-03,Durham Constabulary,Durham Constabulary,-1.332664,54.760778,On or near Surtees Road,E01020758,County Durham 032D,Violent crime,,
,2011-03,Durham Constabulary,Durham Constabulary,-1.332664,54.760778,On or near Surtees Road,E01020758,County Durham 032D,Violent crime,,
,2011-03,Durham Constabulary,Durham Constabulary,-1.332664,54.760778,On or near Surtees Road,E01020758,County Durham 032D,Violent crime,,
,2011-03,Durham Constabulary,Durham Constabulary,-1.330490,54.763534,On or near Mansell Crescent,E01020758,County Durham 032D,Violent crime,,
,2011-03,Durham Constabulary,Durham Constabulary,-1.332664,54.760778,On or near Surtees Road,E01020758,County Durham 032D,Violent crime,,
,2011-03,Durham Constabulary,Durham Constabulary,-1.332664,54.760778,On or near Surtees Road,E01020758,County Durham 032D,Other crime,,
,2011-03,Durham Constabulary,Durham Constabulary,-1.332664,54.760778,On or near Surtees Road,E01020758,County Durham 032D,Other crime,,
,2011-03,Durham Constabulary,Durham Constabulary,-1.332664,54.760778,On or near Surtees Road,E01020758,County Durham 032D,Other crime,,
,2011-03,Durham Constabulary,Durham Constabulary,-1.332664,54.760778,On or near Surtees Road,E01020758,County Durham 032D,Other crime,,
,2011-03,Durham Constabulary,Durham Constabulary,-1.330490,54.763534,On or near Mansell Crescent,E01020758,County Durham 032D,Other crime,,
,2011-03,Durham Constabulary,Durham Constabulary,-1.332664,54.760778,On or near Surtees Road,E01020758,County Durham 032D,Other crime,,
,2011-03,Durham Constabulary,Durham Constabulary,-1.332664,54.760778,On or near Surtees Road,E01020758,County Durham 032D,Other crime,,
,2011-03,Durham Constabulary,Durham Constabulary,-1.332664,54.760778,On or near Surtees Road,E01020758,County Durham 032D,Other crime,,
,2011-03,Durham Constabulary,Durham Constabulary,-1.331690,54.763307,On or near Edenhill Road,E01020758,County Durham 032D,Other crime,,
,2011-03,Durham Constabulary,Durham Constabulary,-1.332664,54.760778,On or near Surtees Road,E01020758,County Durham 032D,Other crime,,
,2011-03,Durham Constabulary,Durham Constabulary,-1.328030,54.763808,On or near Ellison Road,E01020758,County Durham 032D,Other crime,,
,2011-03,Durham Constabulary,Durham Constabulary,-1.332664,54.760778,On or near Surtees Road,E01020758,County Durham 032D,Other crime,,
,2011-03,Durham Constabulary,Durham Constabulary,-1.332664,54.760778,On or near Surtees Road,E01020758,County Durham 032D,Other crime,,
,2011-03,Durham Constabulary,Durham Constabulary,-1.330137,54.764197,On or near Alston Walk,E01020758,County Durham 032D,Other crime,,
,2011-03,Durham Constabulary,Durham Constabulary,-1.332664,54.760778,On or near Surtees Road,E01020758,County Durham 032D,Other crime,,
,2011-03,Durham Constabulary,Durham Constabulary,-1.332664,54.760778,On or near Surtees Road,E01020758,County Durham 032D,Other crime,,
,2011-03,Durham Constabulary,Durham Constabulary,-1.332664,54.760778,On or near Surtees Road,E01020758,County Durham 032D,Other crime,,
,2011-03,Durham Constabulary,Durham Constabulary,-1.332664,54.760778,On or near Surtees Road,E01020758,County Durham 032D,Other crime,,
,2011-03,Durham Constabulary,Durham Constabulary,-1.332664,54.760778,On or near Surtees Road,E01020758,County Durham 032D,Other crime,,
,2011-03,Durham Constabulary,Durham Constabulary,-1.332664,54.760778,On or near Surtees Road,E01020758,County Durham 032D,Other crime,,
,2011-03,Durham Constabulary,Durham Constabulary,-1.332664,54.760778,On or near Surtees Road,E01020758,County Durham 032D,Other crime,,
,2011-03,Durham Constabulary,Durham Constabulary,-1.332664,54.760778,On or near Surtees Road,E01020758,County Durham 032D,Other crime,,
,2011-03,Durham Constabulary,Durham Constabulary,-1.329684,54.762451,On or near Thirlmere Road,E01020758,County Durham 032D,Other crime,,
,2011-03,Durham Constabulary,Durham Constabulary,-1.330703,54.764721,On or near Pickard Close,E01020758,County Durham 032D,Other crime,,
,2011-03,Durham Constabulary,Durham Constabulary,-1.332664,54.760778,On or near Surtees Road,E01020758,County Durham 032D,Other crime,,
,2011-03,Durham Constabulary,Durham Constabulary,-1.330703,54.764721,On or near Pickard Close,E01020758,County Durham 032D,Other crime,,
,2011-03,Durham Constabulary,Durham Constabulary,-1.332664,54.760778,On or near Surtees Road,E01020758,County Durham 032D,Other crime,,
,2011-03,Durham Constabulary,Durham Constabulary,-1.332664,54.760778,On or near Surtees Road,E01020758,County Durham 032D,Other crime,,
,2011-03,Durham Constabulary,Durham Constabulary,-1.332664,54.760778,On or near Surtees Road,E01020758,County Durham 032D,Other crime,,
,2011-03,Durham Constabulary,Durham Constabulary,-1.328798,54.760559,On or near Staveley Road,E01020758,County Durham 032D,Other crime,,
,2011-03,Durham Constabulary,Durham Constabulary,-1.332664,54.760778,On or near Surtees Road,E01020758,County Durham 032D,Other crime,,
,2011-03,Durham Constabulary,Durham Constabulary,-1.329464,54.764463,On or near Troutbeck Way,E01020758,County Durham 032D,Other crime,,
,2011-03,Durham Constabulary,Durham Constabulary,-1.332664,54.760778,On or near Surtees Road,E01020758,County Durham 032D,Other crime,,
,2011-03,Durham Constabulary,Durham Constabulary,-1.332664,54.760778,On or near Surtees Road,E01020758,County Durham 032D,Other crime,,
,2011-03,Durham Constabulary,Durham Constabulary,-1.332664,54.760778,On or near Surtees Road,E01020758,County Durham 032D,Other crime,,
,2011-03,Durham Constabulary,Durham Constabulary,-1.332664,54.760778,On or near Surtees Road,E01020758,County Durham 032D,Other crime,,
,2011-03,Durham Constabulary,Durham Constabulary,-1.338030,54.767161,On or near Crawford Avenue,E01020759,County Durham 032E,Anti-social behaviour,,
,2011-03,Durham Constabulary,Durham Constabulary,-1.338030,54.767161,On or near Crawford Avenue,E01020759,County Durham 032E,Anti-social behaviour,,
,2011-03,Durham Constabulary,Durham Constabulary,-1.339494,54.767025,On or near Sledmere Close,E01020759,County Durham 032E,Anti-social behaviour,,
,2011-03,Durham Constabulary,Durham Constabulary,-1.340037,54.768978,On or near Fairbairn Road,E01020759,County Durham 032E,Anti-social behaviour,,
,2011-03,Durham Constabulary,Durham Constabulary,-1.340037,54.768978,On or near Fairbairn Road,E01020759,County Durham 032E,Anti-social behaviour,,
,2011-03,Durham Constabulary,Durham Constabulary,-1.339494,54.767025,On or near Sledmere Close,E01020759,County Durham 032E,Anti-social behaviour,,
,2011-03,Durham Constabulary,Durham Constabulary,-1.338030,54.767161,On or near Crawford Avenue,E01020759,County Durham 032E,Anti-social behaviour,,
,2011-03,Durham Constabulary,Durham Constabulary,-1.340912,54.767734,On or near Grange Close,E01020759,County Durham 032E,Anti-social behaviour,,
,2011-03,Durham Constabulary,Durham Constabulary,-1.340566,54.768936,On or near Jude Place,E01020759,County Durham 032E,Anti-social behaviour,,
,2011-03,Durham Constabulary,Durham Constabulary,-1.339494,54.767025,On or near Sledmere Close,E01020759,County Durham 032E,Burglary,,
,2011-03,Durham Constabulary,Durham Constabulary,-1.340037,54.768978,On or near Fairbairn Road,E01020759,County Durham 032E,Burglary,,
,2011-03,Durham Constabulary,Durham Constabulary,-1.336415,54.770873,On or near Armstrong Road,E01020759,County Durham 032E,Other crime,,
,2011-03,Durham Constabulary,Durham Constabulary,-1.340037,54.768978,On or near Fairbairn Road,E01020759,County Durham 032E,Other crime,,
,2011-03,Durham Constabulary,Durham Constabulary,-1.339494,54.767025,On or near Sledmere Close,E01020759,County Durham 032E,Other crime,,
,2011-03,Durham Constabulary,Durham Constabulary,-1.340037,54.768978,On or near Fairbairn Road,E01020759,County Durham 032E,Other crime,,
,2011-03,Durham Constabulary,Durham Constabulary,-1.326441,54.770575,On or near Bruce Kirkup Road,E01020765,County Durham 032F,Anti-social behaviour,,
,2011-03,Durham Constabulary,Durham Constabulary,-1.318483,54.780694,On or near Maritime Crescent,E01020765,County Durham 032F,Anti-social behaviour,,
,2011-03,Durham Constabulary,Durham Constabulary,-1.326441,54.770575,On or near Bruce Kirkup Road,E01020765,County Durham 032F,Anti-social behaviour,,
,2011-03,Durham Constabulary,Durham Constabulary,-1.326441,54.770575,On or near Bruce Kirkup Road,E01020765,County Durham 032F,Anti-social behaviour,,
,2011-03,Durham Constabulary,Durham Constabulary,-1.326441,54.770575,On or near Bruce Kirkup Road,E01020765,County Durham 032F,Anti-social behaviour,,
,2011-03,Durham Constabulary,Durham Constabulary,-1.326441,54.770575,On or near Bruce Kirkup Road,E01020765,County Durham 032F,Anti-social behaviour,,
,2011-03,Durham Constabulary,Durham Constabulary,-1.326441,54.770575,On or near Bruce Kirkup Road,E01020765,County Durham 032F,Anti-social behaviour,,
,2011-03,Durham Constabulary,Durham Constabulary,-1.318483,54.780694,On or near Maritime Crescent,E01020765,County Durham 032F,Anti-social behaviour,,
,2011-03,Durham Constabulary,Durham Constabulary,-1.318483,54.780694,On or near Maritime Crescent,E01020765,County Durham 032F,Anti-social behaviour,,
,2011-03,Durham Constabulary,Durham Constabulary,-1.326441,54.770575,On or near Bruce Kirkup Road,E01020765,County Durham 032F,Anti-social behaviour,,
,2011-03,Durham Constabulary,Durham Constabulary,-1.326441,54.770575,On or near Bruce Kirkup Road,E01020765,County Durham 032F,Burglary,,
,2011-03,Durham Constabulary,Durham Constabulary,-1.326441,54.770575,On or near Bruce Kirkup Road,E01020765,County Durham 032F,Other crime,,
,2011-03,Durham Constabulary,Durham Constabulary,-1.326441,54.770575,On or near Bruce Kirkup Road,E01020765,County Durham 032F,Other crime,,
,2011-03,Durham Constabulary,Durham Constabulary,-1.326441,54.770575,On or near Bruce Kirkup Road,E01020765,County Durham 032F,Other crime,,
,2011-03,Durham Constabulary,Durham Constabulary,-1.610958,54.759005,On or near Black Road,E01020684,County Durham 033A,Anti-social behaviour,,
,2011-03,Durham Constabulary,Durham Constabulary,-1.617503,54.752143,On or near John Street South,E01020684,County Durham 033A,Anti-social behaviour,,
,2011-03,Durham Constabulary,Durham Constabulary,-1.610958,54.759005,On or near Black Road,E01020684,County Durham 033A,Anti-social behaviour,,
,2011-03,Durham Constabulary,Durham Constabulary,-1.617503,54.752143,On or near John Street South,E01020684,County Durham 033A,Anti-social behaviour,,
,2011-03,Durham Constabulary,Durham Constabulary,-1.607855,54.756938,On or near Littleburn Lane,E01020684,County Durham 033A,Anti-social behaviour,,
,2011-03,Durham Constabulary,Durham Constabulary,-1.609685,54.755640,On or near Mill Road,E01020684,County Durham 033A,Anti-social behaviour,,
,2011-03,Durham Constabulary,Durham Constabulary,-1.614972,54.758533,On or near Langley Crescent,E01020684,County Durham 033A,Anti-social behaviour,,
,2011-03,Durham Constabulary,Durham Constabulary,-1.609454,54.760367,On or near North Brancepeth Close,E01020684,County Durham 033A,Anti-social behaviour,,
,2011-03,Durham Constabulary,Durham Constabulary,-1.610958,54.759005,On or near Black Road,E01020684,County Durham 033A,Anti-social behaviour,,
,2011-03,Durham Constabulary,Durham Constabulary,-1.609454,54.760367,On or near North Brancepeth Close,E01020684,County Durham 033A,Anti-social behaviour,,
,2011-03,Durham Constabulary,Durham Constabulary,-1.611245,54.748555,On or near St. Johns Road,E01020684,County Durham 033A,Anti-social behaviour,,
,2011-03,Durham Constabulary,Durham Constabulary,-1.606002,54.762117,On or near Grove Terrace,E01020684,County Durham 033A,Anti-social behaviour,,
,2011-03,Durham Constabulary,Durham Constabulary,-1.613129,54.756254,On or near High Street North,E01020684,County Durham 033A,Anti-social behaviour,,
,2011-03,Durham Constabulary,Durham Constabulary,-1.610475,54.757512,On or near High Street South Back,E01020684,County Durham 033A,Anti-social behaviour,,
,2011-03,Durham Constabulary,Durham Constabulary,-1.609454,54.760367,On or near North Brancepeth Close,E01020684,County Durham 033A,Anti-social behaviour,,
,2011-03,Durham Constabulary,Durham Constabulary,-1.609454,54.760367,On or near North Brancepeth Close,E01020684,County Durham 033A,Violent crime,,
,2011-03,Durham Constabulary,Durham Constabulary,-1.617503,54.752143,On or near John Street South,E01020684,County Durham 033A,Other crime,,
,2011-03,Durham Constabulary,Durham Constabulary,-1.609454,54.760367,On or near North Brancepeth Close,E01020684,County Durham 033A,Other crime,,
,2011-03,Durham Constabulary,Durham Constabulary,-1.609454,54.760367,On or near North Brancepeth Close,E01020684,County Durham 033A,Other crime,,
,2011-03,Durham Constabulary,Durham Constabulary,-1.607855,54.756938,On or near Littleburn Lane,E01020684,County Durham 033A,Other crime,,
,2011-03,Durham Constabulary,Durham Constabulary,-1.606002,54.762117,On or near Grove Terrace,E01020684,County Durham 033A,Other crime,,
,2011-03,Durham Constabulary,Durham Constabulary,-1.586623,54.780430,On or near Albert Street,E01020702,County Durham 033B,Anti-social behaviour,,
,2011-03,Durham Constabulary,Durham Constabulary,-1.587478,54.791172,On or near Aykley Vale,E01020702,County Durham 033B,Anti-social behaviour,,
,2011-03,Durham Constabulary,Durham Constabulary,-1.589546,54.785014,On or near North End,E01020702,County Durham 033B,Anti-social behaviour,,
,2011-03,Durham Constabulary,Durham Constabulary,-1.587478,54.791172,On or near Aykley Vale,E01020702,County Durham 033B,Anti-social behaviour,,
,2011-03,Durham Constabulary,Durham Constabulary,-1.586623,54.780430,On or near Albert Street,E01020702,County Durham 033B,Anti-social behaviour,,
,2011-03,Durham Constabulary,Durham Constabulary,-1.587478,54.791172,On or near Aykley Vale,E01020702,County Durham 033B,Anti-social behaviour,,
,2011-03,Durham Constabulary,Durham Constabulary,-1.587478,54.791172,On or near Aykley Vale,E01020702,County Durham 033B,Anti-social behaviour,,
,2011-03,Durham Constabulary,Durham Constabulary,-1.587478,54.791172,On or near Aykley Vale,E01020702,County Durham 033B,Anti-social behaviour,,
,2011-03,Durham Constabulary,Durham Constabulary,-1.587478,54.791172,On or near Aykley Vale,E01020702,County Durham 033B,Anti-social behaviour,,
,2011-03,Durham Constabulary,Durham Constabulary,-1.587478,54.791172,On or near Aykley Vale,E01020702,County Durham 033B,Anti-social behaviour,,
,2011-03,Durham Constabulary,Durham Constabulary,-1.581178,54.777760,On or near Tenter Terrace,E01020702,County Durham 033B,Anti-social behaviour,,
,2011-03,Durham Constabulary,Durham Constabulary,-1.597939,54.786965,On or near St. Nicholas Drive,E01020702,County Durham 033B,Anti-social behaviour,,
,2011-03,Durham Constabulary,Durham Constabulary,-1.587478,54.791172,On or near Aykley Vale,E01020702,County Durham 033B,Anti-social behaviour,,
,2011-03,Durham Constabulary,Durham Constabulary,-1.587478,54.791172,On or near Aykley Vale,E01020702,County Durham 033B,Anti-social behaviour,,
,2011-03,Durham Constabulary,Durham Constabulary,-1.597939,54.786965,On or near St. Nicholas Drive,E01020702,County Durham 033B,Anti-social behaviour,,
,2011-03,Durham Constabulary,Durham Constabulary,-1.587478,54.791172,On or near Aykley Vale,E01020702,County Durham 033B,Anti-social behaviour,,
,2011-03,Durham Constabulary,Durham Constabulary,-1.588743,54.786063,On or near Boste Crescent,E01020702,County Durham 033B,Anti-social behaviour,,
,2011-03,Durham Constabulary,Durham Constabulary,-1.587478,54.791172,On or near Aykley Vale,E01020702,County Durham 033B,Anti-social behaviour,,
,2011-03,Durham Constabulary,Durham Constabulary,-1.587478,54.791172,On or near Aykley Vale,E01020702,County Durham 033B,Anti-social behaviour,,
,2011-03,Durham Constabulary,Durham Constabulary,-1.587478,54.791172,On or near Aykley Vale,E01020702,County Durham 033B,Anti-social behaviour,,
,2011-03,Durham Constabulary,Durham Constabulary,-1.587478,54.791172,On or near Aykley Vale,E01020702,County Durham 033B,Anti-social behaviour,,
,2011-03,Durham Constabulary,Durham Constabulary,-1.587478,54.791172,On or near Aykley Vale,E01020702,County Durham 033B,Anti-social behaviour,,
,2011-03,Durham Constabulary,Durham Constabulary,-1.587478,54.791172,On or near Aykley Vale,E01020702,County Durham 033B,Anti-social behaviour,,
,2011-03,Durham Constabulary,Durham Constabulary,-1.587478,54.791172,On or near Aykley Vale,E01020702,County Durham 033B,Anti-social behaviour,,
,2011-03,Durham Constabulary,Durham Constabulary,-1.589830,54.786210,On or near Old Dryburn Way,E01020702,County Durham 033B,Anti-social behaviour,,
,2011-03,Durham Constabulary,Durham Constabulary,-1.589830,54.786210,On or near Old Dryburn Way,E01020702,County Durham 033B,Anti-social behaviour,,
,2011-03,Durham Constabulary,Durham Constabulary,-1.587478,54.791172,On or near Aykley Vale,E01020702,County Durham 033B,Anti-social behaviour,,
,2011-03,Durham Constabulary,Durham Constabulary,-1.587478,54.791172,On or near Aykley Vale,E01020702,County Durham 033B,Anti-social behaviour,,
,2011-03,Durham Constabulary,Durham Constabulary,-1.587478,54.791172,On or near Aykley Vale,E01020702,County Durham 033B,Anti-social behaviour,,
,2011-03,Durham Constabulary,Durham Constabulary,-1.587478,54.791172,On or near Aykley Vale,E01020702,County Durham 033B,Anti-social behaviour,,
,2011-03,Durham Constabulary,Durham Constabulary,-1.587478,54.791172,On or near Aykley Vale,E01020702,County Durham 033B,Anti-social behaviour,,
,2011-03,Durham Constabulary,Durham Constabulary,-1.587478,54.791172,On or near Aykley Vale,E01020702,County Durham 033B,Anti-social behaviour,,
,2011-03,Durham Constabulary,Durham Constabulary,-1.587478,54.791172,On or near Aykley Vale,E01020702,County Durham 033B,Anti-social behaviour,,
,2011-03,Durham Constabulary,Durham Constabulary,-1.590728,54.781980,On or near Larches Road,E01020702,County Durham 033B,Burglary,,
,2011-03,Durham Constabulary,Durham Constabulary,-1.585538,54.780085,On or near Princes Street,E01020702,County Durham 033B,Violent crime,,
,2011-03,Durham Constabulary,Durham Constabulary,-1.590728,54.781980,On or near Larches Road,E01020702,County Durham 033B,Other crime,,
,2011-03,Durham Constabulary,Durham Constabulary,-1.588743,54.786063,On or near Boste Crescent,E01020702,County Durham 033B,Other crime,,
,2011-03,Durham Constabulary,Durham Constabulary,-1.594322,54.772395,On or near George Street,E01020704,County Durham 033C,Anti-social behaviour,,
,2011-03,Durham Constabulary,Durham Constabulary,-1.588029,54.773695,On or near The Avenue,E01020704,County Durham 033C,Anti-social behaviour,,
,2011-03,Durham Constabulary,Durham Constabulary,-1.590639,54.773820,On or near Farnley Hey Road,E01020704,County Durham 033C,Anti-social behaviour,,
,2011-03,Durham Constabulary,Durham Constabulary,-1.586517,54.774031,On or near Crossgate Peth,E01020704,County Durham 033C,Anti-social behaviour,,
,2011-03,Durham Constabulary,Durham Constabulary,-1.588029,54.773695,On or near The Avenue,E01020704,County Durham 033C,Burglary,,
,2011-03,Durham Constabulary,Durham Constabulary,-1.588029,54.773695,On or near The Avenue,E01020704,County Durham 033C,Burglary,,
,2011-03,Durham Constabulary,Durham Constabulary,-1.585570,54.773902,On or near Summerville,E01020704,County Durham 033C,Burglary,,
,2011-03,Durham Constabulary,Durham Constabulary,-1.591358,54.773436,On or near Farnley Mount,E01020704,County Durham 033C,Vehicle crime,,
,2011-03,Durham Constabulary,Durham Constabulary,-1.588029,54.773695,On or near The Avenue,E01020704,County Durham 033C,Other crime,,
,2011-03,Durham Constabulary,Durham Constabulary,-1.586659,54.775353,On or near Hawthorn Terrace,E01020704,County Durham 033C,Other crime,,
,2011-03,Durham Constabulary,Durham Constabulary,-1.594322,54.772395,On or near George Street,E01020704,County Durham 033C,Other crime,,
,2011-03,Durham Constabulary,Durham Constabulary,-1.596971,54.777993,On or near Archers Court,E01020712,County Durham 033D,Anti-social behaviour,,
,2011-03,Durham Constabulary,Durham Constabulary,-1.595793,54.766720,On or near Lowes Barn Bank,E01020712,County Durham 033D,Anti-social behaviour,,
,2011-03,Durham Constabulary,Durham Constabulary,-1.596971,54.777993,On or near Archers Court,E01020712,County Durham 033D,Anti-social behaviour,,
,2011-03,Durham Constabulary,Durham Constabulary,-1.596971,54.777993,On or near Archers Court,E01020712,County Durham 033D,Anti-social behaviour,,
,2011-03,Durham Constabulary,Durham Constabulary,-1.593530,54.770730,On or near Geoffrey Avenue,E01020712,County Durham 033D,Burglary,,
,2011-03,Durham Constabulary,Durham Constabulary,-1.597178,54.769628,On or near Nevilles Cross Bank,E01020712,County Durham 033D,Burglary,,
,2011-03,Durham Constabulary,Durham Constabulary,-1.596971,54.777993,On or near Archers Court,E01020712,County Durham 033D,Other crime,,
,2011-03,Durham Constabulary,Durham Constabulary,-1.599944,54.777599,On or near Toll House Road,E01020712,County Durham 033D,Other crime,,
,2011-03,Durham Constabulary,Durham Constabulary,-1.589636,54.756176,On or near St. Oswalds Drive,E01020713,County Durham 033E,Anti-social behaviour,,
,2011-03,Durham Constabulary,Durham Constabulary,-1.594578,54.765386,On or near Hastings Avenue,E01020713,County Durham 033E,Vehicle crime,,
,2011-03,Durham Constabulary,Durham Constabulary,-1.579809,54.768814,On or near Quarryheads Lane,E01020713,County Durham 033E,Other crime,,
,2011-03,Durham Constabulary,Durham Constabulary,-1.393145,54.761922,On or near Whinfield Avenue,E01020760,County Durham 034A,Anti-social behaviour,,
,2011-03,Durham Constabulary,Durham Constabulary,-1.384512,54.762490,On or near Tudor Court,E01020760,County Durham 034A,Anti-social behaviour,,
,2011-03,Durham Constabulary,Durham Constabulary,-1.393170,54.764421,On or near Station Road,E01020760,County Durham 034A,Anti-social behaviour,,
,2011-03,Durham Constabulary,Durham Constabulary,-1.393145,54.761922,On or near Whinfield Avenue,E01020760,County Durham 034A,Anti-social behaviour,,
,2011-03,Durham Constabulary,Durham Constabulary,-1.384512,54.762490,On or near Tudor Court,E01020760,County Durham 034A,Anti-social behaviour,,
,2011-03,Durham Constabulary,Durham Constabulary,-1.384512,54.762490,On or near Tudor Court,E01020760,County Durham 034A,Anti-social behaviour,,
,2011-03,Durham Constabulary,Durham Constabulary,-1.384512,54.762490,On or near Tudor Court,E01020760,County Durham 034A,Anti-social behaviour,,
,2011-03,Durham Constabulary,Durham Constabulary,-1.394744,54.763080,On or near Westgarth Grove,E01020760,County Durham 034A,Anti-social behaviour,,
,2011-03,Durham Constabulary,Durham Constabulary,-1.393170,54.764421,On or near Station Road,E01020760,County Durham 034A,Anti-social behaviour,,
,2011-03,Durham Constabulary,Durham Constabulary,-1.393145,54.761922,On or near Whinfield Avenue,E01020760,County Durham 034A,Burglary,,
,2011-03,Durham Constabulary,Durham Constabulary,-1.396658,54.765031,On or near Waverley Close,E01020760,County Durham 034A,Other crime,,
,2011-03,Durham Constabulary,Durham Constabulary,-1.386109,54.761662,On or near Alcote Grove,E01020761,County Durham 034B,Anti-social behaviour,,
,2011-03,Durham Constabulary,Durham Constabulary,-1.368234,54.756906,On or near Bracken Hill,E01020761,County Durham 034B,Anti-social behaviour,,
,2011-03,Durham Constabulary,Durham Constabulary,-1.385544,54.760006,On or near Victoria Street,E01020761,County Durham 034B,Anti-social behaviour,,
,2011-03,Durham Constabulary,Durham Constabulary,-1.389261,54.759818,On or near West Street,E01020761,County Durham 034B,Anti-social behaviour,,
,2011-03,Durham Constabulary,Durham Constabulary,-1.368234,54.756906,On or near Bracken Hill,E01020761,County Durham 034B,Anti-social behaviour,,
,2011-03,Durham Constabulary,Durham Constabulary,-1.380232,54.760850,On or near Brackenridge,E01020761,County Durham 034B,Anti-social behaviour,,
,2011-03,Durham Constabulary,Durham Constabulary,-1.369699,54.763645,On or near Cook Way,E01020761,County Durham 034B,Anti-social behaviour,,
,2011-03,Durham Constabulary,Durham Constabulary,-1.380232,54.760850,On or near Brackenridge,E01020761,County Durham 034B,Anti-social behaviour,,
,2011-03,Durham Constabulary,Durham Constabulary,-1.380074,54.763033,On or near Front Street,E01020761,County Durham 034B,Anti-social behaviour,,
,2011-03,Durham Constabulary,Durham Constabulary,-1.386109,54.761662,On or near Alcote Grove,E01020761,County Durham 034B,Anti-social behaviour,,
,2011-03,Durham Constabulary,Durham Constabulary,-1.368234,54.756906,On or near Bracken Hill,E01020761,County Durham 034B,Anti-social behaviour,,
,2011-03,Durham Constabulary,Durham Constabulary,-1.385544,54.760006,On or near Victoria Street,E01020761,County Durham 034B,Anti-social behaviour,,
,2011-03,Durham Constabulary,Durham Constabulary,-1.386583,54.762177,On or near Dunelm Place,E01020761,County Durham 034B,Anti-social behaviour,,
,2011-03,Durham Constabulary,Durham Constabulary,-1.389261,54.759818,On or near West Street,E01020761,County Durham 034B,Anti-social behaviour,,
,2011-03,Durham Constabulary,Durham Constabulary,-1.368234,54.756906,On or near Bracken Hill,E01020761,County Durham 034B,Anti-social behaviour,,
,2011-03,Durham Constabulary,Durham Constabulary,-1.382765,54.759857,On or near Milton Grove,E01020761,County Durham 034B,Anti-social behaviour,,
,2011-03,Durham Constabulary,Durham Constabulary,-1.382765,54.759857,On or near Milton Grove,E01020761,County Durham 034B,Anti-social behaviour,,
,2011-03,Durham Constabulary,Durham Constabulary,-1.389261,54.759818,On or near West Street,E01020761,County Durham 034B,Anti-social behaviour,,
,2011-03,Durham Constabulary,Durham Constabulary,-1.380232,54.760850,On or near Brackenridge,E01020761,County Durham 034B,Anti-social behaviour,,
,2011-03,Durham Constabulary,Durham Constabulary,-1.382765,54.759857,On or near Milton Grove,E01020761,County Durham 034B,Anti-social behaviour,,
,2011-03,Durham Constabulary,Durham Constabulary,-1.386109,54.761662,On or near Alcote Grove,E01020761,County Durham 034B,Anti-social behaviour,,
,2011-03,Durham Constabulary,Durham Constabulary,-1.384719,54.761089,On or near East Green,E01020761,County Durham 034B,Anti-social behaviour,,
,2011-03,Durham Constabulary,Durham Constabulary,-1.384719,54.761089,On or near East Green,E01020761,County Durham 034B,Anti-social behaviour,,
,2011-03,Durham Constabulary,Durham Constabulary,-1.382765,54.759857,On or near Milton Grove,E01020761,County Durham 034B,Anti-social behaviour,,
,2011-03,Durham Constabulary,Durham Constabulary,-1.386109,54.761662,On or near Alcote Grove,E01020761,County Durham 034B,Anti-social behaviour,,
,2011-03,Durham Constabulary,Durham Constabulary,-1.386109,54.761662,On or near Alcote Grove,E01020761,County Durham 034B,Anti-social behaviour,,
,2011-03,Durham Constabulary,Durham Constabulary,-1.386109,54.761662,On or near Alcote Grove,E01020761,County Durham 034B,Anti-social behaviour,,
,2011-03,Durham Constabulary,Durham Constabulary,-1.388247,54.760091,On or near Hamilton Court,E01020761,County Durham 034B,Anti-social behaviour,,
,2011-03,Durham Constabulary,Durham Constabulary,-1.384719,54.761089,On or near East Green,E01020761,County Durham 034B,Anti-social behaviour,,
,2011-03,Durham Constabulary,Durham Constabulary,-1.380232,54.760850,On or near Brackenridge,E01020761,County Durham 034B,Anti-social behaviour,,
,2011-03,Durham Constabulary,Durham Constabulary,-1.384719,54.761089,On or near East Green,E01020761,County Durham 034B,Anti-social behaviour,,
,2011-03,Durham Constabulary,Durham Constabulary,-1.382765,54.759857,On or near Milton Grove,E01020761,County Durham 034B,Anti-social behaviour,,
,2011-03,Durham Constabulary,Durham Constabulary,-1.380232,54.760850,On or near Brackenridge,E01020761,County Durham 034B,Anti-social behaviour,,
,2011-03,Durham Constabulary,Durham Constabulary,-1.388247,54.760091,On or near Hamilton Court,E01020761,County Durham 034B,Anti-social behaviour,,
,2011-03,Durham Constabulary,Durham Constabulary,-1.383198,54.762043,On or near Windsor Place,E01020761,County Durham 034B,Anti-social behaviour,,
,2011-03,Durham Constabulary,Durham Constabulary,-1.386583,54.762177,On or near Dunelm Place,E01020761,County Durham 034B,Anti-social behaviour,,
,2011-03,Durham Constabulary,Durham Constabulary,-1.370098,54.761966,On or near White House Crescent,E01020761,County Durham 034B,Anti-social behaviour,,
,2011-03,Durham Constabulary,Durham Constabulary,-1.362730,54.769018,On or near Davy Drive,E01020761,County Durham 034B,Burglary,,
,2011-03,Durham Constabulary,Durham Constabulary,-1.369699,54.763645,On or near Cook Way,E01020761,County Durham 034B,Burglary,,
,2011-03,Durham Constabulary,Durham Constabulary,-1.369699,54.763645,On or near Cook Way,E01020761,County Durham 034B,Burglary,,
,2011-03,Durham Constabulary,Durham Constabulary,-1.369699,54.763645,On or near Cook Way,E01020761,County Durham 034B,Burglary,,
,2011-03,Durham Constabulary,Durham Constabulary,-1.388247,54.760091,On or near Hamilton Court,E01020761,County Durham 034B,Burglary,,
,2011-03,Durham Constabulary,Durham Constabulary,-1.389261,54.759818,On or near West Street,E01020761,County Durham 034B,Burglary,,
,2011-03,Durham Constabulary,Durham Constabulary,-1.389261,54.759818,On or near West Street,E01020761,County Durham 034B,Vehicle crime,,
,2011-03,Durham Constabulary,Durham Constabulary,-1.385544,54.760006,On or near Victoria Street,E01020761,County Durham 034B,Violent crime,,
,2011-03,Durham Constabulary,Durham Constabulary,-1.385544,54.760006,On or near Victoria Street,E01020761,County Durham 034B,Other crime,,
,2011-03,Durham Constabulary,Durham Constabulary,-1.369699,54.763645,On or near Cook Way,E01020761,County Durham 034B,Other crime,,
,2011-03,Durham Constabulary,Durham Constabulary,-1.369699,54.763645,On or near Cook Way,E01020761,County Durham 034B,Other crime,,
,2011-03,Durham Constabulary,Durham Constabulary,-1.382765,54.759857,On or near Milton Grove,E01020761,County Durham 034B,Other crime,,
,2011-03,Durham Constabulary,Durham Constabulary,-1.360611,54.767345,On or near Lister Road,E01020761,County Durham 034B,Other crime,,
,2011-03,Durham Constabulary,Durham Constabulary,-1.389261,54.759818,On or near West Street,E01020761,County Durham 034B,Other crime,,
,2011-03,Durham Constabulary,Durham Constabulary,-1.386109,54.761662,On or near Alcote Grove,E01020761,County Durham 034B,Other crime,,
,2011-03,Durham Constabulary,Durham Constabulary,-1.385544,54.760006,On or near Victoria Street,E01020761,County Durham 034B,Other crime,,
,2011-03,Durham Constabulary,Durham Constabulary,-1.368234,54.756906,On or near Bracken Hill,E01020761,County Durham 034B,Other crime,,
,2011-03,Durham Constabulary,Durham Constabulary,-1.385544,54.760006,On or near Victoria Street,E01020761,County Durham 034B,Other crime,,
,2011-03,Durham Constabulary,Durham Constabulary,-1.383198,54.762043,On or near Windsor Place,E01020761,County Durham 034B,Other crime,,
,2011-03,Durham Constabulary,Durham Constabulary,-1.369699,54.763645,On or near Cook Way,E01020761,County Durham 034B,Other crime,,
,2011-03,Durham Constabulary,Durham Constabulary,-1.368234,54.756906,On or near Bracken Hill,E01020761,County Durham 034B,Other crime,,
,2011-03,Durham Constabulary,Durham Constabulary,-1.391648,54.756082,On or near Salters Lane,E01020762,County Durham 034C,Anti-social behaviour,,
,2011-03,Durham Constabulary,Durham Constabulary,-1.387475,54.757697,On or near Bridge Road,E01020762,County Durham 034C,Anti-social behaviour,,
,2011-03,Durham Constabulary,Durham Constabulary,-1.391648,54.756082,On or near Salters Lane,E01020762,County Durham 034C,Anti-social behaviour,,
,2011-03,Durham Constabulary,Durham Constabulary,-1.391648,54.756082,On or near Salters Lane,E01020762,County Durham 034C,Anti-social behaviour,,
,2011-03,Durham Constabulary,Durham Constabulary,-1.391648,54.756082,On or near Salters Lane,E01020762,County Durham 034C,Anti-social behaviour,,
,2011-03,Durham Constabulary,Durham Constabulary,-1.391648,54.756082,On or near Salters Lane,E01020762,County Durham 034C,Anti-social behaviour,,
,2011-03,Durham Constabulary,Durham Constabulary,-1.386634,54.760874,On or near Potto Street,E01020762,County Durham 034C,Anti-social behaviour,,
,2011-03,Durham Constabulary,Durham Constabulary,-1.387475,54.757697,On or near Bridge Road,E01020762,County Durham 034C,Anti-social behaviour,,
,2011-03,Durham Constabulary,Durham Constabulary,-1.390822,54.754182,On or near Dixon Estate,E01020762,County Durham 034C,Anti-social behaviour,,
,2011-03,Durham Constabulary,Durham Constabulary,-1.390822,54.754182,On or near Dixon Estate,E01020762,County Durham 034C,Burglary,,
,2011-03,Durham Constabulary,Durham Constabulary,-1.390822,54.754182,On or near Dixon Estate,E01020762,County Durham 034C,Burglary,,
,2011-03,Durham Constabulary,Durham Constabulary,-1.390822,54.754182,On or near Dixon Estate,E01020762,County Durham 034C,Burglary,,
,2011-03,Durham Constabulary,Durham Constabulary,-1.387475,54.757697,On or near Bridge Road,E01020762,County Durham 034C,Robbery,,
,2011-03,Durham Constabulary,Durham Constabulary,-1.387475,54.757697,On or near Bridge Road,E01020762,County Durham 034C,Vehicle crime,,
,2011-03,Durham Constabulary,Durham Constabulary,-1.391648,54.756082,On or near Salters Lane,E01020762,County Durham 034C,Vehicle crime,,
,2011-03,Durham Constabulary,Durham Constabulary,-1.387475,54.757697,On or near Bridge Road,E01020762,County Durham 034C,Other crime,,
,2011-03,Durham Constabulary,Durham Constabulary,-1.390822,54.754182,On or near Dixon Estate,E01020762,County Durham 034C,Other crime,,
,2011-03,Durham Constabulary,Durham Constabulary,-1.390822,54.754182,On or near Dixon Estate,E01020762,County Durham 034C,Other crime,,
,2011-03,Durham Constabulary,Durham Constabulary,-1.387475,54.757697,On or near Bridge Road,E01020762,County Durham 034C,Other crime,,
,2011-03,Durham Constabulary,Durham Constabulary,-1.390822,54.754182,On or near Dixon Estate,E01020762,County Durham 034C,Other crime,,
,2011-03,Durham Constabulary,Durham Constabulary,-1.387475,54.757697,On or near Bridge Road,E01020762,County Durham 034C,Other crime,,
,2011-03,Durham Constabulary,Durham Constabulary,-1.386634,54.760874,On or near Potto Street,E01020762,County Durham 034C,Other crime,,
,2011-03,Durham Constabulary,Durham Constabulary,-1.387475,54.757697,On or near Bridge Road,E01020762,County Durham 034C,Other crime,,
,2011-03,Durham Constabulary,Durham Constabulary,-1.387475,54.757697,On or near Bridge Road,E01020762,County Durham 034C,Other crime,,
,2011-03,Durham Constabulary,Durham Constabulary,-1.387475,54.757697,On or near Bridge Road,E01020762,County Durham 034C,Other crime,,
,2011-03,Durham Constabulary,Durham Constabulary,-1.387475,54.757697,On or near Bridge Road,E01020762,County Durham 034C,Other crime,,
,2011-03,Durham Constabulary,Durham Constabulary,-1.387475,54.757697,On or near Bridge Road,E01020762,County Durham 034C,Other crime,,
,2011-03,Durham Constabulary,Durham Constabulary,-1.423850,54.774222,On or near Gloucester Terrace,E01020763,County Durham 034D,Anti-social behaviour,,
,2011-03,Durham Constabulary,Durham Constabulary,-1.411598,54.784030,On or near Acer Drive,E01020763,County Durham 034D,Anti-social behaviour,,
,2011-03,Durham Constabulary,Durham Constabulary,-1.418639,54.783139,On or near Phillips Close,E01020763,County Durham 034D,Anti-social behaviour,,
,2011-03,Durham Constabulary,Durham Constabulary,-1.418639,54.783139,On or near Phillips Close,E01020763,County Durham 034D,Anti-social behaviour,,
,2011-03,Durham Constabulary,Durham Constabulary,-1.418639,54.783139,On or near Phillips Close,E01020763,County Durham 034D,Anti-social behaviour,,
,2011-03,Durham Constabulary,Durham Constabulary,-1.418639,54.783139,On or near Phillips Close,E01020763,County Durham 034D,Anti-social behaviour,,
,2011-03,Durham Constabulary,Durham Constabulary,-1.418639,54.783139,On or near Phillips Close,E01020763,County Durham 034D,Anti-social behaviour,,
,2011-03,Durham Constabulary,Durham Constabulary,-1.418639,54.783139,On or near Phillips Close,E01020763,County Durham 034D,Anti-social behaviour,,
,2011-03,Durham Constabulary,Durham Constabulary,-1.418639,54.783139,On or near Phillips Close,E01020763,County Durham 034D,Anti-social behaviour,,
,2011-03,Durham Constabulary,Durham Constabulary,-1.414518,54.783164,On or near Grousemoor,E01020763,County Durham 034D,Anti-social behaviour,,
,2011-03,Durham Constabulary,Durham Constabulary,-1.411598,54.784030,On or near Acer Drive,E01020763,County Durham 034D,Anti-social behaviour,,
,2011-03,Durham Constabulary,Durham Constabulary,-1.411598,54.784030,On or near Acer Drive,E01020763,County Durham 034D,Burglary,,
,2011-03,Durham Constabulary,Durham Constabulary,-1.423850,54.774222,On or near Gloucester Terrace,E01020763,County Durham 034D,Vehicle crime,,
,2011-03,Durham Constabulary,Durham Constabulary,-1.418639,54.783139,On or near Phillips Close,E01020763,County Durham 034D,Violent crime,,
,2011-03,Durham Constabulary,Durham Constabulary,-1.418639,54.783139,On or near Phillips Close,E01020763,County Durham 034D,Violent crime,,
,2011-03,Durham Constabulary,Durham Constabulary,-1.414212,54.783899,On or near Kestrel Way,E01020763,County Durham 034D,Other crime,,
,2011-03,Durham Constabulary,Durham Constabulary,-1.418639,54.783139,On or near Phillips Close,E01020763,County Durham 034D,Other crime,,
,2011-03,Durham Constabulary,Durham Constabulary,-1.414212,54.783899,On or near Kestrel Way,E01020763,County Durham 034D,Other crime,,
,2011-03,Durham Constabulary,Durham Constabulary,-1.418639,54.783139,On or near Phillips Close,E01020763,County Durham 034D,Other crime,,
,2011-03,Durham Constabulary,Durham Constabulary,-1.421192,54.774182,On or near Mazine Terrace,E01020763,County Durham 034D,Other crime,,
,2011-03,Durham Constabulary,Durham Constabulary,-1.341952,54.764935,On or near Basingstoke Road,E01020733,County Durham 035A,Anti-social behaviour,,
,2011-03,Durham Constabulary,Durham Constabulary,-1.347932,54.767098,On or near Acre Rigg Road,E01020733,County Durham 035A,Anti-social behaviour,,
,2011-03,Durham Constabulary,Durham Constabulary,-1.342705,54.764517,On or near Newark Close,E01020733,County Durham 035A,Anti-social behaviour,,
,2011-03,Durham Constabulary,Durham Constabulary,-1.345603,54.764093,On or near Beverley Way,E01020733,County Durham 035A,Anti-social behaviour,,
,2011-03,Durham Constabulary,Durham Constabulary,-1.351986,54.766284,On or near Warwick Place,E01020733,County Durham 035A,Anti-social behaviour,,
,2011-03,Durham Constabulary,Durham Constabulary,-1.351986,54.766284,On or near Warwick Place,E01020733,County Durham 035A,Anti-social behaviour,,
,2011-03,Durham Constabulary,Durham Constabulary,-1.347932,54.767098,On or near Acre Rigg Road,E01020733,County Durham 035A,Anti-social behaviour,,
,2011-03,Durham Constabulary,Durham Constabulary,-1.341952,54.764935,On or near Basingstoke Road,E01020733,County Durham 035A,Anti-social behaviour,,
,2011-03,Durham Constabulary,Durham Constabulary,-1.345603,54.764093,On or near Beverley Way,E01020733,County Durham 035A,Anti-social behaviour,,
,2011-03,Durham Constabulary,Durham Constabulary,-1.345603,54.764093,On or near Beverley Way,E01020733,County Durham 035A,Anti-social behaviour,,
,2011-03,Durham Constabulary,Durham Constabulary,-1.347932,54.767098,On or near Acre Rigg Road,E01020733,County Durham 035A,Anti-social behaviour,,
,2011-03,Durham Constabulary,Durham Constabulary,-1.345603,54.764093,On or near Beverley Way,E01020733,County Durham 035A,Anti-social behaviour,,
,2011-03,Durham Constabulary,Durham Constabulary,-1.345603,54.764093,On or near Beverley Way,E01020733,County Durham 035A,Violent crime,,
,2011-03,Durham Constabulary,Durham Constabulary,-1.347932,54.767098,On or near Acre Rigg Road,E01020733,County Durham 035A,Violent crime,,
,2011-03,Durham Constabulary,Durham Constabulary,-1.342705,54.764517,On or near Newark Close,E01020733,County Durham 035A,Other crime,,
,2011-03,Durham Constabulary,Durham Constabulary,-1.347932,54.767098,On or near Acre Rigg Road,E01020733,County Durham 035A,Other crime,,
,2011-03,Durham Constabulary,Durham Constabulary,-1.347932,54.767098,On or near Acre Rigg Road,E01020733,County Durham 035A,Other crime,,
,2011-03,Durham Constabulary,Durham Constabulary,-1.347932,54.767098,On or near Acre Rigg Road,E01020733,County Durham 035A,Other crime,,
,2011-03,Durham Constabulary,Durham Constabulary,-1.347932,54.767098,On or near Acre Rigg Road,E01020733,County Durham 035A,Other crime,,
,2011-03,Durham Constabulary,Durham Constabulary,-1.354785,54.766236,On or near Chester Place,E01020734,County Durham 035B,Anti-social behaviour,,
,2011-03,Durham Constabulary,Durham Constabulary,-1.354785,54.766236,On or near Chester Place,E01020734,County Durham 035B,Vehicle crime,,
,2011-03,Durham Constabulary,Durham Constabulary,-1.354785,54.766236,On or near Chester Place,E01020734,County Durham 035B,Violent crime,,
,2011-03,Durham Constabulary,Durham Constabulary,-1.348941,54.765225,On or near Hampshire Place,E01020734,County Durham 035B,Other crime,,
,2011-03,Durham Constabulary,Durham Constabulary,-1.346300,54.768095,On or near Berkshire Road,E01020735,County Durham 035C,Anti-social behaviour,,
,2011-03,Durham Constabulary,Durham Constabulary,-1.349809,54.770244,On or near Nottingham Place,E01020735,County Durham 035C,Anti-social behaviour,,
,2011-03,Durham Constabulary,Durham Constabulary,-1.345208,54.768314,On or near Cambridge Road,E01020735,County Durham 035C,Anti-social behaviour,,
,2011-03,Durham Constabulary,Durham Constabulary,-1.346300,54.768095,On or near Berkshire Road,E01020735,County Durham 035C,Anti-social behaviour,,
,2011-03,Durham Constabulary,Durham Constabulary,-1.344072,54.768389,On or near Essex Place,E01020735,County Durham 035C,Anti-social behaviour,,
,2011-03,Durham Constabulary,Durham Constabulary,-1.347780,54.768831,On or near York Road,E01020735,County Durham 035C,Anti-social behaviour,,
,2011-03,Durham Constabulary,Durham Constabulary,-1.344695,54.769264,On or near Northampton Road,E01020735,County Durham 035C,Anti-social behaviour,,
,2011-03,Durham Constabulary,Durham Constabulary,-1.346300,54.768095,On or near Berkshire Road,E01020735,County Durham 035C,Anti-social behaviour,,
,2011-03,Durham Constabulary,Durham Constabulary,-1.347780,54.768831,On or near York Road,E01020735,County Durham 035C,Anti-social behaviour,,
,2011-03,Durham Constabulary,Durham Constabulary,-1.349809,54.770244,On or near Nottingham Place,E01020735,County Durham 035C,Vehicle crime,,
,2011-03,Durham Constabulary,Durham Constabulary,-1.352355,54.769449,On or near Garside Grove,E01020735,County Durham 035C,Violent crime,,
,2011-03,Durham Constabulary,Durham Constabulary,-1.352355,54.769449,On or near Garside Grove,E01020735,County Durham 035C,Other crime,,
,2011-03,Durham Constabulary,Durham Constabulary,-1.346300,54.768095,On or near Berkshire Road,E01020735,County Durham 035C,Other crime,,
,2011-03,Durham Constabulary,Durham Constabulary,-1.344695,54.769264,On or near Northampton Road,E01020735,County Durham 035C,Other crime,,
,2011-03,Durham Constabulary,Durham Constabulary,-1.349809,54.770244,On or near Nottingham Place,E01020735,County Durham 035C,Other crime,,
,2011-03,Durham Constabulary,Durham Constabulary,-1.344695,54.769264,On or near Northampton Road,E01020735,County Durham 035C,Other crime,,
,2011-03,Durham Constabulary,Durham Constabulary,-1.347886,54.756430,On or near Hulme Court,E01020770,County Durham 035D,Anti-social behaviour,,
,2011-03,Durham Constabulary,Durham Constabulary,-1.351225,54.752656,On or near Van Mildert Close,E01020770,County Durham 035D,Anti-social behaviour,,
,2011-03,Durham Constabulary,Durham Constabulary,-1.344347,54.757166,On or near Westway,E01020770,County Durham 035D,Anti-social behaviour,,
,2011-03,Durham Constabulary,Durham Constabulary,-1.350387,54.756497,On or near Grampian Drive,E01020770,County Durham 035D,Anti-social behaviour,,
,2011-03,Durham Constabulary,Durham Constabulary,-1.347886,54.756430,On or near Hulme Court,E01020770,County Durham 035D,Anti-social behaviour,,
,2011-03,Durham Constabulary,Durham Constabulary,-1.353045,54.755424,On or near Shrewsbury Close,E01020770,County Durham 035D,Anti-social behaviour,,
,2011-03,Durham Constabulary,Durham Constabulary,-1.350872,54.757228,On or near Balliol Close,E01020770,County Durham 035D,Anti-social behaviour,,
,2011-03,Durham Constabulary,Durham Constabulary,-1.353045,54.755424,On or near Shrewsbury Close,E01020770,County Durham 035D,Violent crime,,
,2011-03,Durham Constabulary,Durham Constabulary,-1.347886,54.756430,On or near Hulme Court,E01020770,County Durham 035D,Other crime,,
,2011-03,Durham Constabulary,Durham Constabulary,-1.344347,54.757166,On or near Westway,E01020770,County Durham 035D,Other crime,,
,2011-03,Durham Constabulary,Durham Constabulary,-1.353045,54.755424,On or near Shrewsbury Close,E01020770,County Durham 035D,Other crime,,
,2011-03,Durham Constabulary,Durham Constabulary,-1.356364,54.756790,On or near Blackdown Close,E01020771,County Durham 035E,Anti-social behaviour,,
,2011-03,Durham Constabulary,Durham Constabulary,-1.353720,54.761844,On or near Cheviot Place,E01020771,County Durham 035E,Anti-social behaviour,,
,2011-03,Durham Constabulary,Durham Constabulary,-1.356364,54.756790,On or near Blackdown Close,E01020771,County Durham 035E,Anti-social behaviour,,
,2011-03,Durham Constabulary,Durham Constabulary,-1.355373,54.758537,On or near Mendip Close,E01020771,County Durham 035E,Anti-social behaviour,,
,2011-03,Durham Constabulary,Durham Constabulary,-1.356364,54.756790,On or near Blackdown Close,E01020771,County Durham 035E,Anti-social behaviour,,
,2011-03,Durham Constabulary,Durham Constabulary,-1.341142,54.763161,On or near Kemp Road,E01020780,County Durham 035F,Anti-social behaviour,,
,2011-03,Durham Constabulary,Durham Constabulary,-1.342767,54.762576,On or near Herton Close,E01020780,County Durham 035F,Anti-social behaviour,,
,2011-03,Durham Constabulary,Durham Constabulary,-1.340250,54.757773,On or near Tweed Close,E01020780,County Durham 035F,Anti-social behaviour,,
,2011-03,Durham Constabulary,Durham Constabulary,-1.341142,54.763161,On or near Kemp Road,E01020780,County Durham 035F,Anti-social behaviour,,
,2011-03,Durham Constabulary,Durham Constabulary,-1.343529,54.761646,On or near Neville Road,E01020780,County Durham 035F,Anti-social behaviour,,
,2011-03,Durham Constabulary,Durham Constabulary,-1.341225,54.761831,On or near Howletch Lane,E01020780,County Durham 035F,Anti-social behaviour,,
,2011-03,Durham Constabulary,Durham Constabulary,-1.340250,54.757773,On or near Tweed Close,E01020780,County Durham 035F,Anti-social behaviour,,
,2011-03,Durham Constabulary,Durham Constabulary,-1.341142,54.763161,On or near Kemp Road,E01020780,County Durham 035F,Anti-social behaviour,,
,2011-03,Durham Constabulary,Durham Constabulary,-1.340250,54.757773,On or near Tweed Close,E01020780,County Durham 035F,Anti-social behaviour,,
,2011-03,Durham Constabulary,Durham Constabulary,-1.341142,54.763161,On or near Kemp Road,E01020780,County Durham 035F,Anti-social behaviour,,
,2011-03,Durham Constabulary,Durham Constabulary,-1.341864,54.762706,On or near Gilbert Road,E01020780,County Durham 035F,Anti-social behaviour,,
,2011-03,Durham Constabulary,Durham Constabulary,-1.341864,54.762706,On or near Gilbert Road,E01020780,County Durham 035F,Anti-social behaviour,,
,2011-03,Durham Constabulary,Durham Constabulary,-1.342773,54.760294,On or near Woodfield,E01020780,County Durham 035F,Anti-social behaviour,,
,2011-03,Durham Constabulary,Durham Constabulary,-1.341142,54.763161,On or near Kemp Road,E01020780,County Durham 035F,Anti-social behaviour,,
,2011-03,Durham Constabulary,Durham Constabulary,-1.341142,54.763161,On or near Kemp Road,E01020780,County Durham 035F,Anti-social behaviour,,
,2011-03,Durham Constabulary,Durham Constabulary,-1.345707,54.763374,On or near Weston View,E01020780,County Durham 035F,Burglary,,
,2011-03,Durham Constabulary,Durham Constabulary,-1.343059,54.756099,On or near Avon Road,E01020780,County Durham 035F,Vehicle crime,,
,2011-03,Durham Constabulary,Durham Constabulary,-1.343059,54.756099,On or near Avon Road,E01020780,County Durham 035F,Vehicle crime,,
,2011-03,Durham Constabulary,Durham Constabulary,-1.340250,54.757773,On or near Tweed Close,E01020780,County Durham 035F,Violent crime,,
,2011-03,Durham Constabulary,Durham Constabulary,-1.340250,54.757773,On or near Tweed Close,E01020780,County Durham 035F,Violent crime,,
,2011-03,Durham Constabulary,Durham Constabulary,-1.340250,54.757773,On or near Tweed Close,E01020780,County Durham 035F,Violent crime,,
,2011-03,Durham Constabulary,Durham Constabulary,-1.343529,54.761646,On or near Neville Road,E01020780,County Durham 035F,Violent crime,,
,2011-03,Durham Constabulary,Durham Constabulary,-1.345707,54.763374,On or near Weston View,E01020780,County Durham 035F,Violent crime,,
,2011-03,Durham Constabulary,Durham Constabulary,-1.341142,54.763161,On or near Kemp Road,E01020780,County Durham 035F,Other crime,,
,2011-03,Durham Constabulary,Durham Constabulary,-1.341864,54.762706,On or near Gilbert Road,E01020780,County Durham 035F,Other crime,,
,2011-03,Durham Constabulary,Durham Constabulary,-1.343059,54.756099,On or near Avon Road,E01020780,County Durham 035F,Other crime,,
,2011-03,Durham Constabulary,Durham Constabulary,-1.341439,54.761122,On or near Spire Hollin,E01020780,County Durham 035F,Other crime,,
,2011-03,Durham Constabulary,Durham Constabulary,-1.341142,54.763161,On or near Kemp Road,E01020780,County Durham 035F,Other crime,,
,2011-03,Durham Constabulary,Durham Constabulary,-1.341142,54.763161,On or near Kemp Road,E01020780,County Durham 035F,Other crime,,
,2011-03,Durham Constabulary,Durham Constabulary,-1.316214,54.763158,On or near Ninth Street,E01020764,County Durham 036A,Anti-social behaviour,,
,2011-03,Durham Constabulary,Durham Constabulary,-1.319493,54.765018,On or near Handley Street,E01020764,County Durham 036A,Anti-social behaviour,,
,2011-03,Durham Constabulary,Durham Constabulary,-1.317631,54.762977,On or near Eleventh Street,E01020764,County Durham 036A,Anti-social behaviour,,
,2011-03,Durham Constabulary,Durham Constabulary,-1.317631,54.762977,On or near Eleventh Street,E01020764,County Durham 036A,Anti-social behaviour,,
,2011-03,Durham Constabulary,Durham Constabulary,-1.316813,54.763556,On or near Tees Street,E01020764,County Durham 036A,Anti-social behaviour,,
,2011-03,Durham Constabulary,Durham Constabulary,-1.316813,54.763556,On or near Tees Street,E01020764,County Durham 036A,Anti-social behaviour,,
,2011-03,Durham Constabulary,Durham Constabulary,-1.319040,54.764189,On or near Cowell Street,E01020764,County Durham 036A,Anti-social behaviour,,
,2011-03,Durham Constabulary,Durham Constabulary,-1.319493,54.765018,On or near Handley Street,E01020764,County Durham 036A,Anti-social behaviour,,
,2011-03,Durham Constabulary,Durham Constabulary,-1.320261,54.769264,On or near Newcastle Avenue,E01020764,County Durham 036A,Anti-social behaviour,,
,2011-03,Durham Constabulary,Durham Constabulary,-1.318271,54.762783,On or near Twelfth Street,E01020764,County Durham 036A,Anti-social behaviour,,
,2011-03,Durham Constabulary,Durham Constabulary,-1.316214,54.763158,On or near Ninth Street,E01020764,County Durham 036A,Anti-social behaviour,,
,2011-03,Durham Constabulary,Durham Constabulary,-1.320261,54.769264,On or near Newcastle Avenue,E01020764,County Durham 036A,Anti-social behaviour,,
,2011-03,Durham Constabulary,Durham Constabulary,-1.316834,54.762334,On or near Warren Street,E01020764,County Durham 036A,Anti-social behaviour,,
,2011-03,Durham Constabulary,Durham Constabulary,-1.317631,54.762977,On or near Eleventh Street,E01020764,County Durham 036A,Anti-social behaviour,,
,2011-03,Durham Constabulary,Durham Constabulary,-1.320261,54.769264,On or near Newcastle Avenue,E01020764,County Durham 036A,Burglary,,
,2011-03,Durham Constabulary,Durham Constabulary,-1.319493,54.765018,On or near Handley Street,E01020764,County Durham 036A,Burglary,,
,2011-03,Durham Constabulary,Durham Constabulary,-1.319493,54.765018,On or near Handley Street,E01020764,County Durham 036A,Vehicle crime,,
,2011-03,Durham Constabulary,Durham Constabulary,-1.317631,54.762977,On or near Eleventh Street,E01020764,County Durham 036A,Violent crime,,
,2011-03,Durham Constabulary,Durham Constabulary,-1.317631,54.762977,On or near Eleventh Street,E01020764,County Durham 036A,Violent crime,,
,2011-03,Durham Constabulary,Durham Constabulary,-1.318271,54.762783,On or near Twelfth Street,E01020764,County Durham 036A,Violent crime,,
,2011-03,Durham Constabulary,Durham Constabulary,-1.316214,54.763158,On or near Ninth Street,E01020764,County Durham 036A,Violent crime,,
,2011-03,Durham Constabulary,Durham Constabulary,-1.316834,54.762334,On or near Warren Street,E01020764,County Durham 036A,Other crime,,
,2011-03,Durham Constabulary,Durham Constabulary,-1.320261,54.769264,On or near Newcastle Avenue,E01020764,County Durham 036A,Other crime,,
,2011-03,Durham Constabulary,Durham Constabulary,-1.316834,54.762334,On or near Warren Street,E01020764,County Durham 036A,Other crime,,
,2011-03,Durham Constabulary,Durham Constabulary,-1.318271,54.762783,On or near Twelfth Street,E01020764,County Durham 036A,Other crime,,
,2011-03,Durham Constabulary,Durham Constabulary,-1.320261,54.769264,On or near Newcastle Avenue,E01020764,County Durham 036A,Other crime,,
,2011-03,Durham Constabulary,Durham Constabulary,-1.320261,54.769264,On or near Newcastle Avenue,E01020764,County Durham 036A,Other crime,,
,2011-03,Durham Constabulary,Durham Constabulary,-1.316813,54.763556,On or near Tees Street,E01020764,County Durham 036A,Other crime,,
,2011-03,Durham Constabulary,Durham Constabulary,-1.317398,54.763919,On or near South Terrace,E01020764,County Durham 036A,Other crime,,
,2011-03,Durham Constabulary,Durham Constabulary,-1.316834,54.762334,On or near Warren Street,E01020764,County Durham 036A,Other crime,,
,2011-03,Durham Constabulary,Durham Constabulary,-1.319274,54.761413,On or near Edendale Terrace,E01020766,County Durham 036B,Anti-social behaviour,,
,2011-03,Durham Constabulary,Durham Constabulary,-1.319274,54.761413,On or near Edendale Terrace,E01020766,County Durham 036B,Anti-social behaviour,,
,2011-03,Durham Constabulary,Durham Constabulary,-1.319274,54.761413,On or near Edendale Terrace,E01020766,County Durham 036B,Anti-social behaviour,,
,2011-03,Durham Constabulary,Durham Constabulary,-1.321134,54.762601,On or near Shotton Road,E01020766,County Durham 036B,Anti-social behaviour,,
,2011-03,Durham Constabulary,Durham Constabulary,-1.321461,54.763484,On or near Greenside Avenue,E01020766,County Durham 036B,Anti-social behaviour,,
,2011-03,Durham Constabulary,Durham Constabulary,-1.321914,54.768033,On or near Sunderland Road,E01020766,County Durham 036B,Anti-social behaviour,,
,2011-03,Durham Constabulary,Durham Constabulary,-1.321914,54.768033,On or near Sunderland Road,E01020766,County Durham 036B,Violent crime,,
,2011-03,Durham Constabulary,Durham Constabulary,-1.321914,54.768033,On or near Sunderland Road,E01020766,County Durham 036B,Violent crime,,
,2011-03,Durham Constabulary,Durham Constabulary,-1.321914,54.768033,On or near Sunderland Road,E01020766,County Durham 036B,Other crime,,
,2011-03,Durham Constabulary,Durham Constabulary,-1.319267,54.764595,On or near Hamilton Street,E01020766,County Durham 036B,Other crime,,
,2011-03,Durham Constabulary,Durham Constabulary,-1.321914,54.768033,On or near Sunderland Road,E01020766,County Durham 036B,Other crime,,
,2011-03,Durham Constabulary,Durham Constabulary,-1.313326,54.762054,On or near Sixth Street,E01020767,County Durham 036C,Anti-social behaviour,,
,2011-03,Durham Constabulary,Durham Constabulary,-1.313326,54.762054,On or near Sixth Street,E01020767,County Durham 036C,Anti-social behaviour,,
,2011-03,Durham Constabulary,Durham Constabulary,-1.313326,54.762054,On or near Sixth Street,E01020767,County Durham 036C,Anti-social behaviour,,
,2011-03,Durham Constabulary,Durham Constabulary,-1.315249,54.761409,On or near Hardwick Street,E01020767,County Durham 036C,Anti-social behaviour,,
,2011-03,Durham Constabulary,Durham Constabulary,-1.313326,54.762054,On or near Sixth Street,E01020767,County Durham 036C,Anti-social behaviour,,
,2011-03,Durham Constabulary,Durham Constabulary,-1.313452,54.763780,On or near Fifth Street,E01020767,County Durham 036C,Anti-social behaviour,,
,2011-03,Durham Constabulary,Durham Constabulary,-1.313452,54.763780,On or near Fifth Street,E01020767,County Durham 036C,Anti-social behaviour,,
,2011-03,Durham Constabulary,Durham Constabulary,-1.315656,54.764898,On or near Eden Court,E01020767,County Durham 036C,Anti-social behaviour,,
,2011-03,Durham Constabulary,Durham Constabulary,-1.313326,54.762054,On or near Sixth Street,E01020767,County Durham 036C,Anti-social behaviour,,
,2011-03,Durham Constabulary,Durham Constabulary,-1.315249,54.761409,On or near Hardwick Street,E01020767,County Durham 036C,Anti-social behaviour,,
,2011-03,Durham Constabulary,Durham Constabulary,-1.314766,54.763293,On or near Seventh Street,E01020767,County Durham 036C,Anti-social behaviour,,
,2011-03,Durham Constabulary,Durham Constabulary,-1.313326,54.762054,On or near Sixth Street,E01020767,County Durham 036C,Anti-social behaviour,,
,2011-03,Durham Constabulary,Durham Constabulary,-1.313326,54.762054,On or near Sixth Street,E01020767,County Durham 036C,Anti-social behaviour,,
,2011-03,Durham Constabulary,Durham Constabulary,-1.313326,54.762054,On or near Sixth Street,E01020767,County Durham 036C,Anti-social behaviour,,
,2011-03,Durham Constabulary,Durham Constabulary,-1.313649,54.765039,On or near Eden Street,E01020767,County Durham 036C,Anti-social behaviour,,
,2011-03,Durham Constabulary,Durham Constabulary,-1.315656,54.764898,On or near Eden Court,E01020767,County Durham 036C,Anti-social behaviour,,
,2011-03,Durham Constabulary,Durham Constabulary,-1.315249,54.761409,On or near Hardwick Street,E01020767,County Durham 036C,Anti-social behaviour,,
,2011-03,Durham Constabulary,Durham Constabulary,-1.315249,54.761409,On or near Hardwick Street,E01020767,County Durham 036C,Anti-social behaviour,,
,2011-03,Durham Constabulary,Durham Constabulary,-1.313649,54.765039,On or near Eden Street,E01020767,County Durham 036C,Anti-social behaviour,,
,2011-03,Durham Constabulary,Durham Constabulary,-1.313649,54.765039,On or near Eden Street,E01020767,County Durham 036C,Anti-social behaviour,,
,2011-03,Durham Constabulary,Durham Constabulary,-1.315249,54.761409,On or near Hardwick Street,E01020767,County Durham 036C,Anti-social behaviour,,
,2011-03,Durham Constabulary,Durham Constabulary,-1.313326,54.762054,On or near Sixth Street,E01020767,County Durham 036C,Anti-social behaviour,,
,2011-03,Durham Constabulary,Durham Constabulary,-1.314766,54.763293,On or near Seventh Street,E01020767,County Durham 036C,Anti-social behaviour,,
,2011-03,Durham Constabulary,Durham Constabulary,-1.311777,54.764508,On or near John Wilson Court,E01020767,County Durham 036C,Anti-social behaviour,,
,2011-03,Durham Constabulary,Durham Constabulary,-1.313649,54.765039,On or near Eden Street,E01020767,County Durham 036C,Anti-social behaviour,,
,2011-03,Durham Constabulary,Durham Constabulary,-1.313649,54.765039,On or near Eden Street,E01020767,County Durham 036C,Anti-social behaviour,,
,2011-03,Durham Constabulary,Durham Constabulary,-1.313326,54.762054,On or near Sixth Street,E01020767,County Durham 036C,Anti-social behaviour,,
,2011-03,Durham Constabulary,Durham Constabulary,-1.315249,54.761409,On or near Hardwick Street,E01020767,County Durham 036C,Anti-social behaviour,,
,2011-03,Durham Constabulary,Durham Constabulary,-1.314766,54.763293,On or near Seventh Street,E01020767,County Durham 036C,Anti-social behaviour,,
,2011-03,Durham Constabulary,Durham Constabulary,-1.314227,54.766678,On or near Sea View Gardens,E01020767,County Durham 036C,Anti-social behaviour,,
,2011-03,Durham Constabulary,Durham Constabulary,-1.313326,54.762054,On or near Sixth Street,E01020767,County Durham 036C,Anti-social behaviour,,
,2011-03,Durham Constabulary,Durham Constabulary,-1.311777,54.764508,On or near John Wilson Court,E01020767,County Durham 036C,Anti-social behaviour,,
,2011-03,Durham Constabulary,Durham Constabulary,-1.313649,54.765039,On or near Eden Street,E01020767,County Durham 036C,Anti-social behaviour,,
,2011-03,Durham Constabulary,Durham Constabulary,-1.311777,54.764508,On or near John Wilson Court,E01020767,County Durham 036C,Anti-social behaviour,,
,2011-03,Durham Constabulary,Durham Constabulary,-1.315656,54.764898,On or near Eden Court,E01020767,County Durham 036C,Anti-social behaviour,,
,2011-03,Durham Constabulary,Durham Constabulary,-1.314766,54.763293,On or near Seventh Street,E01020767,County Durham 036C,Anti-social behaviour,,
,2011-03,Durham Constabulary,Durham Constabulary,-1.313326,54.762054,On or near Sixth Street,E01020767,County Durham 036C,Anti-social behaviour,,
,2011-03,Durham Constabulary,Durham Constabulary,-1.314227,54.766678,On or near Sea View Gardens,E01020767,County Durham 036C,Anti-social behaviour,,
,2011-03,Durham Constabulary,Durham Constabulary,-1.315249,54.761409,On or near Hardwick Street,E01020767,County Durham 036C,Anti-social behaviour,,
,2011-03,Durham Constabulary,Durham Constabulary,-1.313326,54.762054,On or near Sixth Street,E01020767,County Durham 036C,Anti-social behaviour,,
,2011-03,Durham Constabulary,Durham Constabulary,-1.313452,54.763780,On or near Fifth Street,E01020767,County Durham 036C,Anti-social behaviour,,
,2011-03,Durham Constabulary,Durham Constabulary,-1.313326,54.762054,On or near Sixth Street,E01020767,County Durham 036C,Anti-social behaviour,,
,2011-03,Durham Constabulary,Durham Constabulary,-1.313326,54.762054,On or near Sixth Street,E01020767,County Durham 036C,Anti-social behaviour,,
,2011-03,Durham Constabulary,Durham Constabulary,-1.313326,54.762054,On or near Sixth Street,E01020767,County Durham 036C,Anti-social behaviour,,
,2011-03,Durham Constabulary,Durham Constabulary,-1.313326,54.762054,On or near Sixth Street,E01020767,County Durham 036C,Anti-social behaviour,,
,2011-03,Durham Constabulary,Durham Constabulary,-1.313326,54.762054,On or near Sixth Street,E01020767,County Durham 036C,Anti-social behaviour,,
,2011-03,Durham Constabulary,Durham Constabulary,-1.313452,54.763780,On or near Fifth Street,E01020767,County Durham 036C,Anti-social behaviour,,
,2011-03,Durham Constabulary,Durham Constabulary,-1.313326,54.762054,On or near Sixth Street,E01020767,County Durham 036C,Anti-social behaviour,,
,2011-03,Durham Constabulary,Durham Constabulary,-1.313326,54.762054,On or near Sixth Street,E01020767,County Durham 036C,Anti-social behaviour,,
,2011-03,Durham Constabulary,Durham Constabulary,-1.311777,54.764508,On or near John Wilson Court,E01020767,County Durham 036C,Anti-social behaviour,,
,2011-03,Durham Constabulary,Durham Constabulary,-1.313326,54.762054,On or near Sixth Street,E01020767,County Durham 036C,Anti-social behaviour,,
,2011-03,Durham Constabulary,Durham Constabulary,-1.313326,54.762054,On or near Sixth Street,E01020767,County Durham 036C,Anti-social behaviour,,
,2011-03,Durham Constabulary,Durham Constabulary,-1.313649,54.765039,On or near Eden Street,E01020767,County Durham 036C,Anti-social behaviour,,
,2011-03,Durham Constabulary,Durham Constabulary,-1.315656,54.764898,On or near Eden Court,E01020767,County Durham 036C,Burglary,,
,2011-03,Durham Constabulary,Durham Constabulary,-1.311777,54.764508,On or near John Wilson Court,E01020767,County Durham 036C,Burglary,,
,2011-03,Durham Constabulary,Durham Constabulary,-1.313326,54.762054,On or near Sixth Street,E01020767,County Durham 036C,Violent crime,,
,2011-03,Durham Constabulary,Durham Constabulary,-1.315656,54.764898,On or near Eden Court,E01020767,County Durham 036C,Violent crime,,
,2011-03,Durham Constabulary,Durham Constabulary,-1.313326,54.762054,On or near Sixth Street,E01020767,County Durham 036C,Violent crime,,
,2011-03,Durham Constabulary,Durham Constabulary,-1.314766,54.763293,On or near Seventh Street,E01020767,County Durham 036C,Violent crime,,
,2011-03,Durham Constabulary,Durham Constabulary,-1.313326,54.762054,On or near Sixth Street,E01020767,County Durham 036C,Violent crime,,
,2011-03,Durham Constabulary,Durham Constabulary,-1.313649,54.765039,On or near Eden Street,E01020767,County Durham 036C,Violent crime,,
,2011-03,Durham Constabulary,Durham Constabulary,-1.313326,54.762054,On or near Sixth Street,E01020767,County Durham 036C,Violent crime,,
,2011-03,Durham Constabulary,Durham Constabulary,-1.313326,54.762054,On or near Sixth Street,E01020767,County Durham 036C,Violent crime,,
,2011-03,Durham Constabulary,Durham Constabulary,-1.314227,54.766678,On or near Sea View Gardens,E01020767,County Durham 036C,Violent crime,,
,2011-03,Durham Constabulary,Durham Constabulary,-1.314766,54.763293,On or near Seventh Street,E01020767,County Durham 036C,Violent crime,,
,2011-03,Durham Constabulary,Durham Constabulary,-1.313326,54.762054,On or near Sixth Street,E01020767,County Durham 036C,Other crime,,
,2011-03,Durham Constabulary,Durham Constabulary,-1.314766,54.763293,On or near Seventh Street,E01020767,County Durham 036C,Other crime,,
,2011-03,Durham Constabulary,Durham Constabulary,-1.315249,54.761409,On or near Hardwick Street,E01020767,County Durham 036C,Other crime,,
,2011-03,Durham Constabulary,Durham Constabulary,-1.315249,54.761409,On or near Hardwick Street,E01020767,County Durham 036C,Other crime,,
,2011-03,Durham Constabulary,Durham Constabulary,-1.315249,54.761409,On or near Hardwick Street,E01020767,County Durham 036C,Other crime,,
,2011-03,Durham Constabulary,Durham Constabulary,-1.313649,54.765039,On or near Eden Street,E01020767,County Durham 036C,Other crime,,
,2011-03,Durham Constabulary,Durham Constabulary,-1.311660,54.763168,On or near Third Street,E01020767,County Durham 036C,Other crime,,
,2011-03,Durham Constabulary,Durham Constabulary,-1.314766,54.763293,On or near Seventh Street,E01020767,County Durham 036C,Other crime,,
,2011-03,Durham Constabulary,Durham Constabulary,-1.315249,54.761409,On or near Hardwick Street,E01020767,County Durham 036C,Other crime,,
,2011-03,Durham Constabulary,Durham Constabulary,-1.315249,54.761409,On or near Hardwick Street,E01020767,County Durham 036C,Other crime,,
,2011-03,Durham Constabulary,Durham Constabulary,-1.315249,54.761409,On or near Hardwick Street,E01020767,County Durham 036C,Other crime,,
,2011-03,Durham Constabulary,Durham Constabulary,-1.313326,54.762054,On or near Sixth Street,E01020767,County Durham 036C,Other crime,,
,2011-03,Durham Constabulary,Durham Constabulary,-1.313649,54.765039,On or near Eden Street,E01020767,County Durham 036C,Other crime,,
,2011-03,Durham Constabulary,Durham Constabulary,-1.313649,54.765039,On or near Eden Street,E01020767,County Durham 036C,Other crime,,
,2011-03,Durham Constabulary,Durham Constabulary,-1.313326,54.762054,On or near Sixth Street,E01020767,County Durham 036C,Other crime,,
,2011-03,Durham Constabulary,Durham Constabulary,-1.308061,54.761844,On or near Paradise Street,E01020768,County Durham 036D,Anti-social behaviour,,
,2011-03,Durham Constabulary,Durham Constabulary,-1.303292,54.759049,On or near Reynolds Court,E01020768,County Durham 036D,Anti-social behaviour,,
,2011-03,Durham Constabulary,Durham Constabulary,-1.307880,54.761556,On or near Eve Street,E01020768,County Durham 036D,Anti-social behaviour,,
,2011-03,Durham Constabulary,Durham Constabulary,-1.303292,54.759049,On or near Reynolds Court,E01020768,County Durham 036D,Anti-social behaviour,,
,2011-03,Durham Constabulary,Durham Constabulary,-1.307880,54.761556,On or near Eve Street,E01020768,County Durham 036D,Anti-social behaviour,,
,2011-03,Durham Constabulary,Durham Constabulary,-1.303292,54.759049,On or near Reynolds Court,E01020768,County Durham 036D,Anti-social behaviour,,
,2011-03,Durham Constabulary,Durham Constabulary,-1.303292,54.759049,On or near Reynolds Court,E01020768,County Durham 036D,Anti-social behaviour,,
,2011-03,Durham Constabulary,Durham Constabulary,-1.302391,54.758145,On or near Stapylton Drive,E01020768,County Durham 036D,Anti-social behaviour,,
,2011-03,Durham Constabulary,Durham Constabulary,-1.307880,54.761556,On or near Eve Street,E01020768,County Durham 036D,Anti-social behaviour,,
,2011-03,Durham Constabulary,Durham Constabulary,-1.308061,54.761844,On or near Paradise Street,E01020768,County Durham 036D,Anti-social behaviour,,
,2011-03,Durham Constabulary,Durham Constabulary,-1.307880,54.761556,On or near Eve Street,E01020768,County Durham 036D,Burglary,,
,2011-03,Durham Constabulary,Durham Constabulary,-1.307698,54.757618,On or near Willow Grove,E01020768,County Durham 036D,Burglary,,
,2011-03,Durham Constabulary,Durham Constabulary,-1.305801,54.761346,On or near Acacia Avenue,E01020768,County Durham 036D,Vehicle crime,,
,2011-03,Durham Constabulary,Durham Constabulary,-1.305636,54.760096,On or near Cotsford Lane,E01020768,County Durham 036D,Other crime,,
,2011-03,Durham Constabulary,Durham Constabulary,-1.305801,54.761346,On or near Acacia Avenue,E01020768,County Durham 036D,Other crime,,
,2011-03,Durham Constabulary,Durham Constabulary,-1.329810,54.754804,On or near Adrian Place,E01020746,County Durham 037A,Anti-social behaviour,,
,2011-03,Durham Constabulary,Durham Constabulary,-1.334291,54.756374,On or near Quinn Close,E01020746,County Durham 037A,Anti-social behaviour,,
,2011-03,Durham Constabulary,Durham Constabulary,-1.334291,54.756374,On or near Quinn Close,E01020746,County Durham 037A,Anti-social behaviour,,
,2011-03,Durham Constabulary,Durham Constabulary,-1.334284,54.755844,On or near Hilton Drive,E01020746,County Durham 037A,Anti-social behaviour,,
,2011-03,Durham Constabulary,Durham Constabulary,-1.327769,54.755152,On or near Manor Way,E01020746,County Durham 037A,Anti-social behaviour,,
,2011-03,Durham Constabulary,Durham Constabulary,-1.332027,54.757000,On or near Church Close,E01020746,County Durham 037A,Anti-social behaviour,,
,2011-03,Durham Constabulary,Durham Constabulary,-1.329810,54.754804,On or near Adrian Place,E01020746,County Durham 037A,Anti-social behaviour,,
,2011-03,Durham Constabulary,Durham Constabulary,-1.332027,54.757000,On or near Church Close,E01020746,County Durham 037A,Anti-social behaviour,,
,2011-03,Durham Constabulary,Durham Constabulary,-1.334291,54.756374,On or near Quinn Close,E01020746,County Durham 037A,Anti-social behaviour,,
,2011-03,Durham Constabulary,Durham Constabulary,-1.332027,54.757000,On or near Church Close,E01020746,County Durham 037A,Anti-social behaviour,,
,2011-03,Durham Constabulary,Durham Constabulary,-1.334291,54.756374,On or near Quinn Close,E01020746,County Durham 037A,Anti-social behaviour,,
,2011-03,Durham Constabulary,Durham Constabulary,-1.332027,54.757000,On or near Church Close,E01020746,County Durham 037A,Anti-social behaviour,,
,2011-03,Durham Constabulary,Durham Constabulary,-1.327769,54.755152,On or near Manor Way,E01020746,County Durham 037A,Anti-social behaviour,,
,2011-03,Durham Constabulary,Durham Constabulary,-1.332027,54.757000,On or near Church Close,E01020746,County Durham 037A,Anti-social behaviour,,
,2011-03,Durham Constabulary,Durham Constabulary,-1.332027,54.757000,On or near Church Close,E01020746,County Durham 037A,Anti-social behaviour,,
,2011-03,Durham Constabulary,Durham Constabulary,-1.332027,54.757000,On or near Church Close,E01020746,County Durham 037A,Violent crime,,
,2011-03,Durham Constabulary,Durham Constabulary,-1.332027,54.757000,On or near Church Close,E01020746,County Durham 037A,Other crime,,
,2011-03,Durham Constabulary,Durham Constabulary,-1.332027,54.757000,On or near Church Close,E01020746,County Durham 037A,Other crime,,
,2011-03,Durham Constabulary,Durham Constabulary,-1.327769,54.755152,On or near Manor Way,E01020746,County Durham 037A,Other crime,,
,2011-03,Durham Constabulary,Durham Constabulary,-1.334284,54.755844,On or near Hilton Drive,E01020746,County Durham 037A,Other crime,,
,2011-03,Durham Constabulary,Durham Constabulary,-1.327769,54.755152,On or near Manor Way,E01020746,County Durham 037A,Other crime,,
,2011-03,Durham Constabulary,Durham Constabulary,-1.357916,54.753994,On or near Pentland Close,E01020769,County Durham 037B,Anti-social behaviour,,
,2011-03,Durham Constabulary,Durham Constabulary,-1.355552,54.754144,On or near Brecon Close,E01020769,County Durham 037B,Anti-social behaviour,,
,2011-03,Durham Constabulary,Durham Constabulary,-1.357916,54.753994,On or near Pentland Close,E01020769,County Durham 037B,Anti-social behaviour,,
,2011-03,Durham Constabulary,Durham Constabulary,-1.359055,54.751682,On or near Shadforth Close,E01020769,County Durham 037B,Anti-social behaviour,,
,2011-03,Durham Constabulary,Durham Constabulary,-1.355552,54.754144,On or near Brecon Close,E01020769,County Durham 037B,Anti-social behaviour,,
,2011-03,Durham Constabulary,Durham Constabulary,-1.359055,54.751682,On or near Shadforth Close,E01020769,County Durham 037B,Anti-social behaviour,,
,2011-03,Durham Constabulary,Durham Constabulary,-1.355552,54.754144,On or near Brecon Close,E01020769,County Durham 037B,Anti-social behaviour,,
,2011-03,Durham Constabulary,Durham Constabulary,-1.357916,54.753994,On or near Pentland Close,E01020769,County Durham 037B,Anti-social behaviour,,
,2011-03,Durham Constabulary,Durham Constabulary,-1.357916,54.753994,On or near Pentland Close,E01020769,County Durham 037B,Other crime,,
,2011-03,Durham Constabulary,Durham Constabulary,-1.357916,54.753994,On or near Pentland Close,E01020769,County Durham 037B,Other crime,,
,2011-03,Durham Constabulary,Durham Constabulary,-1.349379,54.751504,On or near Waveney Road,E01020777,County Durham 037C,Anti-social behaviour,,
,2011-03,Durham Constabulary,Durham Constabulary,-1.342379,54.752968,On or near Helford Road,E01020777,County Durham 037C,Anti-social behaviour,,
,2011-03,Durham Constabulary,Durham Constabulary,-1.349379,54.751504,On or near Waveney Road,E01020777,County Durham 037C,Anti-social behaviour,,
,2011-03,Durham Constabulary,Durham Constabulary,-1.344324,54.755701,On or near Coquet Close,E01020777,County Durham 037C,Anti-social behaviour,,
,2011-03,Durham Constabulary,Durham Constabulary,-1.342379,54.752968,On or near Helford Road,E01020777,County Durham 037C,Anti-social behaviour,,
,2011-03,Durham Constabulary,Durham Constabulary,-1.341777,54.754636,On or near Thames Road,E01020777,County Durham 037C,Anti-social behaviour,,
,2011-03,Durham Constabulary,Durham Constabulary,-1.347965,54.749601,On or near Severn Close,E01020777,County Durham 037C,Anti-social behaviour,,
,2011-03,Durham Constabulary,Durham Constabulary,-1.346609,54.751759,On or near Tees Close,E01020777,County Durham 037C,Anti-social behaviour,,
,2011-03,Durham Constabulary,Durham Constabulary,-1.347965,54.749601,On or near Severn Close,E01020777,County Durham 037C,Anti-social behaviour,,
,2011-03,Durham Constabulary,Durham Constabulary,-1.346609,54.751759,On or near Tees Close,E01020777,County Durham 037C,Anti-social behaviour,,
,2011-03,Durham Constabulary,Durham Constabulary,-1.345398,54.750755,On or near Oakerside Drive,E01020777,County Durham 037C,Anti-social behaviour,,
,2011-03,Durham Constabulary,Durham Constabulary,-1.345398,54.750755,On or near Oakerside Drive,E01020777,County Durham 037C,Anti-social behaviour,,
,2011-03,Durham Constabulary,Durham Constabulary,-1.347222,54.752275,On or near Skerne Close,E01020777,County Durham 037C,Anti-social behaviour,,
,2011-03,Durham Constabulary,Durham Constabulary,-1.347222,54.752275,On or near Skerne Close,E01020777,County Durham 037C,Anti-social behaviour,,
,2011-03,Durham Constabulary,Durham Constabulary,-1.347270,54.753156,On or near Welland Close,E01020777,County Durham 037C,Anti-social behaviour,,
,2011-03,Durham Constabulary,Durham Constabulary,-1.349379,54.751504,On or near Waveney Road,E01020777,County Durham 037C,Burglary,,
,2011-03,Durham Constabulary,Durham Constabulary,-1.346609,54.751759,On or near Tees Close,E01020777,County Durham 037C,Burglary,,
,2011-03,Durham Constabulary,Durham Constabulary,-1.349379,54.751504,On or near Waveney Road,E01020777,County Durham 037C,Burglary,,
,2011-03,Durham Constabulary,Durham Constabulary,-1.347965,54.749601,On or near Severn Close,E01020777,County Durham 037C,Other crime,,
,2011-03,Durham Constabulary,Durham Constabulary,-1.347270,54.753156,On or near Welland Close,E01020777,County Durham 037C,Other crime,,
,2011-03,Durham Constabulary,Durham Constabulary,-1.344324,54.755701,On or near Coquet Close,E01020777,County Durham 037C,Other crime,,
,2011-03,Durham Constabulary,Durham Constabulary,-1.341906,54.749595,On or near Sunny Blunts,E01020778,County Durham 037D,Anti-social behaviour,,
,2011-03,Durham Constabulary,Durham Constabulary,-1.340414,54.748661,On or near Lindisfarne,E01020778,County Durham 037D,Anti-social behaviour,,
,2011-03,Durham Constabulary,Durham Constabulary,-1.331891,54.749253,On or near Bellister Park,E01020778,County Durham 037D,Anti-social behaviour,,
,2011-03,Durham Constabulary,Durham Constabulary,-1.341906,54.749595,On or near Sunny Blunts,E01020778,County Durham 037D,Anti-social behaviour,,
,2011-03,Durham Constabulary,Durham Constabulary,-1.341906,54.749595,On or near Sunny Blunts,E01020778,County Durham 037D,Burglary,,
,2011-03,Durham Constabulary,Durham Constabulary,-1.341213,54.746338,On or near Marwood Grove,E01020778,County Durham 037D,Other crime,,
,2011-03,Durham Constabulary,Durham Constabulary,-1.356037,54.746085,On or near Brougham Court,E01020779,County Durham 037E,Anti-social behaviour,,
,2011-03,Durham Constabulary,Durham Constabulary,-1.359553,54.748728,On or near Donerston Grove,E01020779,County Durham 037E,Anti-social behaviour,,
,2011-03,Durham Constabulary,Durham Constabulary,-1.356037,54.746085,On or near Brougham Court,E01020779,County Durham 037E,Anti-social behaviour,,
,2011-03,Durham Constabulary,Durham Constabulary,-1.359107,54.745454,On or near Bewley Grove,E01020779,County Durham 037E,Anti-social behaviour,,
,2011-03,Durham Constabulary,Durham Constabulary,-1.356037,54.746085,On or near Brougham Court,E01020779,County Durham 037E,Vehicle crime,,
,2011-03,Durham Constabulary,Durham Constabulary,-1.622645,54.750559,On or near Stanhope Close,E01020685,County Durham 038A,Anti-social behaviour,,
,2011-03,Durham Constabulary,Durham Constabulary,-1.622657,54.747549,On or near Dorlonco Villas,E01020685,County Durham 038A,Anti-social behaviour,,
,2011-03,Durham Constabulary,Durham Constabulary,-1.622462,54.751817,On or near Arundel Way,E01020685,County Durham 038A,Anti-social behaviour,,
,2011-03,Durham Constabulary,Durham Constabulary,-1.622657,54.747549,On or near Dorlonco Villas,E01020685,County Durham 038A,Anti-social behaviour,,
,2011-03,Durham Constabulary,Durham Constabulary,-1.622645,54.750559,On or near Stanhope Close,E01020685,County Durham 038A,Anti-social behaviour,,
,2011-03,Durham Constabulary,Durham Constabulary,-1.622657,54.747549,On or near Dorlonco Villas,E01020685,County Durham 038A,Anti-social behaviour,,
,2011-03,Durham Constabulary,Durham Constabulary,-1.622657,54.747549,On or near Dorlonco Villas,E01020685,County Durham 038A,Anti-social behaviour,,
,2011-03,Durham Constabulary,Durham Constabulary,-1.622462,54.751817,On or near Arundel Way,E01020685,County Durham 038A,Vehicle crime,,
,2011-03,Durham Constabulary,Durham Constabulary,-1.622462,54.751817,On or near Arundel Way,E01020685,County Durham 038A,Vehicle crime,,
,2011-03,Durham Constabulary,Durham Constabulary,-1.622657,54.747549,On or near Dorlonco Villas,E01020685,County Durham 038A,Violent crime,,
,2011-03,Durham Constabulary,Durham Constabulary,-1.623891,54.750239,On or near Alston Way,E01020685,County Durham 038A,Violent crime,,
,2011-03,Durham Constabulary,Durham Constabulary,-1.622657,54.747549,On or near Dorlonco Villas,E01020685,County Durham 038A,Other crime,,
,2011-03,Durham Constabulary,Durham Constabulary,-1.638508,54.746923,On or near Clover Laid,E01020686,County Durham 038B,Anti-social behaviour,,
,2011-03,Durham Constabulary,Durham Constabulary,-1.638508,54.746923,On or near Clover Laid,E01020686,County Durham 038B,Anti-social behaviour,,
,2011-03,Durham Constabulary,Durham Constabulary,-1.638508,54.746923,On or near Clover Laid,E01020686,County Durham 038B,Anti-social behaviour,,
,2011-03,Durham Constabulary,Durham Constabulary,-1.634529,54.752384,On or near Rowan Lea,E01020686,County Durham 038B,Anti-social behaviour,,
,2011-03,Durham Constabulary,Durham Constabulary,-1.639558,54.747699,On or near Carvis Close,E01020686,County Durham 038B,Anti-social behaviour,,
,2011-03,Durham Constabulary,Durham Constabulary,-1.631159,54.748851,On or near Moor Edge,E01020686,County Durham 038B,Anti-social behaviour,,
,2011-03,Durham Constabulary,Durham Constabulary,-1.639558,54.747699,On or near Carvis Close,E01020686,County Durham 038B,Anti-social behaviour,,
,2011-03,Durham Constabulary,Durham Constabulary,-1.630905,54.751088,On or near Lowland Road,E01020686,County Durham 038B,Anti-social behaviour,,
,2011-03,Durham Constabulary,Durham Constabulary,-1.634529,54.752384,On or near Rowan Lea,E01020686,County Durham 038B,Anti-social behaviour,,
,2011-03,Durham Constabulary,Durham Constabulary,-1.634110,54.747179,On or near Dominion Road,E01020686,County Durham 038B,Anti-social behaviour,,
,2011-03,Durham Constabulary,Durham Constabulary,-1.634615,54.751440,On or near Vicarage Flats,E01020686,County Durham 038B,Anti-social behaviour,,
,2011-03,Durham Constabulary,Durham Constabulary,-1.631159,54.748851,On or near Moor Edge,E01020686,County Durham 038B,Anti-social behaviour,,
,2011-03,Durham Constabulary,Durham Constabulary,-1.629337,54.752638,On or near Brockwell Court,E01020686,County Durham 038B,Anti-social behaviour,,
,2011-03,Durham Constabulary,Durham Constabulary,-1.631159,54.748851,On or near Moor Edge,E01020686,County Durham 038B,Anti-social behaviour,,
,2011-03,Durham Constabulary,Durham Constabulary,-1.634615,54.751440,On or near Vicarage Flats,E01020686,County Durham 038B,Vehicle crime,,
,2011-03,Durham Constabulary,Durham Constabulary,-1.631159,54.748851,On or near Moor Edge,E01020686,County Durham 038B,Other crime,,
,2011-03,Durham Constabulary,Durham Constabulary,-1.632996,54.750096,On or near Acorn Place,E01020686,County Durham 038B,Other crime,,
,2011-03,Durham Constabulary,Durham Constabulary,-1.630905,54.751088,On or near Lowland Road,E01020686,County Durham 038B,Other crime,,
,2011-03,Durham Constabulary,Durham Constabulary,-1.634529,54.752384,On or near Rowan Lea,E01020686,County Durham 038B,Other crime,,
,2011-03,Durham Constabulary,Durham Constabulary,-1.634964,54.748889,On or near Fir Avenue,E01020686,County Durham 038B,Other crime,,
,2011-03,Durham Constabulary,Durham Constabulary,-1.638508,54.746923,On or near Clover Laid,E01020686,County Durham 038B,Other crime,,
,2011-03,Durham Constabulary,Durham Constabulary,-1.638508,54.746923,On or near Clover Laid,E01020686,County Durham 038B,Other crime,,
,2011-03,Durham Constabulary,Durham Constabulary,-1.636673,54.748966,On or near Briar Avenue,E01020687,County Durham 038C,Anti-social behaviour,,
,2011-03,Durham Constabulary,Durham Constabulary,-1.646275,54.746973,On or near Forest View,E01020687,County Durham 038C,Anti-social behaviour,,
,2011-03,Durham Constabulary,Durham Constabulary,-1.641084,54.745573,On or near Cavendish Court,E01020687,County Durham 038C,Anti-social behaviour,,
,2011-03,Durham Constabulary,Durham Constabulary,-1.640037,54.744447,On or near Winchester Drive,E01020687,County Durham 038C,Anti-social behaviour,,
,2011-03,Durham Constabulary,Durham Constabulary,-1.640037,54.744447,On or near Winchester Drive,E01020687,County Durham 038C,Vehicle crime,,
,2011-03,Durham Constabulary,Durham Constabulary,-1.641084,54.745573,On or near Cavendish Court,E01020687,County Durham 038C,Vehicle crime,,
,2011-03,Durham Constabulary,Durham Constabulary,-1.644739,54.746788,On or near Ashbrook Close,E01020687,County Durham 038C,Other crime,,
,2011-03,Durham Constabulary,Durham Constabulary,-1.641084,54.745573,On or near Cavendish Court,E01020687,County Durham 038C,Other crime,,
,2011-03,Durham Constabulary,Durham Constabulary,-1.638371,54.753644,On or near Pear Lea,E01020688,County Durham 038D,Anti-social behaviour,,
,2011-03,Durham Constabulary,Durham Constabulary,-1.636956,54.753730,On or near Palm Lea,E01020688,County Durham 038D,Anti-social behaviour,,
,2011-03,Durham Constabulary,Durham Constabulary,-1.636027,54.749962,On or near Willow Close,E01020688,County Durham 038D,Anti-social behaviour,,
,2011-03,Durham Constabulary,Durham Constabulary,-1.637292,54.752724,On or near Poplar Lea,E01020688,County Durham 038D,Anti-social behaviour,,
,2011-03,Durham Constabulary,Durham Constabulary,-1.636956,54.753730,On or near Palm Lea,E01020688,County Durham 038D,Anti-social behaviour,,
,2011-03,Durham Constabulary,Durham Constabulary,-1.637012,54.750980,On or near St. Brandons Grove,E01020688,County Durham 038D,Anti-social behaviour,,
,2011-03,Durham Constabulary,Durham Constabulary,-1.633655,54.754511,On or near Midhill Close,E01020688,County Durham 038D,Anti-social behaviour,,
,2011-03,Durham Constabulary,Durham Constabulary,-1.645714,54.749020,On or near Maple Court,E01020688,County Durham 038D,Burglary,,
,2011-03,Durham Constabulary,Durham Constabulary,-1.645714,54.749020,On or near Maple Court,E01020688,County Durham 038D,Vehicle crime,,
,2011-03,Durham Constabulary,Durham Constabulary,-1.645714,54.749020,On or near Maple Court,E01020688,County Durham 038D,Vehicle crime,,
,2011-03,Durham Constabulary,Durham Constabulary,-1.637292,54.752724,On or near Poplar Lea,E01020688,County Durham 038D,Other crime,,
,2011-03,Durham Constabulary,Durham Constabulary,-1.634624,54.755646,On or near Deerness Heights,E01020688,County Durham 038D,Other crime,,
,2011-03,Durham Constabulary,Durham Constabulary,-1.623478,54.756223,On or near Tiree Close,E01020689,County Durham 038E,Anti-social behaviour,,
,2011-03,Durham Constabulary,Durham Constabulary,-1.626930,54.750851,On or near Station Avenue,E01020689,County Durham 038E,Anti-social behaviour,,
,2011-03,Durham Constabulary,Durham Constabulary,-1.630131,54.754168,On or near Holly Park,E01020689,County Durham 038E,Anti-social behaviour,,
,2011-03,Durham Constabulary,Durham Constabulary,-1.623478,54.756223,On or near Tiree Close,E01020689,County Durham 038E,Anti-social behaviour,,
,2011-03,Durham Constabulary,Durham Constabulary,-1.626930,54.750851,On or near Station Avenue,E01020689,County Durham 038E,Anti-social behaviour,,
,2011-03,Durham Constabulary,Durham Constabulary,-1.626930,54.750851,On or near Station Avenue,E01020689,County Durham 038E,Anti-social behaviour,,
,2011-03,Durham Constabulary,Durham Constabulary,-1.621886,54.756964,On or near Hemmel Courts,E01020689,County Durham 038E,Anti-social behaviour,,
,2011-03,Durham Constabulary,Durham Constabulary,-1.621886,54.756964,On or near Hemmel Courts,E01020689,County Durham 038E,Anti-social behaviour,,
,2011-03,Durham Constabulary,Durham Constabulary,-1.621886,54.756964,On or near Hemmel Courts,E01020689,County Durham 038E,Anti-social behaviour,,
,2011-03,Durham Constabulary,Durham Constabulary,-1.623478,54.756223,On or near Tiree Close,E01020689,County Durham 038E,Other crime,,
,2011-03,Durham Constabulary,Durham Constabulary,-1.630131,54.754168,On or near Holly Park,E01020689,County Durham 038E,Other crime,,
,2011-03,Durham Constabulary,Durham Constabulary,-1.623478,54.756223,On or near Tiree Close,E01020689,County Durham 038E,Other crime,,
,2011-03,Durham Constabulary,Durham Constabulary,-1.623478,54.756223,On or near Tiree Close,E01020689,County Durham 038E,Other crime,,
,2011-03,Durham Constabulary,Durham Constabulary,-1.273600,54.740569,On or near The Sidings,E01020736,County Durham 039A,Anti-social behaviour,,
,2011-03,Durham Constabulary,Durham Constabulary,-1.279137,54.740135,On or near Ocean View,E01020736,County Durham 039A,Anti-social behaviour,,
,2011-03,Durham Constabulary,Durham Constabulary,-1.269419,54.732060,On or near Fillpoke Lane,E01020736,County Durham 039A,Anti-social behaviour,,
,2011-03,Durham Constabulary,Durham Constabulary,-1.278147,54.739041,On or near Hart Crescent,E01020736,County Durham 039A,Anti-social behaviour,,
,2011-03,Durham Constabulary,Durham Constabulary,-1.276772,54.740363,On or near Sea View,E01020736,County Durham 039A,Anti-social behaviour,,
,2011-03,Durham Constabulary,Durham Constabulary,-1.269419,54.732060,On or near Fillpoke Lane,E01020736,County Durham 039A,Anti-social behaviour,,
,2011-03,Durham Constabulary,Durham Constabulary,-1.269419,54.732060,On or near Fillpoke Lane,E01020736,County Durham 039A,Anti-social behaviour,,
,2011-03,Durham Constabulary,Durham Constabulary,-1.277785,54.740189,On or near Tweddle Crescent,E01020736,County Durham 039A,Anti-social behaviour,,
,2011-03,Durham Constabulary,Durham Constabulary,-1.273600,54.740569,On or near The Sidings,E01020736,County Durham 039A,Anti-social behaviour,,
,2011-03,Durham Constabulary,Durham Constabulary,-1.278147,54.739041,On or near Hart Crescent,E01020736,County Durham 039A,Anti-social behaviour,,
,2011-03,Durham Constabulary,Durham Constabulary,-1.276772,54.740363,On or near Sea View,E01020736,County Durham 039A,Burglary,,
,2011-03,Durham Constabulary,Durham Constabulary,-1.269419,54.732060,On or near Fillpoke Lane,E01020736,County Durham 039A,Other crime,,
,2011-03,Durham Constabulary,Durham Constabulary,-1.278147,54.739041,On or near Hart Crescent,E01020736,County Durham 039A,Other crime,,
,2011-03,Durham Constabulary,Durham Constabulary,-1.269419,54.732060,On or near Fillpoke Lane,E01020736,County Durham 039A,Other crime,,
,2011-03,Durham Constabulary,Durham Constabulary,-1.294420,54.750011,On or near Eleventh Street,E01020737,County Durham 039B,Anti-social behaviour,,
,2011-03,Durham Constabulary,Durham Constabulary,-1.296902,54.748435,On or near Welfare Crescent,E01020737,County Durham 039B,Anti-social behaviour,,
,2011-03,Durham Constabulary,Durham Constabulary,-1.289662,54.749390,On or near East Street,E01020737,County Durham 039B,Anti-social behaviour,,
,2011-03,Durham Constabulary,Durham Constabulary,-1.289662,54.749390,On or near East Street,E01020737,County Durham 039B,Anti-social behaviour,,
,2011-03,Durham Constabulary,Durham Constabulary,-1.294420,54.750011,On or near Eleventh Street,E01020737,County Durham 039B,Anti-social behaviour,,
,2011-03,Durham Constabulary,Durham Constabulary,-1.294420,54.750011,On or near Eleventh Street,E01020737,County Durham 039B,Anti-social behaviour,,
,2011-03,Durham Constabulary,Durham Constabulary,-1.296902,54.748435,On or near Welfare Crescent,E01020737,County Durham 039B,Anti-social behaviour,,
,2011-03,Durham Constabulary,Durham Constabulary,-1.293310,54.751335,On or near Shaftesbury Avenue,E01020737,County Durham 039B,Anti-social behaviour,,
,2011-03,Durham Constabulary,Durham Constabulary,-1.295262,54.751643,On or near Shaftesbury Crescent,E01020737,County Durham 039B,Anti-social behaviour,,
,2011-03,Durham Constabulary,Durham Constabulary,-1.293310,54.751335,On or near Shaftesbury Avenue,E01020737,County Durham 039B,Anti-social behaviour,,
,2011-03,Durham Constabulary,Durham Constabulary,-1.294420,54.750011,On or near Eleventh Street,E01020737,County Durham 039B,Anti-social behaviour,,
,2011-03,Durham Constabulary,Durham Constabulary,-1.294850,54.747668,On or near Hardwick Street,E01020737,County Durham 039B,Anti-social behaviour,,
,2011-03,Durham Constabulary,Durham Constabulary,-1.294420,54.750011,On or near Eleventh Street,E01020737,County Durham 039B,Anti-social behaviour,,
,2011-03,Durham Constabulary,Durham Constabulary,-1.289662,54.749390,On or near East Street,E01020737,County Durham 039B,Other crime,,
,2011-03,Durham Constabulary,Durham Constabulary,-1.289662,54.749390,On or near East Street,E01020737,County Durham 039B,Other crime,,
,2011-03,Durham Constabulary,Durham Constabulary,-1.284284,54.746015,On or near Enid Gardens,E01020738,County Durham 039C,Anti-social behaviour,,
,2011-03,Durham Constabulary,Durham Constabulary,-1.287971,54.747493,On or near First Street,E01020738,County Durham 039C,Anti-social behaviour,,
,2011-03,Durham Constabulary,Durham Constabulary,-1.285027,54.746137,On or near Dene Road,E01020738,County Durham 039C,Anti-social behaviour,,
,2011-03,Durham Constabulary,Durham Constabulary,-1.287971,54.747493,On or near First Street,E01020738,County Durham 039C,Anti-social behaviour,,
,2011-03,Durham Constabulary,Durham Constabulary,-1.287971,54.747493,On or near First Street,E01020738,County Durham 039C,Anti-social behaviour,,
,2011-03,Durham Constabulary,Durham Constabulary,-1.287971,54.747493,On or near First Street,E01020738,County Durham 039C,Anti-social behaviour,,
,2011-03,Durham Constabulary,Durham Constabulary,-1.287971,54.747493,On or near First Street,E01020738,County Durham 039C,Anti-social behaviour,,
,2011-03,Durham Constabulary,Durham Constabulary,-1.276741,54.741226,On or near Station Road,E01020738,County Durham 039C,Anti-social behaviour,,
,2011-03,Durham Constabulary,Durham Constabulary,-1.287971,54.747493,On or near First Street,E01020738,County Durham 039C,Violent crime,,
,2011-03,Durham Constabulary,Durham Constabulary,-1.287971,54.747493,On or near First Street,E01020738,County Durham 039C,Other crime,,
,2011-03,Durham Constabulary,Durham Constabulary,-1.276741,54.741226,On or near Station Road,E01020738,County Durham 039C,Other crime,,
,2011-03,Durham Constabulary,Durham Constabulary,-1.288321,54.747908,On or near Second Street,E01020739,County Durham 039D,Anti-social behaviour,,
,2011-03,Durham Constabulary,Durham Constabulary,-1.289048,54.748075,On or near Third Street,E01020739,County Durham 039D,Anti-social behaviour,,
,2011-03,Durham Constabulary,Durham Constabulary,-1.291256,54.747072,On or near The Crescent,E01020739,County Durham 039D,Anti-social behaviour,,
,2011-03,Durham Constabulary,Durham Constabulary,-1.288321,54.747908,On or near Second Street,E01020739,County Durham 039D,Anti-social behaviour,,
,2011-03,Durham Constabulary,Durham Constabulary,-1.289430,54.748445,On or near Fourth Street,E01020739,County Durham 039D,Anti-social behaviour,,
,2011-03,Durham Constabulary,Durham Constabulary,-1.291261,54.749471,On or near Seventh Street,E01020739,County Durham 039D,Anti-social behaviour,,
,2011-03,Durham Constabulary,Durham Constabulary,-1.289430,54.748445,On or near Fourth Street,E01020739,County Durham 039D,Anti-social behaviour,,
,2011-03,Durham Constabulary,Durham Constabulary,-1.289430,54.748445,On or near Fourth Street,E01020739,County Durham 039D,Anti-social behaviour,,
,2011-03,Durham Constabulary,Durham Constabulary,-1.293725,54.749782,On or near Tenth Street,E01020739,County Durham 039D,Anti-social behaviour,,
,2011-03,Durham Constabulary,Durham Constabulary,-1.291831,54.749726,On or near Eighth Street,E01020739,County Durham 039D,Anti-social behaviour,,
,2011-03,Durham Constabulary,Durham Constabulary,-1.291521,54.748763,On or near Middle Street,E01020739,County Durham 039D,Anti-social behaviour,,
,2011-03,Durham Constabulary,Durham Constabulary,-1.291256,54.747072,On or near The Crescent,E01020739,County Durham 039D,Anti-social behaviour,,
,2011-03,Durham Constabulary,Durham Constabulary,-1.291521,54.748763,On or near Middle Street,E01020739,County Durham 039D,Anti-social behaviour,,
,2011-03,Durham Constabulary,Durham Constabulary,-1.288602,54.745160,On or near Orchid Court,E01020739,County Durham 039D,Anti-social behaviour,,
,2011-03,Durham Constabulary,Durham Constabulary,-1.291521,54.748763,On or near Middle Street,E01020739,County Durham 039D,Anti-social behaviour,,
,2011-03,Durham Constabulary,Durham Constabulary,-1.289430,54.748445,On or near Fourth Street,E01020739,County Durham 039D,Anti-social behaviour,,
,2011-03,Durham Constabulary,Durham Constabulary,-1.289048,54.748075,On or near Third Street,E01020739,County Durham 039D,Anti-social behaviour,,
,2011-03,Durham Constabulary,Durham Constabulary,-1.291521,54.748763,On or near Middle Street,E01020739,County Durham 039D,Anti-social behaviour,,
,2011-03,Durham Constabulary,Durham Constabulary,-1.291831,54.749726,On or near Eighth Street,E01020739,County Durham 039D,Anti-social behaviour,,
,2011-03,Durham Constabulary,Durham Constabulary,-1.289048,54.748075,On or near Third Street,E01020739,County Durham 039D,Anti-social behaviour,,
,2011-03,Durham Constabulary,Durham Constabulary,-1.291521,54.748763,On or near Middle Street,E01020739,County Durham 039D,Anti-social behaviour,,
,2011-03,Durham Constabulary,Durham Constabulary,-1.289048,54.748075,On or near Third Street,E01020739,County Durham 039D,Anti-social behaviour,,
,2011-03,Durham Constabulary,Durham Constabulary,-1.291256,54.747072,On or near The Crescent,E01020739,County Durham 039D,Anti-social behaviour,,
,2011-03,Durham Constabulary,Durham Constabulary,-1.289430,54.748445,On or near Fourth Street,E01020739,County Durham 039D,Anti-social behaviour,,
,2011-03,Durham Constabulary,Durham Constabulary,-1.293297,54.749411,On or near Ninth Street,E01020739,County Durham 039D,Anti-social behaviour,,
,2011-03,Durham Constabulary,Durham Constabulary,-1.289048,54.748075,On or near Third Street,E01020739,County Durham 039D,Anti-social behaviour,,
,2011-03,Durham Constabulary,Durham Constabulary,-1.289048,54.748075,On or near Third Street,E01020739,County Durham 039D,Anti-social behaviour,,
,2011-03,Durham Constabulary,Durham Constabulary,-1.291256,54.747072,On or near The Crescent,E01020739,County Durham 039D,Anti-social behaviour,,
,2011-03,Durham Constabulary,Durham Constabulary,-1.289048,54.748075,On or near Third Street,E01020739,County Durham 039D,Anti-social behaviour,,
,2011-03,Durham Constabulary,Durham Constabulary,-1.289048,54.748075,On or near Third Street,E01020739,County Durham 039D,Anti-social behaviour,,
,2011-03,Durham Constabulary,Durham Constabulary,-1.293838,54.747788,On or near West Street,E01020739,County Durham 039D,Burglary,,
,2011-03,Durham Constabulary,Durham Constabulary,-1.289430,54.748445,On or near Fourth Street,E01020739,County Durham 039D,Violent crime,,
,2011-03,Durham Constabulary,Durham Constabulary,-1.293297,54.749411,On or near Ninth Street,E01020739,County Durham 039D,Violent crime,,
,2011-03,Durham Constabulary,Durham Constabulary,-1.289048,54.748075,On or near Third Street,E01020739,County Durham 039D,Violent crime,,
,2011-03,Durham Constabulary,Durham Constabulary,-1.293725,54.749782,On or near Tenth Street,E01020739,County Durham 039D,Other crime,,
,2011-03,Durham Constabulary,Durham Constabulary,-1.293725,54.749782,On or near Tenth Street,E01020739,County Durham 039D,Other crime,,
,2011-03,Durham Constabulary,Durham Constabulary,-1.293838,54.747788,On or near West Street,E01020739,County Durham 039D,Other crime,,
,2011-03,Durham Constabulary,Durham Constabulary,-1.291521,54.748763,On or near Middle Street,E01020739,County Durham 039D,Other crime,,
,2011-03,Durham Constabulary,Durham Constabulary,-1.289048,54.748075,On or near Third Street,E01020739,County Durham 039D,Other crime,,
,2011-03,Durham Constabulary,Durham Constabulary,-1.289953,54.748727,On or near Fifth Street,E01020739,County Durham 039D,Other crime,,
,2011-03,Durham Constabulary,Durham Constabulary,-1.291261,54.749471,On or near Seventh Street,E01020739,County Durham 039D,Other crime,,
,2011-03,Durham Constabulary,Durham Constabulary,-1.322033,54.755327,On or near Eastdene Way,E01020744,County Durham 039E,Anti-social behaviour,,
,2011-03,Durham Constabulary,Durham Constabulary,-1.323239,54.754705,On or near Chilton Garth,E01020744,County Durham 039E,Anti-social behaviour,,
,2011-03,Durham Constabulary,Durham Constabulary,-1.323352,54.756314,On or near Dean Close,E01020744,County Durham 039E,Anti-social behaviour,,
,2011-03,Durham Constabulary,Durham Constabulary,-1.322033,54.755327,On or near Eastdene Way,E01020744,County Durham 039E,Anti-social behaviour,,
,2011-03,Durham Constabulary,Durham Constabulary,-1.322033,54.755327,On or near Eastdene Way,E01020744,County Durham 039E,Anti-social behaviour,,
,2011-03,Durham Constabulary,Durham Constabulary,-1.322033,54.755327,On or near Eastdene Way,E01020744,County Durham 039E,Violent crime,,
,2011-03,Durham Constabulary,Durham Constabulary,-1.322033,54.755327,On or near Eastdene Way,E01020744,County Durham 039E,Violent crime,,
,2011-03,Durham Constabulary,Durham Constabulary,-1.324870,54.756619,On or near Fulwell Road,E01020744,County Durham 039E,Other crime,,
,2011-03,Durham Constabulary,Durham Constabulary,-1.323352,54.756314,On or near Dean Close,E01020744,County Durham 039E,Other crime,,
,2011-03,Durham Constabulary,Durham Constabulary,-1.324870,54.756619,On or near Fulwell Road,E01020744,County Durham 039E,Other crime,,
,2011-03,Durham Constabulary,Durham Constabulary,-1.323352,54.756314,On or near Dean Close,E01020744,County Durham 039E,Other crime,,
,2011-03,Durham Constabulary,Durham Constabulary,-1.408372,54.748257,On or near Greenwood Close,E01020788,County Durham 040A,Anti-social behaviour,,
,2011-03,Durham Constabulary,Durham Constabulary,-1.416491,54.744378,On or near Woodlands Avenue,E01020788,County Durham 040A,Anti-social behaviour,,
,2011-03,Durham Constabulary,Durham Constabulary,-1.408372,54.748257,On or near Greenwood Close,E01020788,County Durham 040A,Anti-social behaviour,,
,2011-03,Durham Constabulary,Durham Constabulary,-1.417841,54.742326,On or near Shakespeare Street,E01020788,County Durham 040A,Anti-social behaviour,,
,2011-03,Durham Constabulary,Durham Constabulary,-1.416491,54.744378,On or near Woodlands Avenue,E01020788,County Durham 040A,Anti-social behaviour,,
,2011-03,Durham Constabulary,Durham Constabulary,-1.408372,54.748257,On or near Greenwood Close,E01020788,County Durham 040A,Anti-social behaviour,,
,2011-03,Durham Constabulary,Durham Constabulary,-1.408331,54.746855,On or near Weardale Park,E01020788,County Durham 040A,Anti-social behaviour,,
,2011-03,Durham Constabulary,Durham Constabulary,-1.417841,54.742326,On or near Shakespeare Street,E01020788,County Durham 040A,Anti-social behaviour,,
,2011-03,Durham Constabulary,Durham Constabulary,-1.418296,54.746346,On or near Meadow View,E01020788,County Durham 040A,Anti-social behaviour,,
,2011-03,Durham Constabulary,Durham Constabulary,-1.416491,54.744378,On or near Woodlands Avenue,E01020788,County Durham 040A,Anti-social behaviour,,
,2011-03,Durham Constabulary,Durham Constabulary,-1.417841,54.742326,On or near Shakespeare Street,E01020788,County Durham 040A,Burglary,,
,2011-03,Durham Constabulary,Durham Constabulary,-1.418296,54.746346,On or near Meadow View,E01020788,County Durham 040A,Burglary,,
,2011-03,Durham Constabulary,Durham Constabulary,-1.414694,54.746175,On or near Front Street,E01020788,County Durham 040A,Burglary,,
,2011-03,Durham Constabulary,Durham Constabulary,-1.418296,54.746346,On or near Meadow View,E01020788,County Durham 040A,Burglary,,
,2011-03,Durham Constabulary,Durham Constabulary,-1.414694,54.746175,On or near Front Street,E01020788,County Durham 040A,Burglary,,
,2011-03,Durham Constabulary,Durham Constabulary,-1.409436,54.747777,On or near Watson Close,E01020788,County Durham 040A,Burglary,,
,2011-03,Durham Constabulary,Durham Constabulary,-1.407281,54.747452,On or near Dodds Close,E01020788,County Durham 040A,Vehicle crime,,
,2011-03,Durham Constabulary,Durham Constabulary,-1.408372,54.748257,On or near Greenwood Close,E01020788,County Durham 040A,Other crime,,
,2011-03,Durham Constabulary,Durham Constabulary,-1.417841,54.742326,On or near Shakespeare Street,E01020788,County Durham 040A,Other crime,,
,2011-03,Durham Constabulary,Durham Constabulary,-1.408372,54.748257,On or near Greenwood Close,E01020788,County Durham 040A,Other crime,,
,2011-03,Durham Constabulary,Durham Constabulary,-1.417841,54.742326,On or near Shakespeare Street,E01020788,County Durham 040A,Other crime,,
,2011-03,Durham Constabulary,Durham Constabulary,-1.418296,54.746346,On or near Meadow View,E01020788,County Durham 040A,Other crime,,
,2011-03,Durham Constabulary,Durham Constabulary,-1.417841,54.742326,On or near Shakespeare Street,E01020788,County Durham 040A,Other crime,,
,2011-03,Durham Constabulary,Durham Constabulary,-1.428513,54.749989,On or near Arran Grove,E01020789,County Durham 040B,Anti-social behaviour,,
,2011-03,Durham Constabulary,Durham Constabulary,-1.437753,54.749142,On or near Ashwood Grange,E01020789,County Durham 040B,Anti-social behaviour,,
,2011-03,Durham Constabulary,Durham Constabulary,-1.437753,54.749142,On or near Ashwood Grange,E01020789,County Durham 040B,Anti-social behaviour,,
,2011-03,Durham Constabulary,Durham Constabulary,-1.441671,54.747821,On or near St. Bede Crescent,E01020789,County Durham 040B,Anti-social behaviour,,
,2011-03,Durham Constabulary,Durham Constabulary,-1.437753,54.749142,On or near Ashwood Grange,E01020789,County Durham 040B,Anti-social behaviour,,
,2011-03,Durham Constabulary,Durham Constabulary,-1.444652,54.750199,On or near Ellerby Mews,E01020789,County Durham 040B,Anti-social behaviour,,
,2011-03,Durham Constabulary,Durham Constabulary,-1.437753,54.749142,On or near Ashwood Grange,E01020789,County Durham 040B,Anti-social behaviour,,
,2011-03,Durham Constabulary,Durham Constabulary,-1.437753,54.749142,On or near Ashwood Grange,E01020789,County Durham 040B,Anti-social behaviour,,
,2011-03,Durham Constabulary,Durham Constabulary,-1.426585,54.751184,On or near Asquith Street,E01020789,County Durham 040B,Anti-social behaviour,,
,2011-03,Durham Constabulary,Durham Constabulary,-1.446804,54.748483,On or near Dunelm Road,E01020789,County Durham 040B,Anti-social behaviour,,
,2011-03,Durham Constabulary,Durham Constabulary,-1.444652,54.750199,On or near Ellerby Mews,E01020789,County Durham 040B,Anti-social behaviour,,
,2011-03,Durham Constabulary,Durham Constabulary,-1.444652,54.750199,On or near Ellerby Mews,E01020789,County Durham 040B,Anti-social behaviour,,
,2011-03,Durham Constabulary,Durham Constabulary,-1.446804,54.748483,On or near Dunelm Road,E01020789,County Durham 040B,Burglary,,
,2011-03,Durham Constabulary,Durham Constabulary,-1.444652,54.750199,On or near Ellerby Mews,E01020789,County Durham 040B,Other crime,,
,2011-03,Durham Constabulary,Durham Constabulary,-1.441671,54.747821,On or near St. Bede Crescent,E01020789,County Durham 040B,Other crime,,
,2011-03,Durham Constabulary,Durham Constabulary,-1.446804,54.748483,On or near Dunelm Road,E01020789,County Durham 040B,Other crime,,
,2011-03,Durham Constabulary,Durham Constabulary,-1.426585,54.751184,On or near Asquith Street,E01020789,County Durham 040B,Other crime,,
,2011-03,Durham Constabulary,Durham Constabulary,-1.446804,54.748483,On or near Dunelm Road,E01020789,County Durham 040B,Other crime,,
,2011-03,Durham Constabulary,Durham Constabulary,-1.418099,54.743783,On or near Wordsworth Avenue,E01020790,County Durham 040C,Anti-social behaviour,,
,2011-03,Durham Constabulary,Durham Constabulary,-1.424190,54.741476,On or near Quetlaw Road,E01020790,County Durham 040C,Anti-social behaviour,,
,2011-03,Durham Constabulary,Durham Constabulary,-1.420964,54.744426,On or near Quilstyle Road,E01020790,County Durham 040C,Anti-social behaviour,,
,2011-03,Durham Constabulary,Durham Constabulary,-1.418099,54.743783,On or near Wordsworth Avenue,E01020790,County Durham 040C,Anti-social behaviour,,
,2011-03,Durham Constabulary,Durham Constabulary,-1.422762,54.738162,On or near Bevan Crescent,E01020790,County Durham 040C,Anti-social behaviour,,
,2011-03,Durham Constabulary,Durham Constabulary,-1.422762,54.738162,On or near Bevan Crescent,E01020790,County Durham 040C,Anti-social behaviour,,
,2011-03,Durham Constabulary,Durham Constabulary,-1.424190,54.741476,On or near Quetlaw Road,E01020790,County Durham 040C,Anti-social behaviour,,
,2011-03,Durham Constabulary,Durham Constabulary,-1.418099,54.743783,On or near Wordsworth Avenue,E01020790,County Durham 040C,Anti-social behaviour,,
,2011-03,Durham Constabulary,Durham Constabulary,-1.418099,54.743783,On or near Wordsworth Avenue,E01020790,County Durham 040C,Anti-social behaviour,,
,2011-03,Durham Constabulary,Durham Constabulary,-1.420964,54.744426,On or near Quilstyle Road,E01020790,County Durham 040C,Anti-social behaviour,,
,2011-03,Durham Constabulary,Durham Constabulary,-1.422762,54.738162,On or near Bevan Crescent,E01020790,County Durham 040C,Anti-social behaviour,,
,2011-03,Durham Constabulary,Durham Constabulary,-1.424190,54.741476,On or near Quetlaw Road,E01020790,County Durham 040C,Anti-social behaviour,,
,2011-03,Durham Constabulary,Durham Constabulary,-1.420964,54.744426,On or near Quilstyle Road,E01020790,County Durham 040C,Anti-social behaviour,,
,2011-03,Durham Constabulary,Durham Constabulary,-1.424190,54.741476,On or near Quetlaw Road,E01020790,County Durham 040C,Burglary,,
,2011-03,Durham Constabulary,Durham Constabulary,-1.418099,54.743783,On or near Wordsworth Avenue,E01020790,County Durham 040C,Vehicle crime,,
,2011-03,Durham Constabulary,Durham Constabulary,-1.422762,54.738162,On or near Bevan Crescent,E01020790,County Durham 040C,Other crime,,
,2011-03,Durham Constabulary,Durham Constabulary,-1.422762,54.738162,On or near Bevan Crescent,E01020790,County Durham 040C,Other crime,,
,2011-03,Durham Constabulary,Durham Constabulary,-1.422762,54.738162,On or near Bevan Crescent,E01020790,County Durham 040C,Other crime,,
,2011-03,Durham Constabulary,Durham Constabulary,-1.434186,54.753170,On or near School Green,E01020791,County Durham 040D,Vehicle crime,,
,2011-03,Durham Constabulary,Durham Constabulary,-1.434186,54.753170,On or near School Green,E01020791,County Durham 040D,Other crime,,
,2011-03,Durham Constabulary,Durham Constabulary,-1.409914,54.720190,On or near Malvern Crescent,E01020792,County Durham 040E,Anti-social behaviour,,
,2011-03,Durham Constabulary,Durham Constabulary,-1.404838,54.720183,On or near Wingate Road,E01020792,County Durham 040E,Anti-social behaviour,,
,2011-03,Durham Constabulary,Durham Constabulary,-1.409914,54.720190,On or near Malvern Crescent,E01020792,County Durham 040E,Anti-social behaviour,,
,2011-03,Durham Constabulary,Durham Constabulary,-1.409914,54.720190,On or near Malvern Crescent,E01020792,County Durham 040E,Anti-social behaviour,,
,2011-03,Durham Constabulary,Durham Constabulary,-1.415405,54.718392,On or near Luke Street,E01020792,County Durham 040E,Anti-social behaviour,,
,2011-03,Durham Constabulary,Durham Constabulary,-1.415405,54.718392,On or near Luke Street,E01020792,County Durham 040E,Anti-social behaviour,,
,2011-03,Durham Constabulary,Durham Constabulary,-1.409914,54.720190,On or near Malvern Crescent,E01020792,County Durham 040E,Anti-social behaviour,,
,2011-03,Durham Constabulary,Durham Constabulary,-1.404838,54.720183,On or near Wingate Road,E01020792,County Durham 040E,Anti-social behaviour,,
,2011-03,Durham Constabulary,Durham Constabulary,-1.409914,54.720190,On or near Malvern Crescent,E01020792,County Durham 040E,Anti-social behaviour,,
,2011-03,Durham Constabulary,Durham Constabulary,-1.404838,54.720183,On or near Wingate Road,E01020792,County Durham 040E,Anti-social behaviour,,
,2011-03,Durham Constabulary,Durham Constabulary,-1.409914,54.720190,On or near Malvern Crescent,E01020792,County Durham 040E,Anti-social behaviour,,
,2011-03,Durham Constabulary,Durham Constabulary,-1.404838,54.720183,On or near Wingate Road,E01020792,County Durham 040E,Anti-social behaviour,,
,2011-03,Durham Constabulary,Durham Constabulary,-1.409914,54.720190,On or near Malvern Crescent,E01020792,County Durham 040E,Anti-social behaviour,,
,2011-03,Durham Constabulary,Durham Constabulary,-1.415405,54.718392,On or near Luke Street,E01020792,County Durham 040E,Anti-social behaviour,,
,2011-03,Durham Constabulary,Durham Constabulary,-1.408430,54.719742,On or near Cinnamon Drive,E01020792,County Durham 040E,Anti-social behaviour,,
,2011-03,Durham Constabulary,Durham Constabulary,-1.404838,54.720183,On or near Wingate Road,E01020792,County Durham 040E,Anti-social behaviour,,
,2011-03,Durham Constabulary,Durham Constabulary,-1.404838,54.720183,On or near Wingate Road,E01020792,County Durham 040E,Anti-social behaviour,,
,2011-03,Durham Constabulary,Durham Constabulary,-1.409914,54.720190,On or near Malvern Crescent,E01020792,County Durham 040E,Anti-social behaviour,,
,2011-03,Durham Constabulary,Durham Constabulary,-1.409914,54.720190,On or near Malvern Crescent,E01020792,County Durham 040E,Anti-social behaviour,,
,2011-03,Durham Constabulary,Durham Constabulary,-1.409914,54.720190,On or near Malvern Crescent,E01020792,County Durham 040E,Anti-social behaviour,,
,2011-03,Durham Constabulary,Durham Constabulary,-1.404838,54.720183,On or near Wingate Road,E01020792,County Durham 040E,Anti-social behaviour,,
,2011-03,Durham Constabulary,Durham Constabulary,-1.409914,54.720190,On or near Malvern Crescent,E01020792,County Durham 040E,Burglary,,
,2011-03,Durham Constabulary,Durham Constabulary,-1.409914,54.720190,On or near Malvern Crescent,E01020792,County Durham 040E,Vehicle crime,,
,2011-03,Durham Constabulary,Durham Constabulary,-1.409914,54.720190,On or near Malvern Crescent,E01020792,County Durham 040E,Violent crime,,
,2011-03,Durham Constabulary,Durham Constabulary,-1.404838,54.720183,On or near Wingate Road,E01020792,County Durham 040E,Violent crime,,
,2011-03,Durham Constabulary,Durham Constabulary,-1.412524,54.718971,On or near Windsor Street,E01020792,County Durham 040E,Other crime,,
,2011-03,Durham Constabulary,Durham Constabulary,-1.404838,54.720183,On or near Wingate Road,E01020792,County Durham 040E,Other crime,,
,2011-03,Durham Constabulary,Durham Constabulary,-1.409914,54.720190,On or near Malvern Crescent,E01020792,County Durham 040E,Other crime,,
,2011-03,Durham Constabulary,Durham Constabulary,-1.525824,54.739867,On or near Margaret Court,E01020694,County Durham 041A,Anti-social behaviour,,
,2011-03,Durham Constabulary,Durham Constabulary,-1.525824,54.739867,On or near Margaret Court,E01020694,County Durham 041A,Anti-social behaviour,,
,2011-03,Durham Constabulary,Durham Constabulary,-1.523007,54.739047,On or near Tunstall Avenue,E01020694,County Durham 041A,Anti-social behaviour,,
,2011-03,Durham Constabulary,Durham Constabulary,-1.523007,54.739047,On or near Tunstall Avenue,E01020694,County Durham 041A,Anti-social behaviour,,
,2011-03,Durham Constabulary,Durham Constabulary,-1.526260,54.742484,On or near George Street,E01020694,County Durham 041A,Anti-social behaviour,,
,2011-03,Durham Constabulary,Durham Constabulary,-1.524497,54.737777,On or near Surtees Avenue,E01020694,County Durham 041A,Anti-social behaviour,,
,2011-03,Durham Constabulary,Durham Constabulary,-1.525281,54.741195,On or near Prince Charles Avenue,E01020694,County Durham 041A,Anti-social behaviour,,
,2011-03,Durham Constabulary,Durham Constabulary,-1.521098,54.738950,On or near Lawson Road,E01020694,County Durham 041A,Anti-social behaviour,,
,2011-03,Durham Constabulary,Durham Constabulary,-1.524497,54.737777,On or near Surtees Avenue,E01020694,County Durham 041A,Anti-social behaviour,,
,2011-03,Durham Constabulary,Durham Constabulary,-1.524497,54.737777,On or near Surtees Avenue,E01020694,County Durham 041A,Anti-social behaviour,,
,2011-03,Durham Constabulary,Durham Constabulary,-1.523007,54.739047,On or near Tunstall Avenue,E01020694,County Durham 041A,Burglary,,
,2011-03,Durham Constabulary,Durham Constabulary,-1.526889,54.739125,On or near Bede Terrace,E01020694,County Durham 041A,Burglary,,
,2011-03,Durham Constabulary,Durham Constabulary,-1.523007,54.739047,On or near Tunstall Avenue,E01020694,County Durham 041A,Burglary,,
,2011-03,Durham Constabulary,Durham Constabulary,-1.523476,54.741394,On or near Philip Avenue,E01020694,County Durham 041A,Violent crime,,
,2011-03,Durham Constabulary,Durham Constabulary,-1.527599,54.743486,On or near Marlene Avenue,E01020694,County Durham 041A,Other crime,,
,2011-03,Durham Constabulary,Durham Constabulary,-1.526260,54.742484,On or near George Street,E01020694,County Durham 041A,Other crime,,
,2011-03,Durham Constabulary,Durham Constabulary,-1.527599,54.743486,On or near Marlene Avenue,E01020694,County Durham 041A,Other crime,,
,2011-03,Durham Constabulary,Durham Constabulary,-1.526260,54.742484,On or near George Street,E01020694,County Durham 041A,Other crime,,
,2011-03,Durham Constabulary,Durham Constabulary,-1.529627,54.715977,On or near Ramsay Street,E01020696,County Durham 041B,Anti-social behaviour,,
,2011-03,Durham Constabulary,Durham Constabulary,-1.584061,54.726996,On or near Wayside,E01020696,County Durham 041B,Anti-social behaviour,,
,2011-03,Durham Constabulary,Durham Constabulary,-1.587823,54.725059,On or near Front Street,E01020696,County Durham 041B,Anti-social behaviour,,
,2011-03,Durham Constabulary,Durham Constabulary,-1.563347,54.724191,On or near East Street,E01020696,County Durham 041B,Anti-social behaviour,,
,2011-03,Durham Constabulary,Durham Constabulary,-1.584061,54.726996,On or near Wayside,E01020696,County Durham 041B,Other crime,,
,2011-03,Durham Constabulary,Durham Constabulary,-1.584061,54.726996,On or near Wayside,E01020696,County Durham 041B,Other crime,,
,2011-03,Durham Constabulary,Durham Constabulary,-1.528526,54.737244,On or near Tweddle Terrace,E01020697,County Durham 041C,Anti-social behaviour,,
,2011-03,Durham Constabulary,Durham Constabulary,-1.523843,54.733964,On or near Steavenson Street,E01020697,County Durham 041C,Anti-social behaviour,,
,2011-03,Durham Constabulary,Durham Constabulary,-1.527047,54.736196,On or near Bow Street,E01020697,County Durham 041C,Anti-social behaviour,,
,2011-03,Durham Constabulary,Durham Constabulary,-1.526408,54.736400,On or near Burn Street,E01020697,County Durham 041C,Anti-social behaviour,,
,2011-03,Durham Constabulary,Durham Constabulary,-1.518162,54.735020,On or near Grange Park Crescent,E01020697,County Durham 041C,Anti-social behaviour,,
,2011-03,Durham Constabulary,Durham Constabulary,-1.518162,54.735020,On or near Grange Park Crescent,E01020697,County Durham 041C,Anti-social behaviour,,
,2011-03,Durham Constabulary,Durham Constabulary,-1.527047,54.736196,On or near Bow Street,E01020697,County Durham 041C,Anti-social behaviour,,
,2011-03,Durham Constabulary,Durham Constabulary,-1.528526,54.737244,On or near Tweddle Terrace,E01020697,County Durham 041C,Anti-social behaviour,,
,2011-03,Durham Constabulary,Durham Constabulary,-1.528526,54.737244,On or near Tweddle Terrace,E01020697,County Durham 041C,Anti-social behaviour,,
,2011-03,Durham Constabulary,Durham Constabulary,-1.523843,54.733964,On or near Steavenson Street,E01020697,County Durham 041C,Anti-social behaviour,,
,2011-03,Durham Constabulary,Durham Constabulary,-1.521353,54.733145,On or near Crowtrees Lane,E01020697,County Durham 041C,Anti-social behaviour,,
,2011-03,Durham Constabulary,Durham Constabulary,-1.522620,54.733680,On or near Clarence Street,E01020697,County Durham 041C,Anti-social behaviour,,
,2011-03,Durham Constabulary,Durham Constabulary,-1.527750,54.737241,On or near Norton Avenue,E01020697,County Durham 041C,Anti-social behaviour,,
,2011-03,Durham Constabulary,Durham Constabulary,-1.522620,54.733680,On or near Clarence Street,E01020697,County Durham 041C,Anti-social behaviour,,
,2011-03,Durham Constabulary,Durham Constabulary,-1.521353,54.733145,On or near Crowtrees Lane,E01020697,County Durham 041C,Anti-social behaviour,,
,2011-03,Durham Constabulary,Durham Constabulary,-1.525233,54.735946,On or near Runcie Road,E01020697,County Durham 041C,Anti-social behaviour,,
,2011-03,Durham Constabulary,Durham Constabulary,-1.522620,54.733680,On or near Clarence Street,E01020697,County Durham 041C,Anti-social behaviour,,
,2011-03,Durham Constabulary,Durham Constabulary,-1.527047,54.736196,On or near Bow Street,E01020697,County Durham 041C,Anti-social behaviour,,
,2011-03,Durham Constabulary,Durham Constabulary,-1.527750,54.737241,On or near Norton Avenue,E01020697,County Durham 041C,Vehicle crime,,
,2011-03,Durham Constabulary,Durham Constabulary,-1.518162,54.735020,On or near Grange Park Crescent,E01020697,County Durham 041C,Vehicle crime,,
,2011-03,Durham Constabulary,Durham Constabulary,-1.522620,54.733680,On or near Clarence Street,E01020697,County Durham 041C,Violent crime,,
,2011-03,Durham Constabulary,Durham Constabulary,-1.527750,54.737241,On or near Norton Avenue,E01020697,County Durham 041C,Other crime,,
,2011-03,Durham Constabulary,Durham Constabulary,-1.518162,54.735020,On or near Grange Park Crescent,E01020697,County Durham 041C,Other crime,,
,2011-03,Durham Constabulary,Durham Constabulary,-1.521353,54.733145,On or near Crowtrees Lane,E01020697,County Durham 041C,Other crime,,
,2011-03,Durham Constabulary,Durham Constabulary,-1.527750,54.737241,On or near Norton Avenue,E01020697,County Durham 041C,Other crime,,
,2011-03,Durham Constabulary,Durham Constabulary,-1.526408,54.736400,On or near Burn Street,E01020697,County Durham 041C,Other crime,,
,2011-03,Durham Constabulary,Durham Constabulary,-1.549084,54.760094,On or near High Street,E01020732,County Durham 041D,Anti-social behaviour,,
,2011-03,Durham Constabulary,Durham Constabulary,-1.549084,54.760094,On or near High Street,E01020732,County Durham 041D,Burglary,,
,2011-03,Durham Constabulary,Durham Constabulary,-1.534393,54.755213,On or near Langton Lea,E01020732,County Durham 041D,Other crime,,
,2011-03,Durham Constabulary,Durham Constabulary,-1.534393,54.755213,On or near Langton Lea,E01020732,County Durham 041D,Other crime,,
,2011-03,Durham Constabulary,Durham Constabulary,-2.141566,54.738014,On or near Front Street,E01020889,County Durham 042A,Anti-social behaviour,,
,2011-03,Durham Constabulary,Durham Constabulary,-2.181858,54.735507,On or near Harthope Road,E01020889,County Durham 042A,Anti-social behaviour,,
,2011-03,Durham Constabulary,Durham Constabulary,-2.141566,54.738014,On or near Front Street,E01020889,County Durham 042A,Anti-social behaviour,,
,2011-03,Durham Constabulary,Durham Constabulary,-2.220445,54.748653,On or near Vedra Close,E01020889,County Durham 042A,Other crime,,
,2011-03,Durham Constabulary,Durham Constabulary,-2.184294,54.738316,On or near Longdale Grove,E01020889,County Durham 042A,Other crime,,
,2011-03,Durham Constabulary,Durham Constabulary,-2.002500,54.744154,On or near Bondisle Way,E01020890,County Durham 042B,Anti-social behaviour,,
,2011-03,Durham Constabulary,Durham Constabulary,-2.007005,54.746355,On or near The Butts,E01020890,County Durham 042B,Anti-social behaviour,,
,2011-03,Durham Constabulary,Durham Constabulary,-2.012863,54.750075,On or near Westcroft,E01020890,County Durham 042B,Anti-social behaviour,,
,2011-03,Durham Constabulary,Durham Constabulary,-1.961212,54.728116,On or near Kirk Rise,E01020890,County Durham 042B,Anti-social behaviour,,
,2011-03,Durham Constabulary,Durham Constabulary,-2.002500,54.744154,On or near Bondisle Way,E01020890,County Durham 042B,Anti-social behaviour,,
,2011-03,Durham Constabulary,Durham Constabulary,-2.007005,54.746355,On or near The Butts,E01020890,County Durham 042B,Anti-social behaviour,,
,2011-03,Durham Constabulary,Durham Constabulary,-2.012863,54.750075,On or near Westcroft,E01020890,County Durham 042B,Anti-social behaviour,,
,2011-03,Durham Constabulary,Durham Constabulary,-1.961321,54.727118,On or near Holme Field,E01020890,County Durham 042B,Anti-social behaviour,,
,2011-03,Durham Constabulary,Durham Constabulary,-2.002500,54.744154,On or near Bondisle Way,E01020890,County Durham 042B,Anti-social behaviour,,
,2011-03,Durham Constabulary,Durham Constabulary,-2.012863,54.750075,On or near Westcroft,E01020890,County Durham 042B,Anti-social behaviour,,
,2011-03,Durham Constabulary,Durham Constabulary,-1.956819,54.726479,On or near Western Hill,E01020890,County Durham 042B,Burglary,,
,2011-03,Durham Constabulary,Durham Constabulary,-1.951865,54.727816,On or near Stockley Grove,E01020890,County Durham 042B,Other crime,,
,2011-03,Durham Constabulary,Durham Constabulary,-1.951865,54.727816,On or near Stockley Grove,E01020890,County Durham 042B,Other crime,,
,2011-03,Durham Constabulary,Durham Constabulary,-1.961212,54.728116,On or near Kirk Rise,E01020890,County Durham 042B,Other crime,,
,2011-03,Durham Constabulary,Durham Constabulary,-2.003215,54.746589,On or near Union Lane,E01020890,County Durham 042B,Other crime,,
,2011-03,Durham Constabulary,Durham Constabulary,-2.012863,54.750075,On or near Westcroft,E01020890,County Durham 042B,Other crime,,
,2011-03,Durham Constabulary,Durham Constabulary,-2.009165,54.748611,On or near Castle Close,E01020891,County Durham 042C,Anti-social behaviour,,
,2011-03,Durham Constabulary,Durham Constabulary,-2.011729,54.751333,On or near Ashcroft,E01020891,County Durham 042C,Anti-social behaviour,,
,2011-03,Durham Constabulary,Durham Constabulary,-1.998384,54.744073,On or near Willard Grove,E01020891,County Durham 042C,Anti-social behaviour,,
,2011-03,Durham Constabulary,Durham Constabulary,-2.005188,54.748099,On or near High Street,E01020891,County Durham 042C,Anti-social behaviour,,
,2011-03,Durham Constabulary,Durham Constabulary,-1.998384,54.744073,On or near Willard Grove,E01020891,County Durham 042C,Anti-social behaviour,,
,2011-03,Durham Constabulary,Durham Constabulary,-1.997265,54.743525,On or near Woodcroft Gardens,E01020891,County Durham 042C,Other crime,,
,2011-03,Durham Constabulary,Durham Constabulary,-1.976984,54.845141,On or near The Closes,E01020891,County Durham 042C,Other crime,,
,2011-03,Durham Constabulary,Durham Constabulary,-1.883594,54.732146,On or near St. Annes Drive,E01020905,County Durham 042D,Anti-social behaviour,,
,2011-03,Durham Constabulary,Durham Constabulary,-1.881117,54.729699,On or near East End,E01020905,County Durham 042D,Anti-social behaviour,,
,2011-03,Durham Constabulary,Durham Constabulary,-1.880637,54.734345,On or near Uppertown,E01020905,County Durham 042D,Anti-social behaviour,,
,2011-03,Durham Constabulary,Durham Constabulary,-1.882571,54.731588,On or near Angate Street,E01020905,County Durham 042D,Anti-social behaviour,,
,2011-03,Durham Constabulary,Durham Constabulary,-1.882169,54.731075,On or near Meadhope Street,E01020905,County Durham 042D,Anti-social behaviour,,
,2011-03,Durham Constabulary,Durham Constabulary,-1.881238,54.730796,On or near Melbourne Place,E01020905,County Durham 042D,Anti-social behaviour,,
,2011-03,Durham Constabulary,Durham Constabulary,-1.873773,54.729512,On or near Attwood Terrace,E01020905,County Durham 042D,Anti-social behaviour,,
,2011-03,Durham Constabulary,Durham Constabulary,-1.873773,54.729512,On or near Attwood Terrace,E01020905,County Durham 042D,Other crime,,
,2011-03,Durham Constabulary,Durham Constabulary,-1.886184,54.739068,On or near Holywood,E01020905,County Durham 042D,Other crime,,
,2011-03,Durham Constabulary,Durham Constabulary,-1.881238,54.730796,On or near Melbourne Place,E01020905,County Durham 042D,Other crime,,
,2011-03,Durham Constabulary,Durham Constabulary,-1.881238,54.730796,On or near Melbourne Place,E01020905,County Durham 042D,Other crime,,
,2011-03,Durham Constabulary,Durham Constabulary,-1.882169,54.731075,On or near Meadhope Street,E01020905,County Durham 042D,Other crime,,
,2011-03,Durham Constabulary,Durham Constabulary,-1.881117,54.729699,On or near East End,E01020905,County Durham 042D,Other crime,,
,2011-03,Durham Constabulary,Durham Constabulary,-1.772783,54.675940,On or near School Street,E01020906,County Durham 042E,Anti-social behaviour,,
,2011-03,Durham Constabulary,Durham Constabulary,-1.770503,54.675953,On or near Station Road,E01020906,County Durham 042E,Anti-social behaviour,,
,2011-03,Durham Constabulary,Durham Constabulary,-1.772783,54.675940,On or near School Street,E01020906,County Durham 042E,Anti-social behaviour,,
,2011-03,Durham Constabulary,Durham Constabulary,-1.773002,54.678357,On or near St. James Gardens,E01020906,County Durham 042E,Anti-social behaviour,,
,2011-03,Durham Constabulary,Durham Constabulary,-1.886478,54.728114,On or near The Causeway,E01020906,County Durham 042E,Anti-social behaviour,,
,2011-03,Durham Constabulary,Durham Constabulary,-1.885681,54.729928,On or near Front Street,E01020906,County Durham 042E,Anti-social behaviour,,
,2011-03,Durham Constabulary,Durham Constabulary,-1.770503,54.675953,On or near Station Road,E01020906,County Durham 042E,Anti-social behaviour,,
,2011-03,Durham Constabulary,Durham Constabulary,-1.886478,54.728114,On or near The Causeway,E01020906,County Durham 042E,Anti-social behaviour,,
,2011-03,Durham Constabulary,Durham Constabulary,-1.885681,54.729928,On or near Front Street,E01020906,County Durham 042E,Anti-social behaviour,,
,2011-03,Durham Constabulary,Durham Constabulary,-1.891984,54.730761,On or near Lea Green,E01020906,County Durham 042E,Anti-social behaviour,,
,2011-03,Durham Constabulary,Durham Constabulary,-1.891984,54.730761,On or near Lea Green,E01020906,County Durham 042E,Anti-social behaviour,,
,2011-03,Durham Constabulary,Durham Constabulary,-1.774946,54.677480,On or near Castle View,E01020906,County Durham 042E,Burglary,,
,2011-03,Durham Constabulary,Durham Constabulary,-1.774946,54.677480,On or near Castle View,E01020906,County Durham 042E,Burglary,,
,2011-03,Durham Constabulary,Durham Constabulary,-1.885681,54.729928,On or near Front Street,E01020906,County Durham 042E,Vehicle crime,,
,2011-03,Durham Constabulary,Durham Constabulary,-1.772783,54.675940,On or near School Street,E01020906,County Durham 042E,Other crime,,
,2011-03,Durham Constabulary,Durham Constabulary,-1.890572,54.730157,On or near West End,E01020906,County Durham 042E,Other crime,,
,2011-03,Durham Constabulary,Durham Constabulary,-1.885681,54.729928,On or near Front Street,E01020906,County Durham 042E,Other crime,,
,2011-03,Durham Constabulary,Durham Constabulary,-1.885514,54.728652,On or near The Crofts,E01020906,County Durham 042E,Other crime,,
,2011-03,Durham Constabulary,Durham Constabulary,-1.318043,54.735713,On or near Hillcrest Place,E01020772,County Durham 043A,Anti-social behaviour,,
,2011-03,Durham Constabulary,Durham Constabulary,-1.339729,54.719118,On or near Claypool Farm Close,E01020772,County Durham 043A,Anti-social behaviour,,
,2011-03,Durham Constabulary,Durham Constabulary,-1.339729,54.719118,On or near Claypool Farm Close,E01020772,County Durham 043A,Anti-social behaviour,,
,2011-03,Durham Constabulary,Durham Constabulary,-1.341680,54.718473,On or near Hutton Crescent,E01020772,County Durham 043A,Anti-social behaviour,,
,2011-03,Durham Constabulary,Durham Constabulary,-1.346094,54.718137,On or near The Oaks,E01020772,County Durham 043A,Anti-social behaviour,,
,2011-03,Durham Constabulary,Durham Constabulary,-1.346094,54.718137,On or near The Oaks,E01020772,County Durham 043A,Anti-social behaviour,,
,2011-03,Durham Constabulary,Durham Constabulary,-1.318043,54.735713,On or near Hillcrest Place,E01020772,County Durham 043A,Anti-social behaviour,,
,2011-03,Durham Constabulary,Durham Constabulary,-1.339729,54.719118,On or near Claypool Farm Close,E01020772,County Durham 043A,Anti-social behaviour,,
,2011-03,Durham Constabulary,Durham Constabulary,-1.339729,54.719118,On or near Claypool Farm Close,E01020772,County Durham 043A,Vehicle crime,,
,2011-03,Durham Constabulary,Durham Constabulary,-1.291226,54.739011,On or near Mickle Hill Road,E01020772,County Durham 043A,Vehicle crime,,
,2011-03,Durham Constabulary,Durham Constabulary,-1.339729,54.719118,On or near Claypool Farm Close,E01020772,County Durham 043A,Vehicle crime,,
,2011-03,Durham Constabulary,Durham Constabulary,-1.358180,54.736301,On or near Burdon Walk,E01020772,County Durham 043A,Violent crime,,
,2011-03,Durham Constabulary,Durham Constabulary,-1.314011,54.735304,On or near East Terrace,E01020772,County Durham 043A,Violent crime,,
,2011-03,Durham Constabulary,Durham Constabulary,-1.318043,54.735713,On or near Hillcrest Place,E01020772,County Durham 043A,Other crime,,
,2011-03,Durham Constabulary,Durham Constabulary,-1.318009,54.736783,On or near Front Street,E01020772,County Durham 043A,Other crime,,
,2011-03,Durham Constabulary,Durham Constabulary,-1.339729,54.719118,On or near Claypool Farm Close,E01020772,County Durham 043A,Other crime,,
,2011-03,Durham Constabulary,Durham Constabulary,-1.318009,54.736783,On or near Front Street,E01020772,County Durham 043A,Other crime,,
,2011-03,Durham Constabulary,Durham Constabulary,-1.318009,54.736783,On or near Front Street,E01020772,County Durham 043A,Other crime,,
,2011-03,Durham Constabulary,Durham Constabulary,-1.358180,54.736301,On or near Burdon Walk,E01020772,County Durham 043A,Other crime,,
,2011-03,Durham Constabulary,Durham Constabulary,-1.384401,54.734927,On or near Kings Road,E01020793,County Durham 043B,Anti-social behaviour,,
,2011-03,Durham Constabulary,Durham Constabulary,-1.380096,54.733117,On or near Partridge Terrace,E01020793,County Durham 043B,Anti-social behaviour,,
,2011-03,Durham Constabulary,Durham Constabulary,-1.384401,54.734927,On or near Kings Road,E01020793,County Durham 043B,Anti-social behaviour,,
,2011-03,Durham Constabulary,Durham Constabulary,-1.382880,54.734892,On or near Coronation Road,E01020793,County Durham 043B,Anti-social behaviour,,
,2011-03,Durham Constabulary,Durham Constabulary,-1.382880,54.734892,On or near Coronation Road,E01020793,County Durham 043B,Anti-social behaviour,,
,2011-03,Durham Constabulary,Durham Constabulary,-1.382644,54.731988,On or near Forest Gate,E01020793,County Durham 043B,Anti-social behaviour,,
,2011-03,Durham Constabulary,Durham Constabulary,-1.381003,54.734757,On or near Snaith Terrace,E01020793,County Durham 043B,Anti-social behaviour,,
,2011-03,Durham Constabulary,Durham Constabulary,-1.382644,54.731988,On or near Forest Gate,E01020793,County Durham 043B,Anti-social behaviour,,
,2011-03,Durham Constabulary,Durham Constabulary,-1.382644,54.731988,On or near Forest Gate,E01020793,County Durham 043B,Anti-social behaviour,,
,2011-03,Durham Constabulary,Durham Constabulary,-1.376936,54.735617,On or near Ingram Way,E01020793,County Durham 043B,Anti-social behaviour,,
,2011-03,Durham Constabulary,Durham Constabulary,-1.381003,54.734757,On or near Snaith Terrace,E01020793,County Durham 043B,Anti-social behaviour,,
,2011-03,Durham Constabulary,Durham Constabulary,-1.380096,54.733117,On or near Partridge Terrace,E01020793,County Durham 043B,Anti-social behaviour,,
,2011-03,Durham Constabulary,Durham Constabulary,-1.380096,54.733117,On or near Partridge Terrace,E01020793,County Durham 043B,Anti-social behaviour,,
,2011-03,Durham Constabulary,Durham Constabulary,-1.381003,54.734757,On or near Snaith Terrace,E01020793,County Durham 043B,Anti-social behaviour,,
,2011-03,Durham Constabulary,Durham Constabulary,-1.376936,54.735617,On or near Ingram Way,E01020793,County Durham 043B,Anti-social behaviour,,
,2011-03,Durham Constabulary,Durham Constabulary,-1.380096,54.733117,On or near Partridge Terrace,E01020793,County Durham 043B,Anti-social behaviour,,
,2011-03,Durham Constabulary,Durham Constabulary,-1.384401,54.734927,On or near Kings Road,E01020793,County Durham 043B,Anti-social behaviour,,
,2011-03,Durham Constabulary,Durham Constabulary,-1.381331,54.735648,On or near Dobson Terrace,E01020793,County Durham 043B,Burglary,,
,2011-03,Durham Constabulary,Durham Constabulary,-1.380096,54.733117,On or near Partridge Terrace,E01020793,County Durham 043B,Burglary,,
,2011-03,Durham Constabulary,Durham Constabulary,-1.380096,54.733117,On or near Partridge Terrace,E01020793,County Durham 043B,Burglary,,
,2011-03,Durham Constabulary,Durham Constabulary,-1.380096,54.733117,On or near Partridge Terrace,E01020793,County Durham 043B,Violent crime,,
,2011-03,Durham Constabulary,Durham Constabulary,-1.380096,54.733117,On or near Partridge Terrace,E01020793,County Durham 043B,Violent crime,,
,2011-03,Durham Constabulary,Durham Constabulary,-1.384401,54.734927,On or near Kings Road,E01020793,County Durham 043B,Violent crime,,
,2011-03,Durham Constabulary,Durham Constabulary,-1.380096,54.733117,On or near Partridge Terrace,E01020793,County Durham 043B,Other crime,,
,2011-03,Durham Constabulary,Durham Constabulary,-1.382644,54.731988,On or near Forest Gate,E01020793,County Durham 043B,Other crime,,
,2011-03,Durham Constabulary,Durham Constabulary,-1.382644,54.731988,On or near Forest Gate,E01020793,County Durham 043B,Other crime,,
,2011-03,Durham Constabulary,Durham Constabulary,-1.382644,54.731988,On or near Forest Gate,E01020793,County Durham 043B,Other crime,,
,2011-03,Durham Constabulary,Durham Constabulary,-1.382880,54.734892,On or near Coronation Road,E01020793,County Durham 043B,Other crime,,
,2011-03,Durham Constabulary,Durham Constabulary,-1.381003,54.734757,On or near Snaith Terrace,E01020793,County Durham 043B,Other crime,,
,2011-03,Durham Constabulary,Durham Constabulary,-1.381003,54.734757,On or near Snaith Terrace,E01020793,County Durham 043B,Other crime,,
,2011-03,Durham Constabulary,Durham Constabulary,-1.382880,54.734892,On or near Coronation Road,E01020793,County Durham 043B,Other crime,,
,2011-03,Durham Constabulary,Durham Constabulary,-1.382644,54.731988,On or near Forest Gate,E01020793,County Durham 043B,Other crime,,
,2011-03,Durham Constabulary,Durham Constabulary,-1.375966,54.730004,On or near Moor Lane,E01020794,County Durham 043C,Anti-social behaviour,,
,2011-03,Durham Constabulary,Durham Constabulary,-1.375966,54.730004,On or near Moor Lane,E01020794,County Durham 043C,Anti-social behaviour,,
,2011-03,Durham Constabulary,Durham Constabulary,-1.377691,54.738047,On or near Greenhills Estate,E01020794,County Durham 043C,Anti-social behaviour,,
,2011-03,Durham Constabulary,Durham Constabulary,-1.383951,54.737998,On or near Taylor Grove,E01020794,County Durham 043C,Anti-social behaviour,,
,2011-03,Durham Constabulary,Durham Constabulary,-1.375966,54.730004,On or near Moor Lane,E01020794,County Durham 043C,Anti-social behaviour,,
,2011-03,Durham Constabulary,Durham Constabulary,-1.374767,54.736289,On or near Martindale Walk,E01020794,County Durham 043C,Anti-social behaviour,,
,2011-03,Durham Constabulary,Durham Constabulary,-1.375966,54.730004,On or near Moor Lane,E01020794,County Durham 043C,Anti-social behaviour,,
,2011-03,Durham Constabulary,Durham Constabulary,-1.375966,54.730004,On or near Moor Lane,E01020794,County Durham 043C,Anti-social behaviour,,
,2011-03,Durham Constabulary,Durham Constabulary,-1.377691,54.738047,On or near Greenhills Estate,E01020794,County Durham 043C,Anti-social behaviour,,
,2011-03,Durham Constabulary,Durham Constabulary,-1.376557,54.738086,On or near Arundel Walk,E01020794,County Durham 043C,Anti-social behaviour,,
,2011-03,Durham Constabulary,Durham Constabulary,-1.376557,54.738086,On or near Arundel Walk,E01020794,County Durham 043C,Anti-social behaviour,,
,2011-03,Durham Constabulary,Durham Constabulary,-1.375966,54.730004,On or near Moor Lane,E01020794,County Durham 043C,Anti-social behaviour,,
,2011-03,Durham Constabulary,Durham Constabulary,-1.377691,54.738047,On or near Greenhills Estate,E01020794,County Durham 043C,Anti-social behaviour,,
,2011-03,Durham Constabulary,Durham Constabulary,-1.375966,54.730004,On or near Moor Lane,E01020794,County Durham 043C,Anti-social behaviour,,
,2011-03,Durham Constabulary,Durham Constabulary,-1.375966,54.730004,On or near Moor Lane,E01020794,County Durham 043C,Anti-social behaviour,,
,2011-03,Durham Constabulary,Durham Constabulary,-1.385432,54.737664,On or near Durham Road,E01020794,County Durham 043C,Anti-social behaviour,,
,2011-03,Durham Constabulary,Durham Constabulary,-1.375966,54.730004,On or near Moor Lane,E01020794,County Durham 043C,Anti-social behaviour,,
,2011-03,Durham Constabulary,Durham Constabulary,-1.383951,54.737998,On or near Taylor Grove,E01020794,County Durham 043C,Anti-social behaviour,,
,2011-03,Durham Constabulary,Durham Constabulary,-1.375966,54.730004,On or near Moor Lane,E01020794,County Durham 043C,Vehicle crime,,
,2011-03,Durham Constabulary,Durham Constabulary,-1.373530,54.737981,On or near The Maltings,E01020794,County Durham 043C,Other crime,,
,2011-03,Durham Constabulary,Durham Constabulary,-1.383951,54.737998,On or near Taylor Grove,E01020794,County Durham 043C,Other crime,,
,2011-03,Durham Constabulary,Durham Constabulary,-1.375966,54.730004,On or near Moor Lane,E01020794,County Durham 043C,Other crime,,
,2011-03,Durham Constabulary,Durham Constabulary,-1.375966,54.730004,On or near Moor Lane,E01020794,County Durham 043C,Other crime,,
,2011-03,Durham Constabulary,Durham Constabulary,-1.385432,54.737664,On or near Durham Road,E01020794,County Durham 043C,Other crime,,
,2011-03,Durham Constabulary,Durham Constabulary,-1.375966,54.730004,On or near Moor Lane,E01020794,County Durham 043C,Other crime,,
,2011-03,Durham Constabulary,Durham Constabulary,-1.375966,54.730004,On or near Moor Lane,E01020794,County Durham 043C,Other crime,,
,2011-03,Durham Constabulary,Durham Constabulary,-1.371227,54.721191,On or near Front Street,E01020795,County Durham 043D,Anti-social behaviour,,
,2011-03,Durham Constabulary,Durham Constabulary,-1.377832,54.725781,On or near Sandford Close,E01020795,County Durham 043D,Anti-social behaviour,,
,2011-03,Durham Constabulary,Durham Constabulary,-1.367078,54.719417,On or near Ferndale Close,E01020795,County Durham 043D,Anti-social behaviour,,
,2011-03,Durham Constabulary,Durham Constabulary,-1.367227,54.719858,On or near Brackendale Court,E01020795,County Durham 043D,Anti-social behaviour,,
,2011-03,Durham Constabulary,Durham Constabulary,-1.377832,54.725781,On or near Sandford Close,E01020795,County Durham 043D,Anti-social behaviour,,
,2011-03,Durham Constabulary,Durham Constabulary,-1.377832,54.725781,On or near Sandford Close,E01020795,County Durham 043D,Anti-social behaviour,,
,2011-03,Durham Constabulary,Durham Constabulary,-1.378798,54.726586,On or near Chillerton Way,E01020795,County Durham 043D,Anti-social behaviour,,
,2011-03,Durham Constabulary,Durham Constabulary,-1.378798,54.726586,On or near Chillerton Way,E01020795,County Durham 043D,Anti-social behaviour,,
,2011-03,Durham Constabulary,Durham Constabulary,-1.377832,54.725781,On or near Sandford Close,E01020795,County Durham 043D,Anti-social behaviour,,
,2011-03,Durham Constabulary,Durham Constabulary,-1.378798,54.726586,On or near Chillerton Way,E01020795,County Durham 043D,Burglary,,
,2011-03,Durham Constabulary,Durham Constabulary,-1.368833,54.719372,On or near Beachdale Close,E01020795,County Durham 043D,Burglary,,
,2011-03,Durham Constabulary,Durham Constabulary,-1.371227,54.721191,On or near Front Street,E01020795,County Durham 043D,Burglary,,
,2011-03,Durham Constabulary,Durham Constabulary,-1.369657,54.719313,On or near Milbank Terrace,E01020795,County Durham 043D,Vehicle crime,,
,2011-03,Durham Constabulary,Durham Constabulary,-1.367227,54.719858,On or near Brackendale Court,E01020795,County Durham 043D,Vehicle crime,,
,2011-03,Durham Constabulary,Durham Constabulary,-1.372122,54.723550,On or near Rodridge Park,E01020795,County Durham 043D,Vehicle crime,,
,2011-03,Durham Constabulary,Durham Constabulary,-1.369875,54.718281,On or near Newholme Estate,E01020795,County Durham 043D,Vehicle crime,,
,2011-03,Durham Constabulary,Durham Constabulary,-1.377832,54.725781,On or near Sandford Close,E01020795,County Durham 043D,Violent crime,,
,2011-03,Durham Constabulary,Durham Constabulary,-1.367227,54.719858,On or near Brackendale Court,E01020795,County Durham 043D,Other crime,,
,2011-03,Durham Constabulary,Durham Constabulary,-1.371227,54.721191,On or near Front Street,E01020795,County Durham 043D,Other crime,,
,2011-03,Durham Constabulary,Durham Constabulary,-1.368833,54.719372,On or near Beachdale Close,E01020795,County Durham 043D,Other crime,,
,2011-03,Durham Constabulary,Durham Constabulary,-1.517383,54.726075,On or near Park Avenue,E01020695,County Durham 044A,Anti-social behaviour,,
,2011-03,Durham Constabulary,Durham Constabulary,-1.467316,54.737395,On or near Luke Avenue,E01020695,County Durham 044A,Anti-social behaviour,,
,2011-03,Durham Constabulary,Durham Constabulary,-1.517383,54.726075,On or near Park Avenue,E01020695,County Durham 044A,Anti-social behaviour,,
,2011-03,Durham Constabulary,Durham Constabulary,-1.517383,54.726075,On or near Park Avenue,E01020695,County Durham 044A,Anti-social behaviour,,
,2011-03,Durham Constabulary,Durham Constabulary,-1.467316,54.737395,On or near Luke Avenue,E01020695,County Durham 044A,Anti-social behaviour,,
,2011-03,Durham Constabulary,Durham Constabulary,-1.517383,54.726075,On or near Park Avenue,E01020695,County Durham 044A,Anti-social behaviour,,
,2011-03,Durham Constabulary,Durham Constabulary,-1.517383,54.726075,On or near Park Avenue,E01020695,County Durham 044A,Anti-social behaviour,,
,2011-03,Durham Constabulary,Durham Constabulary,-1.467316,54.737395,On or near Luke Avenue,E01020695,County Durham 044A,Anti-social behaviour,,
,2011-03,Durham Constabulary,Durham Constabulary,-1.517383,54.726075,On or near Park Avenue,E01020695,County Durham 044A,Anti-social behaviour,,
,2011-03,Durham Constabulary,Durham Constabulary,-1.517383,54.726075,On or near Park Avenue,E01020695,County Durham 044A,Anti-social behaviour,,
,2011-03,Durham Constabulary,Durham Constabulary,-1.520421,54.739720,On or near Jones Court,E01020695,County Durham 044A,Anti-social behaviour,,
,2011-03,Durham Constabulary,Durham Constabulary,-1.517383,54.726075,On or near Park Avenue,E01020695,County Durham 044A,Anti-social behaviour,,
,2011-03,Durham Constabulary,Durham Constabulary,-1.517383,54.726075,On or near Park Avenue,E01020695,County Durham 044A,Anti-social behaviour,,
,2011-03,Durham Constabulary,Durham Constabulary,-1.461948,54.740508,On or near Dene View,E01020695,County Durham 044A,Anti-social behaviour,,
,2011-03,Durham Constabulary,Durham Constabulary,-1.517383,54.726075,On or near Park Avenue,E01020695,County Durham 044A,Anti-social behaviour,,
,2011-03,Durham Constabulary,Durham Constabulary,-1.467316,54.737395,On or near Luke Avenue,E01020695,County Durham 044A,Burglary,,
,2011-03,Durham Constabulary,Durham Constabulary,-1.517383,54.726075,On or near Park Avenue,E01020695,County Durham 044A,Other crime,,
,2011-03,Durham Constabulary,Durham Constabulary,-1.505322,54.711800,On or near Ashbourne Drive,E01020698,County Durham 044B,Anti-social behaviour,,
,2011-03,Durham Constabulary,Durham Constabulary,-1.503350,54.713122,On or near Applegarth,E01020698,County Durham 044B,Anti-social behaviour,,
,2011-03,Durham Constabulary,Durham Constabulary,-1.507552,54.712205,On or near School Avenue,E01020698,County Durham 044B,Anti-social behaviour,,
,2011-03,Durham Constabulary,Durham Constabulary,-1.507552,54.712205,On or near School Avenue,E01020698,County Durham 044B,Anti-social behaviour,,
,2011-03,Durham Constabulary,Durham Constabulary,-1.501828,54.711957,On or near Oakwood,E01020698,County Durham 044B,Anti-social behaviour,,
,2011-03,Durham Constabulary,Durham Constabulary,-1.507552,54.712205,On or near School Avenue,E01020698,County Durham 044B,Anti-social behaviour,,
,2011-03,Durham Constabulary,Durham Constabulary,-1.507552,54.712205,On or near School Avenue,E01020698,County Durham 044B,Anti-social behaviour,,
,2011-03,Durham Constabulary,Durham Constabulary,-1.498285,54.711008,On or near Belgrave Court,E01020698,County Durham 044B,Burglary,,
,2011-03,Durham Constabulary,Durham Constabulary,-1.503350,54.713122,On or near Applegarth,E01020698,County Durham 044B,Other crime,,
,2011-03,Durham Constabulary,Durham Constabulary,-1.499408,54.714328,On or near Green Crescent,E01020699,County Durham 044C,Anti-social behaviour,,
,2011-03,Durham Constabulary,Durham Constabulary,-1.498100,54.714655,On or near Grange Crescent,E01020699,County Durham 044C,Anti-social behaviour,,
,2011-03,Durham Constabulary,Durham Constabulary,-1.498100,54.714655,On or near Grange Crescent,E01020699,County Durham 044C,Anti-social behaviour,,
,2011-03,Durham Constabulary,Durham Constabulary,-1.498994,54.712628,On or near The Grove,E01020699,County Durham 044C,Anti-social behaviour,,
,2011-03,Durham Constabulary,Durham Constabulary,-1.499408,54.714328,On or near Green Crescent,E01020699,County Durham 044C,Anti-social behaviour,,
,2011-03,Durham Constabulary,Durham Constabulary,-1.499408,54.714328,On or near Green Crescent,E01020699,County Durham 044C,Anti-social behaviour,,
,2011-03,Durham Constabulary,Durham Constabulary,-1.498994,54.712628,On or near The Grove,E01020699,County Durham 044C,Anti-social behaviour,,
,2011-03,Durham Constabulary,Durham Constabulary,-1.480509,54.728385,On or near Malcolm Avenue,E01020699,County Durham 044C,Anti-social behaviour,,
,2011-03,Durham Constabulary,Durham Constabulary,-1.498994,54.712628,On or near The Grove,E01020699,County Durham 044C,Anti-social behaviour,,
,2011-03,Durham Constabulary,Durham Constabulary,-1.480149,54.718831,On or near Tate Avenue,E01020699,County Durham 044C,Burglary,,
,2011-03,Durham Constabulary,Durham Constabulary,-1.473326,54.723079,On or near School Avenue,E01020700,County Durham 044D,Anti-social behaviour,,
,2011-03,Durham Constabulary,Durham Constabulary,-1.470953,54.722871,On or near Morley Crescent,E01020700,County Durham 044D,Anti-social behaviour,,
,2011-03,Durham Constabulary,Durham Constabulary,-1.478430,54.719749,On or near Woodland Crescent,E01020700,County Durham 044D,Anti-social behaviour,,
,2011-03,Durham Constabulary,Durham Constabulary,-1.470953,54.722871,On or near Morley Crescent,E01020700,County Durham 044D,Anti-social behaviour,,
,2011-03,Durham Constabulary,Durham Constabulary,-1.473484,54.722900,On or near Mary Crescent,E01020700,County Durham 044D,Anti-social behaviour,,
,2011-03,Durham Constabulary,Durham Constabulary,-1.476412,54.729374,On or near David Terrace,E01020700,County Durham 044D,Anti-social behaviour,,
,2011-03,Durham Constabulary,Durham Constabulary,-1.474449,54.723839,On or near Ann Avenue,E01020700,County Durham 044D,Burglary,,
,2011-03,Durham Constabulary,Durham Constabulary,-1.476412,54.729374,On or near David Terrace,E01020700,County Durham 044D,Other crime,,
,2011-03,Durham Constabulary,Durham Constabulary,-1.470953,54.722871,On or near Morley Crescent,E01020700,County Durham 044D,Other crime,,
,2011-03,Durham Constabulary,Durham Constabulary,-1.470953,54.722871,On or near Morley Crescent,E01020700,County Durham 044D,Other crime,,
,2011-03,Durham Constabulary,Durham Constabulary,-1.470953,54.722871,On or near Morley Crescent,E01020700,County Durham 044D,Other crime,,
,2011-03,Durham Constabulary,Durham Constabulary,-1.478430,54.719749,On or near Woodland Crescent,E01020700,County Durham 044D,Other crime,,
,2011-03,Durham Constabulary,Durham Constabulary,-1.502789,54.717137,On or near Petterson Dale,E01020701,County Durham 044E,Anti-social behaviour,,
,2011-03,Durham Constabulary,Durham Constabulary,-1.502789,54.717137,On or near Petterson Dale,E01020701,County Durham 044E,Anti-social behaviour,,
,2011-03,Durham Constabulary,Durham Constabulary,-1.508546,54.721187,On or near Bower Court,E01020701,County Durham 044E,Anti-social behaviour,,
,2011-03,Durham Constabulary,Durham Constabulary,-1.499252,54.715658,On or near The Avenue,E01020701,County Durham 044E,Anti-social behaviour,,
,2011-03,Durham Constabulary,Durham Constabulary,-1.502789,54.717137,On or near Petterson Dale,E01020701,County Durham 044E,Anti-social behaviour,,
,2011-03,Durham Constabulary,Durham Constabulary,-1.502789,54.717137,On or near Petterson Dale,E01020701,County Durham 044E,Anti-social behaviour,,
,2011-03,Durham Constabulary,Durham Constabulary,-1.502789,54.717137,On or near Petterson Dale,E01020701,County Durham 044E,Anti-social behaviour,,
,2011-03,Durham Constabulary,Durham Constabulary,-1.502789,54.717137,On or near Petterson Dale,E01020701,County Durham 044E,Anti-social behaviour,,
,2011-03,Durham Constabulary,Durham Constabulary,-1.502789,54.717137,On or near Petterson Dale,E01020701,County Durham 044E,Anti-social behaviour,,
,2011-03,Durham Constabulary,Durham Constabulary,-1.504594,54.718025,On or near Browns Close,E01020701,County Durham 044E,Burglary,,
,2011-03,Durham Constabulary,Durham Constabulary,-1.499252,54.715658,On or near The Avenue,E01020701,County Durham 044E,Burglary,,
,2011-03,Durham Constabulary,Durham Constabulary,-1.502789,54.717137,On or near Petterson Dale,E01020701,County Durham 044E,Burglary,,
,2011-03,Durham Constabulary,Durham Constabulary,-1.502789,54.717137,On or near Petterson Dale,E01020701,County Durham 044E,Other crime,,
,2011-03,Durham Constabulary,Durham Constabulary,-1.502789,54.717137,On or near Petterson Dale,E01020701,County Durham 044E,Other crime,,
,2011-03,Durham Constabulary,Durham Constabulary,-1.508546,54.721187,On or near Bower Court,E01020701,County Durham 044E,Other crime,,
,2011-03,Durham Constabulary,Durham Constabulary,-1.502789,54.717137,On or near Petterson Dale,E01020701,County Durham 044E,Other crime,,
,2011-03,Durham Constabulary,Durham Constabulary,-1.504594,54.718025,On or near Browns Close,E01020701,County Durham 044E,Other crime,,
,2011-03,Durham Constabulary,Durham Constabulary,-1.754189,54.719758,On or near Bank Foot Grove,E01020876,County Durham 045A,Anti-social behaviour,,
,2011-03,Durham Constabulary,Durham Constabulary,-1.753349,54.719981,On or near Swingfield Close,E01020876,County Durham 045A,Anti-social behaviour,,
,2011-03,Durham Constabulary,Durham Constabulary,-1.759254,54.726877,On or near Oak Gardens,E01020876,County Durham 045A,Anti-social behaviour,,
,2011-03,Durham Constabulary,Durham Constabulary,-1.750901,54.719140,On or near High Hope Street,E01020876,County Durham 045A,Anti-social behaviour,,
,2011-03,Durham Constabulary,Durham Constabulary,-1.757693,54.728186,On or near Chestnut Grove,E01020876,County Durham 045A,Anti-social behaviour,,
,2011-03,Durham Constabulary,Durham Constabulary,-1.759254,54.726877,On or near Oak Gardens,E01020876,County Durham 045A,Anti-social behaviour,,
,2011-03,Durham Constabulary,Durham Constabulary,-1.751346,54.720013,On or near Milton Street,E01020876,County Durham 045A,Anti-social behaviour,,
,2011-03,Durham Constabulary,Durham Constabulary,-1.758296,54.728699,On or near Poplar Terrace,E01020876,County Durham 045A,Anti-social behaviour,,
,2011-03,Durham Constabulary,Durham Constabulary,-1.751346,54.720013,On or near Milton Street,E01020876,County Durham 045A,Anti-social behaviour,,
,2011-03,Durham Constabulary,Durham Constabulary,-1.757693,54.728186,On or near Chestnut Grove,E01020876,County Durham 045A,Anti-social behaviour,,
,2011-03,Durham Constabulary,Durham Constabulary,-1.759261,54.717791,On or near Larchfield Gardens,E01020876,County Durham 045A,Anti-social behaviour,,
,2011-03,Durham Constabulary,Durham Constabulary,-1.759254,54.726877,On or near Oak Gardens,E01020876,County Durham 045A,Burglary,,
,2011-03,Durham Constabulary,Durham Constabulary,-1.753349,54.719981,On or near Swingfield Close,E01020876,County Durham 045A,Other crime,,
,2011-03,Durham Constabulary,Durham Constabulary,-1.750259,54.717468,On or near St. Marys Avenue,E01020876,County Durham 045A,Other crime,,
,2011-03,Durham Constabulary,Durham Constabulary,-1.749116,54.719056,On or near Percy Street,E01020876,County Durham 045A,Other crime,,
,2011-03,Durham Constabulary,Durham Constabulary,-1.759254,54.726877,On or near Oak Gardens,E01020876,County Durham 045A,Other crime,,
,2011-03,Durham Constabulary,Durham Constabulary,-1.751346,54.720013,On or near Milton Street,E01020876,County Durham 045A,Other crime,,
,2011-03,Durham Constabulary,Durham Constabulary,-1.759254,54.726877,On or near Oak Gardens,E01020876,County Durham 045A,Other crime,,
,2011-03,Durham Constabulary,Durham Constabulary,-1.759254,54.726877,On or near Oak Gardens,E01020876,County Durham 045A,Other crime,,
,2011-03,Durham Constabulary,Durham Constabulary,-1.759254,54.726877,On or near Oak Gardens,E01020876,County Durham 045A,Other crime,,
,2011-03,Durham Constabulary,Durham Constabulary,-1.754189,54.719758,On or near Bank Foot Grove,E01020876,County Durham 045A,Other crime,,
,2011-03,Durham Constabulary,Durham Constabulary,-1.759261,54.717791,On or near Larchfield Gardens,E01020876,County Durham 045A,Other crime,,
,2011-03,Durham Constabulary,Durham Constabulary,-1.750901,54.719140,On or near High Hope Street,E01020876,County Durham 045A,Other crime,,
,2011-03,Durham Constabulary,Durham Constabulary,-1.752728,54.714947,On or near Millfield Grove,E01020878,County Durham 045B,Anti-social behaviour,,
,2011-03,Durham Constabulary,Durham Constabulary,-1.750765,54.713479,On or near West Road,E01020878,County Durham 045B,Anti-social behaviour,,
,2011-03,Durham Constabulary,Durham Constabulary,-1.756684,54.715207,On or near Laurel Gardens,E01020878,County Durham 045B,Anti-social behaviour,,
,2011-03,Durham Constabulary,Durham Constabulary,-1.757523,54.715029,On or near Lilac Gardens,E01020878,County Durham 045B,Anti-social behaviour,,
,2011-03,Durham Constabulary,Durham Constabulary,-1.754534,54.713900,On or near West End Villas,E01020878,County Durham 045B,Anti-social behaviour,,
,2011-03,Durham Constabulary,Durham Constabulary,-1.754315,54.711688,On or near Snowball Close,E01020878,County Durham 045B,Anti-social behaviour,,
,2011-03,Durham Constabulary,Durham Constabulary,-1.754534,54.713900,On or near West End Villas,E01020878,County Durham 045B,Anti-social behaviour,,
,2011-03,Durham Constabulary,Durham Constabulary,-1.754534,54.713900,On or near West End Villas,E01020878,County Durham 045B,Anti-social behaviour,,
,2011-03,Durham Constabulary,Durham Constabulary,-1.752728,54.714947,On or near Millfield Grove,E01020878,County Durham 045B,Anti-social behaviour,,
,2011-03,Durham Constabulary,Durham Constabulary,-1.753976,54.716352,On or near Maple Crescent,E01020878,County Durham 045B,Anti-social behaviour,,
,2011-03,Durham Constabulary,Durham Constabulary,-1.754315,54.711688,On or near Snowball Close,E01020878,County Durham 045B,Anti-social behaviour,,
,2011-03,Durham Constabulary,Durham Constabulary,-1.756684,54.715207,On or near Laurel Gardens,E01020878,County Durham 045B,Anti-social behaviour,,
,2011-03,Durham Constabulary,Durham Constabulary,-1.755743,54.716796,On or near Roseberry Crescent,E01020878,County Durham 045B,Anti-social behaviour,,
,2011-03,Durham Constabulary,Durham Constabulary,-1.753976,54.716352,On or near Maple Crescent,E01020878,County Durham 045B,Violent crime,,
,2011-03,Durham Constabulary,Durham Constabulary,-1.753976,54.716352,On or near Maple Crescent,E01020878,County Durham 045B,Other crime,,
,2011-03,Durham Constabulary,Durham Constabulary,-1.752273,54.715620,On or near Lishman Avenue,E01020878,County Durham 045B,Other crime,,
,2011-03,Durham Constabulary,Durham Constabulary,-1.752273,54.715620,On or near Lishman Avenue,E01020878,County Durham 045B,Other crime,,
,2011-03,Durham Constabulary,Durham Constabulary,-1.750765,54.713479,On or near West Road,E01020878,County Durham 045B,Other crime,,
,2011-03,Durham Constabulary,Durham Constabulary,-1.756972,54.713797,On or near Briar Gardens,E01020878,County Durham 045B,Other crime,,
,2011-03,Durham Constabulary,Durham Constabulary,-1.752273,54.715620,On or near Lishman Avenue,E01020878,County Durham 045B,Other crime,,
,2011-03,Durham Constabulary,Durham Constabulary,-1.748578,54.695707,On or near High Street,E01020887,County Durham 045C,Anti-social behaviour,,
,2011-03,Durham Constabulary,Durham Constabulary,-1.785478,54.706526,On or near Priorswood,E01020887,County Durham 045C,Anti-social behaviour,,
,2011-03,Durham Constabulary,Durham Constabulary,-1.747856,54.694484,On or near Bridge Street,E01020887,County Durham 045C,Anti-social behaviour,,
,2011-03,Durham Constabulary,Durham Constabulary,-1.751343,54.695057,On or near School Street,E01020887,County Durham 045C,Anti-social behaviour,,
,2011-03,Durham Constabulary,Durham Constabulary,-1.747856,54.694484,On or near Bridge Street,E01020887,County Durham 045C,Anti-social behaviour,,
,2011-03,Durham Constabulary,Durham Constabulary,-1.748578,54.695707,On or near High Street,E01020887,County Durham 045C,Anti-social behaviour,,
,2011-03,Durham Constabulary,Durham Constabulary,-1.747856,54.694484,On or near Bridge Street,E01020887,County Durham 045C,Anti-social behaviour,,
,2011-03,Durham Constabulary,Durham Constabulary,-1.747856,54.694484,On or near Bridge Street,E01020887,County Durham 045C,Anti-social behaviour,,
,2011-03,Durham Constabulary,Durham Constabulary,-1.747856,54.694484,On or near Bridge Street,E01020887,County Durham 045C,Anti-social behaviour,,
,2011-03,Durham Constabulary,Durham Constabulary,-1.751343,54.695057,On or near School Street,E01020887,County Durham 045C,Anti-social behaviour,,
,2011-03,Durham Constabulary,Durham Constabulary,-1.747856,54.694484,On or near Bridge Street,E01020887,County Durham 045C,Anti-social behaviour,,
,2011-03,Durham Constabulary,Durham Constabulary,-1.748578,54.695707,On or near High Street,E01020887,County Durham 045C,Anti-social behaviour,,
,2011-03,Durham Constabulary,Durham Constabulary,-1.747856,54.694484,On or near Bridge Street,E01020887,County Durham 045C,Anti-social behaviour,,
,2011-03,Durham Constabulary,Durham Constabulary,-1.747856,54.694484,On or near Bridge Street,E01020887,County Durham 045C,Anti-social behaviour,,
,2011-03,Durham Constabulary,Durham Constabulary,-1.751343,54.695057,On or near School Street,E01020887,County Durham 045C,Anti-social behaviour,,
,2011-03,Durham Constabulary,Durham Constabulary,-1.748578,54.695707,On or near High Street,E01020887,County Durham 045C,Anti-social behaviour,,
,2011-03,Durham Constabulary,Durham Constabulary,-1.747304,54.705887,On or near Inglenook Close,E01020887,County Durham 045C,Anti-social behaviour,,
,2011-03,Durham Constabulary,Durham Constabulary,-1.748578,54.695707,On or near High Street,E01020887,County Durham 045C,Anti-social behaviour,,
,2011-03,Durham Constabulary,Durham Constabulary,-1.747856,54.694484,On or near Bridge Street,E01020887,County Durham 045C,Anti-social behaviour,,
,2011-03,Durham Constabulary,Durham Constabulary,-1.747856,54.694484,On or near Bridge Street,E01020887,County Durham 045C,Anti-social behaviour,,
,2011-03,Durham Constabulary,Durham Constabulary,-1.747856,54.694484,On or near Bridge Street,E01020887,County Durham 045C,Anti-social behaviour,,
,2011-03,Durham Constabulary,Durham Constabulary,-1.755176,54.695065,On or near Fir Tree Drive,E01020887,County Durham 045C,Anti-social behaviour,,
,2011-03,Durham Constabulary,Durham Constabulary,-1.785478,54.706526,On or near Priorswood,E01020887,County Durham 045C,Burglary,,
,2011-03,Durham Constabulary,Durham Constabulary,-1.748578,54.695707,On or near High Street,E01020887,County Durham 045C,Violent crime,,
,2011-03,Durham Constabulary,Durham Constabulary,-1.751343,54.695057,On or near School Street,E01020887,County Durham 045C,Other crime,,
,2011-03,Durham Constabulary,Durham Constabulary,-1.814265,54.744066,On or near High Street,E01020892,County Durham 045D,Anti-social behaviour,,
,2011-03,Durham Constabulary,Durham Constabulary,-1.813417,54.742743,On or near St. Albans Street,E01020892,County Durham 045D,Anti-social behaviour,,
,2011-03,Durham Constabulary,Durham Constabulary,-1.814265,54.744066,On or near High Street,E01020892,County Durham 045D,Anti-social behaviour,,
,2011-03,Durham Constabulary,Durham Constabulary,-1.813417,54.742743,On or near St. Albans Street,E01020892,County Durham 045D,Anti-social behaviour,,
,2011-03,Durham Constabulary,Durham Constabulary,-1.813417,54.742743,On or near St. Albans Street,E01020892,County Durham 045D,Anti-social behaviour,,
,2011-03,Durham Constabulary,Durham Constabulary,-1.813484,54.745062,On or near Railway Street,E01020892,County Durham 045D,Anti-social behaviour,,
,2011-03,Durham Constabulary,Durham Constabulary,-1.818498,54.749338,On or near Dans Castle,E01020892,County Durham 045D,Anti-social behaviour,,
,2011-03,Durham Constabulary,Durham Constabulary,-1.814265,54.744066,On or near High Street,E01020892,County Durham 045D,Burglary,,
,2011-03,Durham Constabulary,Durham Constabulary,-1.814265,54.744066,On or near High Street,E01020892,County Durham 045D,Vehicle crime,,
,2011-03,Durham Constabulary,Durham Constabulary,-1.813484,54.745062,On or near Railway Street,E01020892,County Durham 045D,Violent crime,,
,2011-03,Durham Constabulary,Durham Constabulary,-1.820882,54.751103,On or near Pennine View,E01020892,County Durham 045D,Other crime,,
,2011-03,Durham Constabulary,Durham Constabulary,-1.814265,54.744066,On or near High Street,E01020892,County Durham 045D,Other crime,,
,2011-03,Durham Constabulary,Durham Constabulary,-1.813417,54.742743,On or near St. Albans Street,E01020892,County Durham 045D,Other crime,,
,2011-03,Durham Constabulary,Durham Constabulary,-1.814265,54.744066,On or near High Street,E01020892,County Durham 045D,Other crime,,
,2011-03,Durham Constabulary,Durham Constabulary,-1.820882,54.751103,On or near Pennine View,E01020892,County Durham 045D,Other crime,,
,2011-03,Durham Constabulary,Durham Constabulary,-1.813484,54.745062,On or near Railway Street,E01020892,County Durham 045D,Other crime,,
,2011-03,Durham Constabulary,Durham Constabulary,-1.813417,54.742743,On or near St. Albans Street,E01020892,County Durham 045D,Other crime,,
,2011-03,Durham Constabulary,Durham Constabulary,-1.813484,54.745062,On or near Railway Street,E01020892,County Durham 045D,Other crime,,
,2011-03,Durham Constabulary,Durham Constabulary,-1.815633,54.747240,On or near Grove Road,E01020894,County Durham 045E,Anti-social behaviour,,
,2011-03,Durham Constabulary,Durham Constabulary,-1.812576,54.746660,On or near Highfields,E01020894,County Durham 045E,Anti-social behaviour,,
,2011-03,Durham Constabulary,Durham Constabulary,-1.812895,54.744648,On or near Station Street,E01020894,County Durham 045E,Anti-social behaviour,,
,2011-03,Durham Constabulary,Durham Constabulary,-1.812895,54.744648,On or near Station Street,E01020894,County Durham 045E,Anti-social behaviour,,
,2011-03,Durham Constabulary,Durham Constabulary,-1.810549,54.741589,On or near Bridge Street,E01020894,County Durham 045E,Anti-social behaviour,,
,2011-03,Durham Constabulary,Durham Constabulary,-1.810549,54.741589,On or near Bridge Street,E01020894,County Durham 045E,Burglary,,
,2011-03,Durham Constabulary,Durham Constabulary,-1.815633,54.747240,On or near Grove Road,E01020894,County Durham 045E,Burglary,,
,2011-03,Durham Constabulary,Durham Constabulary,-1.810549,54.741589,On or near Bridge Street,E01020894,County Durham 045E,Vehicle crime,,
,2011-03,Durham Constabulary,Durham Constabulary,-1.810549,54.741589,On or near Bridge Street,E01020894,County Durham 045E,Other crime,,
,2011-03,Durham Constabulary,Durham Constabulary,-1.810549,54.741589,On or near Bridge Street,E01020894,County Durham 045E,Other crime,,
,2011-03,Durham Constabulary,Durham Constabulary,-1.740434,54.707607,On or near Blencathra Crescent,E01020898,County Durham 045F,Anti-social behaviour,,
,2011-03,Durham Constabulary,Durham Constabulary,-1.739275,54.711684,On or near Grasmere Grove,E01020898,County Durham 045F,Anti-social behaviour,,
,2011-03,Durham Constabulary,Durham Constabulary,-1.740846,54.711094,On or near Coniston Crescent,E01020898,County Durham 045F,Anti-social behaviour,,
,2011-03,Durham Constabulary,Durham Constabulary,-1.739275,54.711684,On or near Grasmere Grove,E01020898,County Durham 045F,Anti-social behaviour,,
,2011-03,Durham Constabulary,Durham Constabulary,-1.738128,54.711385,On or near Ennerdale Drive,E01020898,County Durham 045F,Anti-social behaviour,,
,2011-03,Durham Constabulary,Durham Constabulary,-1.739275,54.711684,On or near Grasmere Grove,E01020898,County Durham 045F,Anti-social behaviour,,
,2011-03,Durham Constabulary,Durham Constabulary,-1.739275,54.711684,On or near Grasmere Grove,E01020898,County Durham 045F,Anti-social behaviour,,
,2011-03,Durham Constabulary,Durham Constabulary,-1.739275,54.711684,On or near Grasmere Grove,E01020898,County Durham 045F,Anti-social behaviour,,
,2011-03,Durham Constabulary,Durham Constabulary,-1.739275,54.711684,On or near Grasmere Grove,E01020898,County Durham 045F,Anti-social behaviour,,
,2011-03,Durham Constabulary,Durham Constabulary,-1.741742,54.709416,On or near Ullswater Crescent,E01020898,County Durham 045F,Anti-social behaviour,,
,2011-03,Durham Constabulary,Durham Constabulary,-1.739275,54.711684,On or near Grasmere Grove,E01020898,County Durham 045F,Anti-social behaviour,,
,2011-03,Durham Constabulary,Durham Constabulary,-1.739275,54.711684,On or near Grasmere Grove,E01020898,County Durham 045F,Anti-social behaviour,,
,2011-03,Durham Constabulary,Durham Constabulary,-1.740434,54.707607,On or near Blencathra Crescent,E01020898,County Durham 045F,Anti-social behaviour,,
,2011-03,Durham Constabulary,Durham Constabulary,-1.740846,54.711094,On or near Coniston Crescent,E01020898,County Durham 045F,Anti-social behaviour,,
,2011-03,Durham Constabulary,Durham Constabulary,-1.741742,54.709416,On or near Ullswater Crescent,E01020898,County Durham 045F,Anti-social behaviour,,
,2011-03,Durham Constabulary,Durham Constabulary,-1.736771,54.710079,On or near Rydal Drive,E01020898,County Durham 045F,Anti-social behaviour,,
,2011-03,Durham Constabulary,Durham Constabulary,-1.740434,54.707607,On or near Blencathra Crescent,E01020898,County Durham 045F,Burglary,,
,2011-03,Durham Constabulary,Durham Constabulary,-1.741742,54.709416,On or near Ullswater Crescent,E01020898,County Durham 045F,Burglary,,
,2011-03,Durham Constabulary,Durham Constabulary,-1.740846,54.711094,On or near Coniston Crescent,E01020898,County Durham 045F,Other crime,,
,2011-03,Durham Constabulary,Durham Constabulary,-1.741742,54.709416,On or near Ullswater Crescent,E01020898,County Durham 045F,Other crime,,
,2011-03,Durham Constabulary,Durham Constabulary,-1.746169,54.716300,On or near Albert Street,E01020877,County Durham 046A,Anti-social behaviour,,
,2011-03,Durham Constabulary,Durham Constabulary,-1.748317,54.715298,On or near Nelson Street,E01020877,County Durham 046A,Anti-social behaviour,,
,2011-03,Durham Constabulary,Durham Constabulary,-1.748196,54.714722,On or near Moravian Street,E01020877,County Durham 046A,Anti-social behaviour,,
,2011-03,Durham Constabulary,Durham Constabulary,-1.745421,54.714276,On or near South Street,E01020877,County Durham 046A,Anti-social behaviour,,
,2011-03,Durham Constabulary,Durham Constabulary,-1.746113,54.717782,On or near Milburn Street,E01020877,County Durham 046A,Anti-social behaviour,,
,2011-03,Durham Constabulary,Durham Constabulary,-1.746113,54.717782,On or near Milburn Street,E01020877,County Durham 046A,Anti-social behaviour,,
,2011-03,Durham Constabulary,Durham Constabulary,-1.746169,54.716300,On or near Albert Street,E01020877,County Durham 046A,Anti-social behaviour,,
,2011-03,Durham Constabulary,Durham Constabulary,-1.744395,54.714517,On or near Emmerson Street,E01020877,County Durham 046A,Anti-social behaviour,,
,2011-03,Durham Constabulary,Durham Constabulary,-1.744240,54.716826,On or near Arthur Street,E01020877,County Durham 046A,Anti-social behaviour,,
,2011-03,Durham Constabulary,Durham Constabulary,-1.744598,54.714221,On or near Bell Street,E01020877,County Durham 046A,Anti-social behaviour,,
,2011-03,Durham Constabulary,Durham Constabulary,-1.745449,54.707204,On or near Hollowdene Garth,E01020877,County Durham 046A,Anti-social behaviour,,
,2011-03,Durham Constabulary,Durham Constabulary,-1.746169,54.716300,On or near Albert Street,E01020877,County Durham 046A,Anti-social behaviour,,
,2011-03,Durham Constabulary,Durham Constabulary,-1.746169,54.716300,On or near Albert Street,E01020877,County Durham 046A,Anti-social behaviour,,
,2011-03,Durham Constabulary,Durham Constabulary,-1.744395,54.714517,On or near Emmerson Street,E01020877,County Durham 046A,Anti-social behaviour,,
,2011-03,Durham Constabulary,Durham Constabulary,-1.745421,54.714276,On or near South Street,E01020877,County Durham 046A,Anti-social behaviour,,
,2011-03,Durham Constabulary,Durham Constabulary,-1.743870,54.714093,On or near Dawson Street,E01020877,County Durham 046A,Anti-social behaviour,,
,2011-03,Durham Constabulary,Durham Constabulary,-1.747856,54.714524,On or near Commercial Street,E01020877,County Durham 046A,Anti-social behaviour,,
,2011-03,Durham Constabulary,Durham Constabulary,-1.746113,54.717782,On or near Milburn Street,E01020877,County Durham 046A,Anti-social behaviour,,
,2011-03,Durham Constabulary,Durham Constabulary,-1.747131,54.716293,On or near Hope Street,E01020877,County Durham 046A,Anti-social behaviour,,
,2011-03,Durham Constabulary,Durham Constabulary,-1.747856,54.714524,On or near Commercial Street,E01020877,County Durham 046A,Anti-social behaviour,,
,2011-03,Durham Constabulary,Durham Constabulary,-1.746169,54.716300,On or near Albert Street,E01020877,County Durham 046A,Anti-social behaviour,,
,2011-03,Durham Constabulary,Durham Constabulary,-1.746113,54.717782,On or near Milburn Street,E01020877,County Durham 046A,Anti-social behaviour,,
,2011-03,Durham Constabulary,Durham Constabulary,-1.748196,54.714722,On or near Moravian Street,E01020877,County Durham 046A,Anti-social behaviour,,
,2011-03,Durham Constabulary,Durham Constabulary,-1.746169,54.716300,On or near Albert Street,E01020877,County Durham 046A,Anti-social behaviour,,
,2011-03,Durham Constabulary,Durham Constabulary,-1.744699,54.715443,On or near North Terrace,E01020877,County Durham 046A,Anti-social behaviour,,
,2011-03,Durham Constabulary,Durham Constabulary,-1.748196,54.714722,On or near Moravian Street,E01020877,County Durham 046A,Burglary,,
,2011-03,Durham Constabulary,Durham Constabulary,-1.746862,54.707099,On or near Hollowdene,E01020877,County Durham 046A,Vehicle crime,,
,2011-03,Durham Constabulary,Durham Constabulary,-1.747131,54.716293,On or near Hope Street,E01020877,County Durham 046A,Violent crime,,
,2011-03,Durham Constabulary,Durham Constabulary,-1.747131,54.716293,On or near Hope Street,E01020877,County Durham 046A,Violent crime,,
,2011-03,Durham Constabulary,Durham Constabulary,-1.747131,54.716293,On or near Hope Street,E01020877,County Durham 046A,Other crime,,
,2011-03,Durham Constabulary,Durham Constabulary,-1.748196,54.714722,On or near Moravian Street,E01020877,County Durham 046A,Other crime,,
,2011-03,Durham Constabulary,Durham Constabulary,-1.747131,54.716293,On or near Hope Street,E01020877,County Durham 046A,Other crime,,
,2011-03,Durham Constabulary,Durham Constabulary,-1.746113,54.717782,On or near Milburn Street,E01020877,County Durham 046A,Other crime,,
,2011-03,Durham Constabulary,Durham Constabulary,-1.746806,54.713650,On or near Croft Street,E01020877,County Durham 046A,Other crime,,
,2011-03,Durham Constabulary,Durham Constabulary,-1.758866,54.711104,On or near Hamsterley Drive,E01020879,County Durham 046B,Anti-social behaviour,,
,2011-03,Durham Constabulary,Durham Constabulary,-1.748191,54.713087,On or near Croft Avenue,E01020879,County Durham 046B,Anti-social behaviour,,
,2011-03,Durham Constabulary,Durham Constabulary,-1.758865,54.708723,On or near Fern Valley,E01020879,County Durham 046B,Anti-social behaviour,,
,2011-03,Durham Constabulary,Durham Constabulary,-1.758865,54.708723,On or near Fern Valley,E01020879,County Durham 046B,Anti-social behaviour,,
,2011-03,Durham Constabulary,Durham Constabulary,-1.752787,54.710292,On or near Clemitson Way,E01020879,County Durham 046B,Vehicle crime,,
,2011-03,Durham Constabulary,Durham Constabulary,-1.750128,54.706018,On or near Prospect Road,E01020879,County Durham 046B,Vehicle crime,,
,2011-03,Durham Constabulary,Durham Constabulary,-1.761390,54.712107,On or near Westfield Drive,E01020879,County Durham 046B,Other crime,,
,2011-03,Durham Constabulary,Durham Constabulary,-1.748191,54.713087,On or near Croft Avenue,E01020879,County Durham 046B,Other crime,,
,2011-03,Durham Constabulary,Durham Constabulary,-1.764897,54.712320,On or near High West Road,E01020879,County Durham 046B,Other crime,,
,2011-03,Durham Constabulary,Durham Constabulary,-1.750128,54.706018,On or near Prospect Road,E01020879,County Durham 046B,Other crime,,
,2011-03,Durham Constabulary,Durham Constabulary,-1.758807,54.707932,On or near Chaucer Drive,E01020879,County Durham 046B,Other crime,,
,2011-03,Durham Constabulary,Durham Constabulary,-1.745365,54.738001,On or near Arthur Terrace,E01020893,County Durham 046C,Anti-social behaviour,,
,2011-03,Durham Constabulary,Durham Constabulary,-1.751178,54.729799,On or near Peases West,E01020893,County Durham 046C,Anti-social behaviour,,
,2011-03,Durham Constabulary,Durham Constabulary,-1.752287,54.731203,On or near Stanley Way,E01020893,County Durham 046C,Anti-social behaviour,,
,2011-03,Durham Constabulary,Durham Constabulary,-1.782005,54.740579,On or near Front Street,E01020893,County Durham 046C,Anti-social behaviour,,
,2011-03,Durham Constabulary,Durham Constabulary,-1.782005,54.740579,On or near Front Street,E01020893,County Durham 046C,Anti-social behaviour,,
,2011-03,Durham Constabulary,Durham Constabulary,-1.750850,54.730023,On or near Billy Row Green,E01020893,County Durham 046C,Anti-social behaviour,,
,2011-03,Durham Constabulary,Durham Constabulary,-1.747616,54.725766,On or near Temperance Terrace,E01020893,County Durham 046C,Anti-social behaviour,,
,2011-03,Durham Constabulary,Durham Constabulary,-1.751178,54.729799,On or near Peases West,E01020893,County Durham 046C,Anti-social behaviour,,
,2011-03,Durham Constabulary,Durham Constabulary,-1.747616,54.725766,On or near Temperance Terrace,E01020893,County Durham 046C,Anti-social behaviour,,
,2011-03,Durham Constabulary,Durham Constabulary,-1.750850,54.730023,On or near Billy Row Green,E01020893,County Durham 046C,Anti-social behaviour,,
,2011-03,Durham Constabulary,Durham Constabulary,-1.745365,54.738001,On or near Arthur Terrace,E01020893,County Durham 046C,Anti-social behaviour,,
,2011-03,Durham Constabulary,Durham Constabulary,-1.752287,54.731203,On or near Stanley Way,E01020893,County Durham 046C,Anti-social behaviour,,
,2011-03,Durham Constabulary,Durham Constabulary,-1.751178,54.729799,On or near Peases West,E01020893,County Durham 046C,Anti-social behaviour,,
,2011-03,Durham Constabulary,Durham Constabulary,-1.749384,54.733624,On or near Well Bank,E01020893,County Durham 046C,Anti-social behaviour,,
,2011-03,Durham Constabulary,Durham Constabulary,-1.751178,54.729799,On or near Peases West,E01020893,County Durham 046C,Burglary,,
,2011-03,Durham Constabulary,Durham Constabulary,-1.744386,54.735662,On or near High Road,E01020893,County Durham 046C,Burglary,,
,2011-03,Durham Constabulary,Durham Constabulary,-1.743708,54.734771,On or near Wooley Meadows,E01020893,County Durham 046C,Vehicle crime,,
,2011-03,Durham Constabulary,Durham Constabulary,-1.751178,54.729799,On or near Peases West,E01020893,County Durham 046C,Violent crime,,
,2011-03,Durham Constabulary,Durham Constabulary,-1.745365,54.738001,On or near Arthur Terrace,E01020893,County Durham 046C,Other crime,,
,2011-03,Durham Constabulary,Durham Constabulary,-1.745365,54.738001,On or near Arthur Terrace,E01020893,County Durham 046C,Other crime,,
,2011-03,Durham Constabulary,Durham Constabulary,-1.782005,54.740579,On or near Front Street,E01020893,County Durham 046C,Other crime,,
,2011-03,Durham Constabulary,Durham Constabulary,-1.782005,54.740579,On or near Front Street,E01020893,County Durham 046C,Other crime,,
,2011-03,Durham Constabulary,Durham Constabulary,-1.785061,54.741259,On or near The Paddock,E01020893,County Durham 046C,Other crime,,
,2011-03,Durham Constabulary,Durham Constabulary,-1.716703,54.712352,On or near Russ Street,E01020899,County Durham 046D,Anti-social behaviour,,
,2011-03,Durham Constabulary,Durham Constabulary,-1.733027,54.710547,On or near Durham Road,E01020899,County Durham 046D,Anti-social behaviour,,
,2011-03,Durham Constabulary,Durham Constabulary,-1.716703,54.712352,On or near Russ Street,E01020899,County Durham 046D,Anti-social behaviour,,
,2011-03,Durham Constabulary,Durham Constabulary,-1.723811,54.710158,On or near Front Street,E01020899,County Durham 046D,Anti-social behaviour,,
,2011-03,Durham Constabulary,Durham Constabulary,-1.723811,54.710158,On or near Front Street,E01020899,County Durham 046D,Burglary,,
,2011-03,Durham Constabulary,Durham Constabulary,-1.723811,54.710158,On or near Front Street,E01020899,County Durham 046D,Burglary,,
,2011-03,Durham Constabulary,Durham Constabulary,-1.733230,54.710368,On or near Dale View,E01020899,County Durham 046D,Other crime,,
,2011-03,Durham Constabulary,Durham Constabulary,-1.723811,54.710158,On or near Front Street,E01020899,County Durham 046D,Other crime,,
,2011-03,Durham Constabulary,Durham Constabulary,-1.690963,54.713062,On or near Albion Place,E01020903,County Durham 046E,Anti-social behaviour,,
,2011-03,Durham Constabulary,Durham Constabulary,-1.686059,54.716860,On or near Park Street,E01020903,County Durham 046E,Anti-social behaviour,,
,2011-03,Durham Constabulary,Durham Constabulary,-1.686671,54.724114,On or near South Acre,E01020903,County Durham 046E,Anti-social behaviour,,
,2011-03,Durham Constabulary,Durham Constabulary,-1.690347,54.712405,On or near Rosedale Terrace,E01020903,County Durham 046E,Anti-social behaviour,,
,2011-03,Durham Constabulary,Durham Constabulary,-1.690963,54.713062,On or near Albion Place,E01020903,County Durham 046E,Anti-social behaviour,,
,2011-03,Durham Constabulary,Durham Constabulary,-1.687301,54.714895,On or near Boyne Street,E01020903,County Durham 046E,Anti-social behaviour,,
,2011-03,Durham Constabulary,Durham Constabulary,-1.690963,54.713062,On or near Albion Place,E01020903,County Durham 046E,Anti-social behaviour,,
,2011-03,Durham Constabulary,Durham Constabulary,-1.687301,54.714895,On or near Boyne Street,E01020903,County Durham 046E,Anti-social behaviour,,
,2011-03,Durham Constabulary,Durham Constabulary,-1.690347,54.712405,On or near Rosedale Terrace,E01020903,County Durham 046E,Anti-social behaviour,,
,2011-03,Durham Constabulary,Durham Constabulary,-1.687301,54.714895,On or near Boyne Street,E01020903,County Durham 046E,Violent crime,,
,2011-03,Durham Constabulary,Durham Constabulary,-1.687301,54.714895,On or near Boyne Street,E01020903,County Durham 046E,Violent crime,,
,2011-03,Durham Constabulary,Durham Constabulary,-1.688129,54.726391,On or near Acorn Drive,E01020903,County Durham 046E,Violent crime,,
,2011-03,Durham Constabulary,Durham Constabulary,-1.690347,54.712405,On or near Rosedale Terrace,E01020903,County Durham 046E,Violent crime,,
,2011-03,Durham Constabulary,Durham Constabulary,-1.690347,54.712405,On or near Rosedale Terrace,E01020903,County Durham 046E,Other crime,,
,2011-03,Durham Constabulary,Durham Constabulary,-1.696752,54.708898,On or near Richardson Court,E01020904,County Durham 046F,Anti-social behaviour,,
,2011-03,Durham Constabulary,Durham Constabulary,-1.705847,54.706701,On or near Greenways,E01020904,County Durham 046F,Anti-social behaviour,,
,2011-03,Durham Constabulary,Durham Constabulary,-1.700597,54.713725,On or near West End Terrace,E01020904,County Durham 046F,Anti-social behaviour,,
,2011-03,Durham Constabulary,Durham Constabulary,-1.698667,54.712354,On or near Mill Street,E01020904,County Durham 046F,Anti-social behaviour,,
,2011-03,Durham Constabulary,Durham Constabulary,-1.696885,54.707685,On or near Lewthwaite Gardens,E01020904,County Durham 046F,Anti-social behaviour,,
,2011-03,Durham Constabulary,Durham Constabulary,-1.696712,54.712223,On or near High Street,E01020904,County Durham 046F,Anti-social behaviour,,
,2011-03,Durham Constabulary,Durham Constabulary,-1.696712,54.712223,On or near High Street,E01020904,County Durham 046F,Anti-social behaviour,,
,2011-03,Durham Constabulary,Durham Constabulary,-1.698667,54.712354,On or near Mill Street,E01020904,County Durham 046F,Anti-social behaviour,,
,2011-03,Durham Constabulary,Durham Constabulary,-1.696885,54.707685,On or near Lewthwaite Gardens,E01020904,County Durham 046F,Anti-social behaviour,,
,2011-03,Durham Constabulary,Durham Constabulary,-1.696885,54.707685,On or near Lewthwaite Gardens,E01020904,County Durham 046F,Anti-social behaviour,,
,2011-03,Durham Constabulary,Durham Constabulary,-1.696885,54.707685,On or near Lewthwaite Gardens,E01020904,County Durham 046F,Anti-social behaviour,,
,2011-03,Durham Constabulary,Durham Constabulary,-1.696752,54.708898,On or near Richardson Court,E01020904,County Durham 046F,Anti-social behaviour,,
,2011-03,Durham Constabulary,Durham Constabulary,-1.698667,54.712354,On or near Mill Street,E01020904,County Durham 046F,Anti-social behaviour,,
,2011-03,Durham Constabulary,Durham Constabulary,-1.704941,54.713915,On or near West Road,E01020904,County Durham 046F,Anti-social behaviour,,
,2011-03,Durham Constabulary,Durham Constabulary,-1.696712,54.712223,On or near High Street,E01020904,County Durham 046F,Burglary,,
,2011-03,Durham Constabulary,Durham Constabulary,-1.702746,54.714844,On or near Carville Terrace,E01020904,County Durham 046F,Burglary,,
,2011-03,Durham Constabulary,Durham Constabulary,-1.698667,54.712354,On or near Mill Street,E01020904,County Durham 046F,Vehicle crime,,
,2011-03,Durham Constabulary,Durham Constabulary,-1.696712,54.712223,On or near High Street,E01020904,County Durham 046F,Other crime,,
,2011-03,Durham Constabulary,Durham Constabulary,-1.698667,54.712354,On or near Mill Street,E01020904,County Durham 046F,Other crime,,
,2011-03,Durham Constabulary,Durham Constabulary,-1.698667,54.712354,On or near Mill Street,E01020904,County Durham 046F,Other crime,,
,2011-03,Durham Constabulary,Durham Constabulary,-1.703927,54.710417,On or near Burnington Drive,E01020904,County Durham 046F,Other crime,,
,2011-03,Durham Constabulary,Durham Constabulary,-1.698667,54.712354,On or near Mill Street,E01020904,County Durham 046F,Other crime,,
,2011-03,Durham Constabulary,Durham Constabulary,-1.698667,54.712354,On or near Mill Street,E01020904,County Durham 046F,Other crime,,
,2011-03,Durham Constabulary,Durham Constabulary,-1.696712,54.712223,On or near High Street,E01020904,County Durham 046F,Other crime,,
,2011-03,Durham Constabulary,Durham Constabulary,-1.605774,54.705635,On or near Mayfields,E01020817,County Durham 047A,Anti-social behaviour,,
,2011-03,Durham Constabulary,Durham Constabulary,-1.609811,54.710267,On or near Canterbury Close,E01020817,County Durham 047A,Anti-social behaviour,,
,2011-03,Durham Constabulary,Durham Constabulary,-1.605774,54.705635,On or near Mayfields,E01020817,County Durham 047A,Anti-social behaviour,,
,2011-03,Durham Constabulary,Durham Constabulary,-1.598539,54.709026,On or near Scargill Drive,E01020817,County Durham 047A,Anti-social behaviour,,
,2011-03,Durham Constabulary,Durham Constabulary,-1.609811,54.710267,On or near Canterbury Close,E01020817,County Durham 047A,Violent crime,,
,2011-03,Durham Constabulary,Durham Constabulary,-1.610801,54.710585,On or near Glastonbury Close,E01020817,County Durham 047A,Other crime,,
,2011-03,Durham Constabulary,Durham Constabulary,-1.605774,54.705635,On or near Mayfields,E01020817,County Durham 047A,Other crime,,
,2011-03,Durham Constabulary,Durham Constabulary,-1.596152,54.702512,On or near Bryan Street,E01020818,County Durham 047B,Anti-social behaviour,,
,2011-03,Durham Constabulary,Durham Constabulary,-1.595208,54.703821,On or near South Terrace,E01020818,County Durham 047B,Anti-social behaviour,,
,2011-03,Durham Constabulary,Durham Constabulary,-1.589364,54.704718,On or near Westmorland Close,E01020818,County Durham 047B,Anti-social behaviour,,
,2011-03,Durham Constabulary,Durham Constabulary,-1.597041,54.703593,On or near Hartley Terrace,E01020818,County Durham 047B,Anti-social behaviour,,
,2011-03,Durham Constabulary,Durham Constabulary,-1.588182,54.701883,On or near Ullswater Close,E01020818,County Durham 047B,Anti-social behaviour,,
,2011-03,Durham Constabulary,Durham Constabulary,-1.596152,54.702512,On or near Bryan Street,E01020818,County Durham 047B,Anti-social behaviour,,
,2011-03,Durham Constabulary,Durham Constabulary,-1.595208,54.703821,On or near South Terrace,E01020818,County Durham 047B,Anti-social behaviour,,
,2011-03,Durham Constabulary,Durham Constabulary,-1.595208,54.703821,On or near South Terrace,E01020818,County Durham 047B,Anti-social behaviour,,
,2011-03,Durham Constabulary,Durham Constabulary,-1.589364,54.704718,On or near Westmorland Close,E01020818,County Durham 047B,Anti-social behaviour,,
,2011-03,Durham Constabulary,Durham Constabulary,-1.597041,54.703593,On or near Hartley Terrace,E01020818,County Durham 047B,Burglary,,
,2011-03,Durham Constabulary,Durham Constabulary,-1.589364,54.704718,On or near Westmorland Close,E01020818,County Durham 047B,Other crime,,
,2011-03,Durham Constabulary,Durham Constabulary,-1.588270,54.705460,On or near North Road,E01020818,County Durham 047B,Other crime,,
,2011-03,Durham Constabulary,Durham Constabulary,-1.588270,54.705460,On or near North Road,E01020818,County Durham 047B,Other crime,,
,2011-03,Durham Constabulary,Durham Constabulary,-1.602760,54.702741,On or near Deneside,E01020819,County Durham 047C,Anti-social behaviour,,
,2011-03,Durham Constabulary,Durham Constabulary,-1.602760,54.702741,On or near Deneside,E01020819,County Durham 047C,Anti-social behaviour,,
,2011-03,Durham Constabulary,Durham Constabulary,-1.601393,54.704515,On or near Tyne Crescent,E01020819,County Durham 047C,Anti-social behaviour,,
,2011-03,Durham Constabulary,Durham Constabulary,-1.600950,54.703741,On or near Tees Crescent,E01020819,County Durham 047C,Anti-social behaviour,,
,2011-03,Durham Constabulary,Durham Constabulary,-1.601393,54.704515,On or near Tyne Crescent,E01020819,County Durham 047C,Anti-social behaviour,,
,2011-03,Durham Constabulary,Durham Constabulary,-1.602760,54.702741,On or near Deneside,E01020819,County Durham 047C,Anti-social behaviour,,
,2011-03,Durham Constabulary,Durham Constabulary,-1.601393,54.704515,On or near Tyne Crescent,E01020819,County Durham 047C,Other crime,,
,2011-03,Durham Constabulary,Durham Constabulary,-1.602760,54.702741,On or near Deneside,E01020819,County Durham 047C,Other crime,,
,2011-03,Durham Constabulary,Durham Constabulary,-1.610613,54.704303,On or near Westerdale,E01020837,County Durham 047D,Anti-social behaviour,,
,2011-03,Durham Constabulary,Durham Constabulary,-1.610743,54.706927,On or near Kentmere,E01020837,County Durham 047D,Anti-social behaviour,,
,2011-03,Durham Constabulary,Durham Constabulary,-1.611253,54.703847,On or near Rosedale,E01020837,County Durham 047D,Anti-social behaviour,,
,2011-03,Durham Constabulary,Durham Constabulary,-1.610743,54.706927,On or near Kentmere,E01020837,County Durham 047D,Anti-social behaviour,,
,2011-03,Durham Constabulary,Durham Constabulary,-1.610743,54.706927,On or near Kentmere,E01020837,County Durham 047D,Anti-social behaviour,,
,2011-03,Durham Constabulary,Durham Constabulary,-1.610743,54.706927,On or near Kentmere,E01020837,County Durham 047D,Anti-social behaviour,,
,2011-03,Durham Constabulary,Durham Constabulary,-1.611048,54.707441,On or near Buttermere,E01020837,County Durham 047D,Anti-social behaviour,,
,2011-03,Durham Constabulary,Durham Constabulary,-1.587797,54.715398,On or near Front Street,E01020843,County Durham 047E,Anti-social behaviour,,
,2011-03,Durham Constabulary,Durham Constabulary,-1.587797,54.715398,On or near Front Street,E01020843,County Durham 047E,Anti-social behaviour,,
,2011-03,Durham Constabulary,Durham Constabulary,-1.580682,54.709874,On or near Fox Covert,E01020843,County Durham 047E,Anti-social behaviour,,
,2011-03,Durham Constabulary,Durham Constabulary,-1.587797,54.715398,On or near Front Street,E01020843,County Durham 047E,Anti-social behaviour,,
,2011-03,Durham Constabulary,Durham Constabulary,-1.594810,54.711009,On or near St. Marys Grove,E01020843,County Durham 047E,Anti-social behaviour,,
,2011-03,Durham Constabulary,Durham Constabulary,-1.584065,54.711512,On or near Harebell Close,E01020843,County Durham 047E,Anti-social behaviour,,
,2011-03,Durham Constabulary,Durham Constabulary,-1.580682,54.709874,On or near Fox Covert,E01020843,County Durham 047E,Other crime,,
,2011-03,Durham Constabulary,Durham Constabulary,-1.580682,54.709874,On or near Fox Covert,E01020843,County Durham 047E,Other crime,,
,2011-03,Durham Constabulary,Durham Constabulary,-1.591534,54.712705,On or near Tudhoe Lane,E01020843,County Durham 047E,Other crime,,
,2011-03,Durham Constabulary,Durham Constabulary,-1.431409,54.697394,On or near Wynyard Road,E01020809,County Durham 048A,Anti-social behaviour,,
,2011-03,Durham Constabulary,Durham Constabulary,-1.431409,54.697394,On or near Wynyard Road,E01020809,County Durham 048A,Anti-social behaviour,,
,2011-03,Durham Constabulary,Durham Constabulary,-1.431079,54.695416,On or near Meadow Road,E01020809,County Durham 048A,Anti-social behaviour,,
,2011-03,Durham Constabulary,Durham Constabulary,-1.431079,54.695416,On or near Meadow Road,E01020809,County Durham 048A,Anti-social behaviour,,
,2011-03,Durham Constabulary,Durham Constabulary,-1.431409,54.697394,On or near Wynyard Road,E01020809,County Durham 048A,Anti-social behaviour,,
,2011-03,Durham Constabulary,Durham Constabulary,-1.431079,54.695416,On or near Meadow Road,E01020809,County Durham 048A,Anti-social behaviour,,
,2011-03,Durham Constabulary,Durham Constabulary,-1.429257,54.695955,On or near Newlands Road,E01020809,County Durham 048A,Anti-social behaviour,,
,2011-03,Durham Constabulary,Durham Constabulary,-1.431079,54.695416,On or near Meadow Road,E01020809,County Durham 048A,Anti-social behaviour,,
,2011-03,Durham Constabulary,Durham Constabulary,-1.429257,54.695955,On or near Newlands Road,E01020809,County Durham 048A,Anti-social behaviour,,
,2011-03,Durham Constabulary,Durham Constabulary,-1.431079,54.695416,On or near Meadow Road,E01020809,County Durham 048A,Anti-social behaviour,,
,2011-03,Durham Constabulary,Durham Constabulary,-1.431079,54.695416,On or near Meadow Road,E01020809,County Durham 048A,Burglary,,
,2011-03,Durham Constabulary,Durham Constabulary,-1.431268,54.699676,On or near Main Road,E01020809,County Durham 048A,Other crime,,
,2011-03,Durham Constabulary,Durham Constabulary,-1.443497,54.683701,On or near Sedgefield Terrace,E01020810,County Durham 048B,Anti-social behaviour,,
,2011-03,Durham Constabulary,Durham Constabulary,-1.443497,54.683701,On or near Sedgefield Terrace,E01020810,County Durham 048B,Anti-social behaviour,,
,2011-03,Durham Constabulary,Durham Constabulary,-1.434136,54.683172,On or near Greenside Close,E01020810,County Durham 048B,Anti-social behaviour,,
,2011-03,Durham Constabulary,Durham Constabulary,-1.441014,54.683797,On or near Elderberry Mews,E01020810,County Durham 048B,Anti-social behaviour,,
,2011-03,Durham Constabulary,Durham Constabulary,-1.443497,54.683701,On or near Sedgefield Terrace,E01020810,County Durham 048B,Violent crime,,
,2011-03,Durham Constabulary,Durham Constabulary,-1.434136,54.683172,On or near Greenside Close,E01020810,County Durham 048B,Violent crime,,
,2011-03,Durham Constabulary,Durham Constabulary,-1.443497,54.683701,On or near Sedgefield Terrace,E01020810,County Durham 048B,Violent crime,,
,2011-03,Durham Constabulary,Durham Constabulary,-1.434136,54.683172,On or near Greenside Close,E01020810,County Durham 048B,Other crime,,
,2011-03,Durham Constabulary,Durham Constabulary,-1.434136,54.683172,On or near Greenside Close,E01020810,County Durham 048B,Other crime,,
,2011-03,Durham Constabulary,Durham Constabulary,-1.435366,54.680563,On or near Heatherdene Road,E01020811,County Durham 048C,Anti-social behaviour,,
,2011-03,Durham Constabulary,Durham Constabulary,-1.439447,54.682657,On or near South View,E01020811,County Durham 048C,Anti-social behaviour,,
,2011-03,Durham Constabulary,Durham Constabulary,-1.432877,54.680012,On or near Hutton Close,E01020811,County Durham 048C,Anti-social behaviour,,
,2011-03,Durham Constabulary,Durham Constabulary,-1.439447,54.682657,On or near South View,E01020811,County Durham 048C,Anti-social behaviour,,
,2011-03,Durham Constabulary,Durham Constabulary,-1.435905,54.679747,On or near Springfield Road,E01020811,County Durham 048C,Anti-social behaviour,,
,2011-03,Durham Constabulary,Durham Constabulary,-1.435905,54.679747,On or near Springfield Road,E01020811,County Durham 048C,Anti-social behaviour,,
,2011-03,Durham Constabulary,Durham Constabulary,-1.435366,54.680563,On or near Heatherdene Road,E01020811,County Durham 048C,Anti-social behaviour,,
,2011-03,Durham Constabulary,Durham Constabulary,-1.436146,54.680252,On or near Beechwood Road,E01020811,County Durham 048C,Anti-social behaviour,,
,2011-03,Durham Constabulary,Durham Constabulary,-1.432877,54.680012,On or near Hutton Close,E01020811,County Durham 048C,Anti-social behaviour,,
,2011-03,Durham Constabulary,Durham Constabulary,-1.439447,54.682657,On or near South View,E01020811,County Durham 048C,Anti-social behaviour,,
,2011-03,Durham Constabulary,Durham Constabulary,-1.432877,54.680012,On or near Hutton Close,E01020811,County Durham 048C,Anti-social behaviour,,
,2011-03,Durham Constabulary,Durham Constabulary,-1.435366,54.680563,On or near Heatherdene Road,E01020811,County Durham 048C,Anti-social behaviour,,
,2011-03,Durham Constabulary,Durham Constabulary,-1.435366,54.680563,On or near Heatherdene Road,E01020811,County Durham 048C,Anti-social behaviour,,
,2011-03,Durham Constabulary,Durham Constabulary,-1.436146,54.680252,On or near Beechwood Road,E01020811,County Durham 048C,Anti-social behaviour,,
,2011-03,Durham Constabulary,Durham Constabulary,-1.439447,54.682657,On or near South View,E01020811,County Durham 048C,Anti-social behaviour,,
,2011-03,Durham Constabulary,Durham Constabulary,-1.439447,54.682657,On or near South View,E01020811,County Durham 048C,Anti-social behaviour,,
,2011-03,Durham Constabulary,Durham Constabulary,-1.435366,54.680563,On or near Heatherdene Road,E01020811,County Durham 048C,Anti-social behaviour,,
,2011-03,Durham Constabulary,Durham Constabulary,-1.435905,54.679747,On or near Springfield Road,E01020811,County Durham 048C,Anti-social behaviour,,
,2011-03,Durham Constabulary,Durham Constabulary,-1.434321,54.680998,On or near Moorside Crescent,E01020811,County Durham 048C,Anti-social behaviour,,
,2011-03,Durham Constabulary,Durham Constabulary,-1.433769,54.681624,On or near Sycamore Road,E01020811,County Durham 048C,Violent crime,,
,2011-03,Durham Constabulary,Durham Constabulary,-1.439447,54.682657,On or near South View,E01020811,County Durham 048C,Violent crime,,
,2011-03,Durham Constabulary,Durham Constabulary,-1.434321,54.680998,On or near Moorside Crescent,E01020811,County Durham 048C,Violent crime,,
,2011-03,Durham Constabulary,Durham Constabulary,-1.433769,54.681624,On or near Sycamore Road,E01020811,County Durham 048C,Violent crime,,
,2011-03,Durham Constabulary,Durham Constabulary,-1.435905,54.679747,On or near Springfield Road,E01020811,County Durham 048C,Other crime,,
,2011-03,Durham Constabulary,Durham Constabulary,-1.426350,54.701846,On or near Front Street North,E01020812,County Durham 048D,Anti-social behaviour,,
,2011-03,Durham Constabulary,Durham Constabulary,-1.435289,54.701798,On or near Broadway Avenue,E01020812,County Durham 048D,Anti-social behaviour,,
,2011-03,Durham Constabulary,Durham Constabulary,-1.428514,54.696886,On or near Hallgarth Road,E01020812,County Durham 048D,Anti-social behaviour,,
,2011-03,Durham Constabulary,Durham Constabulary,-1.426975,54.698254,On or near Willow Drive,E01020812,County Durham 048D,Anti-social behaviour,,
,2011-03,Durham Constabulary,Durham Constabulary,-1.427731,54.699597,On or near Beckwith Drive,E01020812,County Durham 048D,Anti-social behaviour,,
,2011-03,Durham Constabulary,Durham Constabulary,-1.426975,54.698254,On or near Willow Drive,E01020812,County Durham 048D,Anti-social behaviour,,
,2011-03,Durham Constabulary,Durham Constabulary,-1.425259,54.698839,On or near Swainby Road,E01020812,County Durham 048D,Anti-social behaviour,,
,2011-03,Durham Constabulary,Durham Constabulary,-1.426975,54.698254,On or near Willow Drive,E01020812,County Durham 048D,Anti-social behaviour,,
,2011-03,Durham Constabulary,Durham Constabulary,-1.426350,54.701846,On or near Front Street North,E01020812,County Durham 048D,Anti-social behaviour,,
,2011-03,Durham Constabulary,Durham Constabulary,-1.427731,54.699597,On or near Beckwith Drive,E01020812,County Durham 048D,Anti-social behaviour,,
,2011-03,Durham Constabulary,Durham Constabulary,-1.428514,54.696886,On or near Hallgarth Road,E01020812,County Durham 048D,Anti-social behaviour,,
,2011-03,Durham Constabulary,Durham Constabulary,-1.426975,54.698254,On or near Willow Drive,E01020812,County Durham 048D,Anti-social behaviour,,
,2011-03,Durham Constabulary,Durham Constabulary,-1.425259,54.698839,On or near Swainby Road,E01020812,County Durham 048D,Anti-social behaviour,,
,2011-03,Durham Constabulary,Durham Constabulary,-1.435289,54.701798,On or near Broadway Avenue,E01020812,County Durham 048D,Anti-social behaviour,,
,2011-03,Durham Constabulary,Durham Constabulary,-1.425259,54.698839,On or near Swainby Road,E01020812,County Durham 048D,Burglary,,
,2011-03,Durham Constabulary,Durham Constabulary,-1.428514,54.696886,On or near Hallgarth Road,E01020812,County Durham 048D,Violent crime,,
,2011-03,Durham Constabulary,Durham Constabulary,-1.425259,54.698839,On or near Swainby Road,E01020812,County Durham 048D,Violent crime,,
,2011-03,Durham Constabulary,Durham Constabulary,-1.425259,54.698839,On or near Swainby Road,E01020812,County Durham 048D,Violent crime,,
,2011-03,Durham Constabulary,Durham Constabulary,-1.428514,54.696886,On or near Hallgarth Road,E01020812,County Durham 048D,Violent crime,,
,2011-03,Durham Constabulary,Durham Constabulary,-1.430802,54.700851,On or near Dunelm Road,E01020812,County Durham 048D,Violent crime,,
,2011-03,Durham Constabulary,Durham Constabulary,-1.428514,54.696886,On or near Hallgarth Road,E01020812,County Durham 048D,Violent crime,,
,2011-03,Durham Constabulary,Durham Constabulary,-1.425259,54.698839,On or near Swainby Road,E01020812,County Durham 048D,Other crime,,
,2011-03,Durham Constabulary,Durham Constabulary,-1.426350,54.701846,On or near Front Street North,E01020812,County Durham 048D,Other crime,,
,2011-03,Durham Constabulary,Durham Constabulary,-1.426975,54.698254,On or near Willow Drive,E01020812,County Durham 048D,Other crime,,
,2011-03,Durham Constabulary,Durham Constabulary,-1.428181,54.701809,On or near Front Street South,E01020812,County Durham 048D,Other crime,,
,2011-03,Durham Constabulary,Durham Constabulary,-1.428514,54.696886,On or near Hallgarth Road,E01020812,County Durham 048D,Other crime,,
,2011-03,Durham Constabulary,Durham Constabulary,-1.428181,54.701809,On or near Front Street South,E01020812,County Durham 048D,Other crime,,
,2011-03,Durham Constabulary,Durham Constabulary,-1.428046,54.700416,On or near Myrtle Grove,E01020812,County Durham 048D,Other crime,,
,2011-03,Durham Constabulary,Durham Constabulary,-1.412264,54.716615,On or near North Moor Avenue,E01020827,County Durham 048E,Anti-social behaviour,,
,2011-03,Durham Constabulary,Durham Constabulary,-1.411588,54.717169,On or near Commercial Street,E01020827,County Durham 048E,Anti-social behaviour,,
,2011-03,Durham Constabulary,Durham Constabulary,-1.423747,54.713597,On or near Alnwick Avenue,E01020827,County Durham 048E,Anti-social behaviour,,
,2011-03,Durham Constabulary,Durham Constabulary,-1.410531,54.717299,On or near St. Pauls Road,E01020827,County Durham 048E,Anti-social behaviour,,
,2011-03,Durham Constabulary,Durham Constabulary,-1.423844,54.712250,On or near Beech Grove,E01020827,County Durham 048E,Anti-social behaviour,,
,2011-03,Durham Constabulary,Durham Constabulary,-1.426181,54.714939,On or near Rothbury Close,E01020827,County Durham 048E,Anti-social behaviour,,
,2011-03,Durham Constabulary,Durham Constabulary,-1.426181,54.714939,On or near Rothbury Close,E01020827,County Durham 048E,Anti-social behaviour,,
,2011-03,Durham Constabulary,Durham Constabulary,-1.411588,54.717169,On or near Commercial Street,E01020827,County Durham 048E,Anti-social behaviour,,
,2011-03,Durham Constabulary,Durham Constabulary,-1.423844,54.712250,On or near Beech Grove,E01020827,County Durham 048E,Burglary,,
,2011-03,Durham Constabulary,Durham Constabulary,-1.412264,54.716615,On or near North Moor Avenue,E01020827,County Durham 048E,Violent crime,,
,2011-03,Durham Constabulary,Durham Constabulary,-1.568096,54.686419,On or near Paxton Street,E01020806,County Durham 049A,Anti-social behaviour,,
,2011-03,Durham Constabulary,Durham Constabulary,-1.573594,54.684300,On or near Joseph Patterson Crescent,E01020806,County Durham 049A,Anti-social behaviour,,
,2011-03,Durham Constabulary,Durham Constabulary,-1.563749,54.686754,On or near Hackworth Street,E01020806,County Durham 049A,Anti-social behaviour,,
,2011-03,Durham Constabulary,Durham Constabulary,-1.573594,54.684300,On or near Joseph Patterson Crescent,E01020806,County Durham 049A,Anti-social behaviour,,
,2011-03,Durham Constabulary,Durham Constabulary,-1.554509,54.686307,On or near Ullswater Road,E01020806,County Durham 049A,Anti-social behaviour,,
,2011-03,Durham Constabulary,Durham Constabulary,-1.556287,54.685388,On or near Coniston Road,E01020806,County Durham 049A,Anti-social behaviour,,
,2011-03,Durham Constabulary,Durham Constabulary,-1.568096,54.686419,On or near Paxton Street,E01020806,County Durham 049A,Anti-social behaviour,,
,2011-03,Durham Constabulary,Durham Constabulary,-1.554247,54.684733,On or near Thirlmere Road,E01020806,County Durham 049A,Anti-social behaviour,,
,2011-03,Durham Constabulary,Durham Constabulary,-1.563749,54.686754,On or near Hackworth Street,E01020806,County Durham 049A,Anti-social behaviour,,
,2011-03,Durham Constabulary,Durham Constabulary,-1.566289,54.684247,On or near Cavendish Court,E01020806,County Durham 049A,Anti-social behaviour,,
,2011-03,Durham Constabulary,Durham Constabulary,-1.568096,54.686419,On or near Paxton Street,E01020806,County Durham 049A,Anti-social behaviour,,
,2011-03,Durham Constabulary,Durham Constabulary,-1.554247,54.684733,On or near Thirlmere Road,E01020806,County Durham 049A,Anti-social behaviour,,
,2011-03,Durham Constabulary,Durham Constabulary,-1.556287,54.685388,On or near Coniston Road,E01020806,County Durham 049A,Anti-social behaviour,,
,2011-03,Durham Constabulary,Durham Constabulary,-1.568096,54.686419,On or near Paxton Street,E01020806,County Durham 049A,Anti-social behaviour,,
,2011-03,Durham Constabulary,Durham Constabulary,-1.561755,54.686145,On or near Hackworth Close,E01020806,County Durham 049A,Anti-social behaviour,,
,2011-03,Durham Constabulary,Durham Constabulary,-1.556287,54.685388,On or near Coniston Road,E01020806,County Durham 049A,Anti-social behaviour,,
,2011-03,Durham Constabulary,Durham Constabulary,-1.568096,54.686419,On or near Paxton Street,E01020806,County Durham 049A,Anti-social behaviour,,
,2011-03,Durham Constabulary,Durham Constabulary,-1.557347,54.686371,On or near Darlington Road,E01020806,County Durham 049A,Burglary,,
,2011-03,Durham Constabulary,Durham Constabulary,-1.568096,54.686419,On or near Paxton Street,E01020806,County Durham 049A,Vehicle crime,,
,2011-03,Durham Constabulary,Durham Constabulary,-1.557347,54.686371,On or near Darlington Road,E01020806,County Durham 049A,Vehicle crime,,
,2011-03,Durham Constabulary,Durham Constabulary,-1.564576,54.684879,On or near Parsons Court,E01020806,County Durham 049A,Vehicle crime,,
,2011-03,Durham Constabulary,Durham Constabulary,-1.563749,54.686754,On or near Hackworth Street,E01020806,County Durham 049A,Violent crime,,
,2011-03,Durham Constabulary,Durham Constabulary,-1.557347,54.686371,On or near Darlington Road,E01020806,County Durham 049A,Other crime,,
,2011-03,Durham Constabulary,Durham Constabulary,-1.573594,54.684300,On or near Joseph Patterson Crescent,E01020806,County Durham 049A,Other crime,,
,2011-03,Durham Constabulary,Durham Constabulary,-1.554247,54.684733,On or near Thirlmere Road,E01020806,County Durham 049A,Other crime,,
,2011-03,Durham Constabulary,Durham Constabulary,-1.573594,54.684300,On or near Joseph Patterson Crescent,E01020806,County Durham 049A,Other crime,,
,2011-03,Durham Constabulary,Durham Constabulary,-1.573594,54.684300,On or near Joseph Patterson Crescent,E01020806,County Durham 049A,Other crime,,
,2011-03,Durham Constabulary,Durham Constabulary,-1.556287,54.685388,On or near Coniston Road,E01020806,County Durham 049A,Other crime,,
,2011-03,Durham Constabulary,Durham Constabulary,-1.561755,54.686145,On or near Hackworth Close,E01020806,County Durham 049A,Other crime,,
,2011-03,Durham Constabulary,Durham Constabulary,-1.556287,54.685388,On or near Coniston Road,E01020806,County Durham 049A,Other crime,,
,2011-03,Durham Constabulary,Durham Constabulary,-1.573594,54.684300,On or near Joseph Patterson Crescent,E01020806,County Durham 049A,Other crime,,
,2011-03,Durham Constabulary,Durham Constabulary,-1.573594,54.684300,On or near Joseph Patterson Crescent,E01020806,County Durham 049A,Other crime,,
,2011-03,Durham Constabulary,Durham Constabulary,-1.556287,54.685388,On or near Coniston Road,E01020806,County Durham 049A,Other crime,,
,2011-03,Durham Constabulary,Durham Constabulary,-1.557521,54.688870,On or near Main Street,E01020807,County Durham 049B,Anti-social behaviour,,
,2011-03,Durham Constabulary,Durham Constabulary,-1.560661,54.688307,On or near Newton Street,E01020807,County Durham 049B,Anti-social behaviour,,
,2011-03,Durham Constabulary,Durham Constabulary,-1.561931,54.687089,On or near Rennie Street,E01020807,County Durham 049B,Anti-social behaviour,,
,2011-03,Durham Constabulary,Durham Constabulary,-1.561931,54.687089,On or near Rennie Street,E01020807,County Durham 049B,Anti-social behaviour,,
,2011-03,Durham Constabulary,Durham Constabulary,-1.561931,54.687089,On or near Rennie Street,E01020807,County Durham 049B,Anti-social behaviour,,
,2011-03,Durham Constabulary,Durham Constabulary,-1.561931,54.687089,On or near Rennie Street,E01020807,County Durham 049B,Anti-social behaviour,,
,2011-03,Durham Constabulary,Durham Constabulary,-1.566085,54.687329,On or near Faraday Street,E01020807,County Durham 049B,Anti-social behaviour,,
,2011-03,Durham Constabulary,Durham Constabulary,-1.561931,54.687089,On or near Rennie Street,E01020807,County Durham 049B,Anti-social behaviour,,
,2011-03,Durham Constabulary,Durham Constabulary,-1.560843,54.688685,On or near Davy Street,E01020807,County Durham 049B,Anti-social behaviour,,
,2011-03,Durham Constabulary,Durham Constabulary,-1.557521,54.688870,On or near Main Street,E01020807,County Durham 049B,Anti-social behaviour,,
,2011-03,Durham Constabulary,Durham Constabulary,-1.563516,54.688236,On or near Watt Street,E01020807,County Durham 049B,Anti-social behaviour,,
,2011-03,Durham Constabulary,Durham Constabulary,-1.561931,54.687089,On or near Rennie Street,E01020807,County Durham 049B,Anti-social behaviour,,
,2011-03,Durham Constabulary,Durham Constabulary,-1.564376,54.687610,On or near Kelvin Street,E01020807,County Durham 049B,Anti-social behaviour,,
,2011-03,Durham Constabulary,Durham Constabulary,-1.565532,54.686841,On or near Westcott Terrace,E01020807,County Durham 049B,Anti-social behaviour,,
,2011-03,Durham Constabulary,Durham Constabulary,-1.563831,54.687779,On or near Beaumont Street,E01020807,County Durham 049B,Anti-social behaviour,,
,2011-03,Durham Constabulary,Durham Constabulary,-1.565532,54.686841,On or near Westcott Terrace,E01020807,County Durham 049B,Anti-social behaviour,,
,2011-03,Durham Constabulary,Durham Constabulary,-1.561931,54.687089,On or near Rennie Street,E01020807,County Durham 049B,Anti-social behaviour,,
,2011-03,Durham Constabulary,Durham Constabulary,-1.560524,54.686608,On or near Blandford Street,E01020807,County Durham 049B,Anti-social behaviour,,
,2011-03,Durham Constabulary,Durham Constabulary,-1.561931,54.687089,On or near Rennie Street,E01020807,County Durham 049B,Anti-social behaviour,,
,2011-03,Durham Constabulary,Durham Constabulary,-1.563516,54.688236,On or near Watt Street,E01020807,County Durham 049B,Anti-social behaviour,,
,2011-03,Durham Constabulary,Durham Constabulary,-1.561931,54.687089,On or near Rennie Street,E01020807,County Durham 049B,Anti-social behaviour,,
,2011-03,Durham Constabulary,Durham Constabulary,-1.565532,54.686841,On or near Westcott Terrace,E01020807,County Durham 049B,Anti-social behaviour,,
,2011-03,Durham Constabulary,Durham Constabulary,-1.560661,54.688307,On or near Newton Street,E01020807,County Durham 049B,Anti-social behaviour,,
,2011-03,Durham Constabulary,Durham Constabulary,-1.561931,54.687089,On or near Rennie Street,E01020807,County Durham 049B,Anti-social behaviour,,
,2011-03,Durham Constabulary,Durham Constabulary,-1.561931,54.687089,On or near Rennie Street,E01020807,County Durham 049B,Anti-social behaviour,,
,2011-03,Durham Constabulary,Durham Constabulary,-1.560661,54.688307,On or near Newton Street,E01020807,County Durham 049B,Anti-social behaviour,,
,2011-03,Durham Constabulary,Durham Constabulary,-1.565532,54.686841,On or near Westcott Terrace,E01020807,County Durham 049B,Anti-social behaviour,,
,2011-03,Durham Constabulary,Durham Constabulary,-1.557521,54.688870,On or near Main Street,E01020807,County Durham 049B,Anti-social behaviour,,
,2011-03,Durham Constabulary,Durham Constabulary,-1.557521,54.688870,On or near Main Street,E01020807,County Durham 049B,Violent crime,,
,2011-03,Durham Constabulary,Durham Constabulary,-1.557521,54.688870,On or near Main Street,E01020807,County Durham 049B,Violent crime,,
,2011-03,Durham Constabulary,Durham Constabulary,-1.560661,54.688307,On or near Newton Street,E01020807,County Durham 049B,Other crime,,
,2011-03,Durham Constabulary,Durham Constabulary,-1.561931,54.687089,On or near Rennie Street,E01020807,County Durham 049B,Other crime,,
,2011-03,Durham Constabulary,Durham Constabulary,-1.557521,54.688870,On or near Main Street,E01020807,County Durham 049B,Other crime,,
,2011-03,Durham Constabulary,Durham Constabulary,-1.557521,54.688870,On or near Main Street,E01020807,County Durham 049B,Other crime,,
,2011-03,Durham Constabulary,Durham Constabulary,-1.559825,54.686722,On or near Neale Street,E01020807,County Durham 049B,Other crime,,
,2011-03,Durham Constabulary,Durham Constabulary,-1.557521,54.688870,On or near Main Street,E01020807,County Durham 049B,Other crime,,
,2011-03,Durham Constabulary,Durham Constabulary,-1.565167,54.686139,On or near Bessemer Street,E01020807,County Durham 049B,Other crime,,
,2011-03,Durham Constabulary,Durham Constabulary,-1.560524,54.686608,On or near Blandford Street,E01020807,County Durham 049B,Other crime,,
,2011-03,Durham Constabulary,Durham Constabulary,-1.557521,54.688870,On or near Main Street,E01020807,County Durham 049B,Other crime,,
,2011-03,Durham Constabulary,Durham Constabulary,-1.589430,54.701222,On or near Keswick Drive,E01020820,County Durham 049C,Anti-social behaviour,,
,2011-03,Durham Constabulary,Durham Constabulary,-1.595261,54.700038,On or near Sycamore Court,E01020820,County Durham 049C,Anti-social behaviour,,
,2011-03,Durham Constabulary,Durham Constabulary,-1.592774,54.698879,On or near Linden Court,E01020820,County Durham 049C,Anti-social behaviour,,
,2011-03,Durham Constabulary,Durham Constabulary,-1.592774,54.698879,On or near Linden Court,E01020820,County Durham 049C,Anti-social behaviour,,
,2011-03,Durham Constabulary,Durham Constabulary,-1.589059,54.698058,On or near Coulson Street,E01020820,County Durham 049C,Anti-social behaviour,,
,2011-03,Durham Constabulary,Durham Constabulary,-1.592774,54.698879,On or near Linden Court,E01020820,County Durham 049C,Anti-social behaviour,,
,2011-03,Durham Constabulary,Durham Constabulary,-1.590049,54.699867,On or near Rushmoor,E01020820,County Durham 049C,Anti-social behaviour,,
,2011-03,Durham Constabulary,Durham Constabulary,-1.597390,54.698140,On or near Bamburgh Parade,E01020820,County Durham 049C,Anti-social behaviour,,
,2011-03,Durham Constabulary,Durham Constabulary,-1.592774,54.698879,On or near Linden Court,E01020820,County Durham 049C,Anti-social behaviour,,
,2011-03,Durham Constabulary,Durham Constabulary,-1.595261,54.700038,On or near Sycamore Court,E01020820,County Durham 049C,Anti-social behaviour,,
,2011-03,Durham Constabulary,Durham Constabulary,-1.598937,54.700185,On or near Bishops Close,E01020820,County Durham 049C,Anti-social behaviour,,
,2011-03,Durham Constabulary,Durham Constabulary,-1.592774,54.698879,On or near Linden Court,E01020820,County Durham 049C,Anti-social behaviour,,
,2011-03,Durham Constabulary,Durham Constabulary,-1.592774,54.698879,On or near Linden Court,E01020820,County Durham 049C,Anti-social behaviour,,
,2011-03,Durham Constabulary,Durham Constabulary,-1.594208,54.698264,On or near Blair Avenue,E01020820,County Durham 049C,Anti-social behaviour,,
,2011-03,Durham Constabulary,Durham Constabulary,-1.589059,54.698058,On or near Coulson Street,E01020820,County Durham 049C,Anti-social behaviour,,
,2011-03,Durham Constabulary,Durham Constabulary,-1.599696,54.700313,On or near Cheapside,E01020820,County Durham 049C,Anti-social behaviour,,
,2011-03,Durham Constabulary,Durham Constabulary,-1.589446,54.702696,On or near Hillside Court,E01020820,County Durham 049C,Anti-social behaviour,,
,2011-03,Durham Constabulary,Durham Constabulary,-1.592774,54.698879,On or near Linden Court,E01020820,County Durham 049C,Anti-social behaviour,,
,2011-03,Durham Constabulary,Durham Constabulary,-1.598937,54.700185,On or near Bishops Close,E01020820,County Durham 049C,Anti-social behaviour,,
,2011-03,Durham Constabulary,Durham Constabulary,-1.594421,54.700242,On or near Cedar Court,E01020820,County Durham 049C,Anti-social behaviour,,
,2011-03,Durham Constabulary,Durham Constabulary,-1.591391,54.699072,On or near Fairview Drive,E01020820,County Durham 049C,Anti-social behaviour,,
,2011-03,Durham Constabulary,Durham Constabulary,-1.589430,54.701222,On or near Keswick Drive,E01020820,County Durham 049C,Anti-social behaviour,,
,2011-03,Durham Constabulary,Durham Constabulary,-1.589430,54.701222,On or near Keswick Drive,E01020820,County Durham 049C,Anti-social behaviour,,
,2011-03,Durham Constabulary,Durham Constabulary,-1.594208,54.698264,On or near Blair Avenue,E01020820,County Durham 049C,Anti-social behaviour,,
,2011-03,Durham Constabulary,Durham Constabulary,-1.594208,54.698264,On or near Blair Avenue,E01020820,County Durham 049C,Anti-social behaviour,,
,2011-03,Durham Constabulary,Durham Constabulary,-1.598777,54.697569,On or near Ladysmock Close,E01020820,County Durham 049C,Anti-social behaviour,,
,2011-03,Durham Constabulary,Durham Constabulary,-1.590049,54.699867,On or near Rushmoor,E01020820,County Durham 049C,Anti-social behaviour,,
,2011-03,Durham Constabulary,Durham Constabulary,-1.599290,54.702154,On or near King Street,E01020820,County Durham 049C,Anti-social behaviour,,
,2011-03,Durham Constabulary,Durham Constabulary,-1.592774,54.698879,On or near Linden Court,E01020820,County Durham 049C,Anti-social behaviour,,
,2011-03,Durham Constabulary,Durham Constabulary,-1.590049,54.699867,On or near Rushmoor,E01020820,County Durham 049C,Anti-social behaviour,,
,2011-03,Durham Constabulary,Durham Constabulary,-1.592774,54.698879,On or near Linden Court,E01020820,County Durham 049C,Anti-social behaviour,,
,2011-03,Durham Constabulary,Durham Constabulary,-1.592640,54.702995,On or near Derwent Terrace,E01020820,County Durham 049C,Anti-social behaviour,,
,2011-03,Durham Constabulary,Durham Constabulary,-1.597390,54.698140,On or near Bamburgh Parade,E01020820,County Durham 049C,Anti-social behaviour,,
,2011-03,Durham Constabulary,Durham Constabulary,-1.592774,54.698879,On or near Linden Court,E01020820,County Durham 049C,Anti-social behaviour,,
,2011-03,Durham Constabulary,Durham Constabulary,-1.598937,54.700185,On or near Bishops Close,E01020820,County Durham 049C,Anti-social behaviour,,
,2011-03,Durham Constabulary,Durham Constabulary,-1.597390,54.698140,On or near Bamburgh Parade,E01020820,County Durham 049C,Anti-social behaviour,,
,2011-03,Durham Constabulary,Durham Constabulary,-1.597390,54.698140,On or near Bamburgh Parade,E01020820,County Durham 049C,Anti-social behaviour,,
,2011-03,Durham Constabulary,Durham Constabulary,-1.598777,54.697569,On or near Ladysmock Close,E01020820,County Durham 049C,Burglary,,
,2011-03,Durham Constabulary,Durham Constabulary,-1.599290,54.702154,On or near King Street,E01020820,County Durham 049C,Vehicle crime,,
,2011-03,Durham Constabulary,Durham Constabulary,-1.599696,54.700313,On or near Cheapside,E01020820,County Durham 049C,Violent crime,,
,2011-03,Durham Constabulary,Durham Constabulary,-1.599696,54.700313,On or near Cheapside,E01020820,County Durham 049C,Violent crime,,
,2011-03,Durham Constabulary,Durham Constabulary,-1.598937,54.700185,On or near Bishops Close,E01020820,County Durham 049C,Violent crime,,
,2011-03,Durham Constabulary,Durham Constabulary,-1.599696,54.700313,On or near Cheapside,E01020820,County Durham 049C,Violent crime,,
,2011-03,Durham Constabulary,Durham Constabulary,-1.591391,54.699072,On or near Fairview Drive,E01020820,County Durham 049C,Other crime,,
,2011-03,Durham Constabulary,Durham Constabulary,-1.599696,54.700313,On or near Cheapside,E01020820,County Durham 049C,Other crime,,
,2011-03,Durham Constabulary,Durham Constabulary,-1.597390,54.698140,On or near Bamburgh Parade,E01020820,County Durham 049C,Other crime,,
,2011-03,Durham Constabulary,Durham Constabulary,-1.597390,54.698140,On or near Bamburgh Parade,E01020820,County Durham 049C,Other crime,,
,2011-03,Durham Constabulary,Durham Constabulary,-1.597390,54.698140,On or near Bamburgh Parade,E01020820,County Durham 049C,Other crime,,
,2011-03,Durham Constabulary,Durham Constabulary,-1.589059,54.698058,On or near Coulson Street,E01020820,County Durham 049C,Other crime,,
,2011-03,Durham Constabulary,Durham Constabulary,-1.597390,54.698140,On or near Bamburgh Parade,E01020820,County Durham 049C,Other crime,,
,2011-03,Durham Constabulary,Durham Constabulary,-1.597390,54.698140,On or near Bamburgh Parade,E01020820,County Durham 049C,Other crime,,
,2011-03,Durham Constabulary,Durham Constabulary,-1.599696,54.700313,On or near Cheapside,E01020820,County Durham 049C,Other crime,,
,2011-03,Durham Constabulary,Durham Constabulary,-1.597390,54.698140,On or near Bamburgh Parade,E01020820,County Durham 049C,Other crime,,
,2011-03,Durham Constabulary,Durham Constabulary,-1.594208,54.698264,On or near Blair Avenue,E01020820,County Durham 049C,Other crime,,
,2011-03,Durham Constabulary,Durham Constabulary,-1.594733,54.701645,On or near Barnfield Road,E01020820,County Durham 049C,Other crime,,
,2011-03,Durham Constabulary,Durham Constabulary,-1.597390,54.698140,On or near Bamburgh Parade,E01020820,County Durham 049C,Other crime,,
,2011-03,Durham Constabulary,Durham Constabulary,-1.597390,54.698140,On or near Bamburgh Parade,E01020820,County Durham 049C,Other crime,,
,2011-03,Durham Constabulary,Durham Constabulary,-1.599696,54.700313,On or near Cheapside,E01020820,County Durham 049C,Other crime,,
,2011-03,Durham Constabulary,Durham Constabulary,-1.587699,54.709745,On or near St. Davids Close,E01020842,County Durham 049D,Anti-social behaviour,,
,2011-03,Durham Constabulary,Durham Constabulary,-1.580737,54.703062,On or near Tudhoe Moor,E01020842,County Durham 049D,Anti-social behaviour,,
,2011-03,Durham Constabulary,Durham Constabulary,-1.587332,54.709231,On or near York Hill Crescent,E01020842,County Durham 049D,Anti-social behaviour,,
,2011-03,Durham Constabulary,Durham Constabulary,-1.580737,54.703062,On or near Tudhoe Moor,E01020842,County Durham 049D,Anti-social behaviour,,
,2011-03,Durham Constabulary,Durham Constabulary,-1.587699,54.709745,On or near St. Davids Close,E01020842,County Durham 049D,Anti-social behaviour,,
,2011-03,Durham Constabulary,Durham Constabulary,-1.582454,54.700570,On or near Fenwick Street,E01020842,County Durham 049D,Anti-social behaviour,,
,2011-03,Durham Constabulary,Durham Constabulary,-1.574164,54.706903,On or near Meadowfield Avenue,E01020842,County Durham 049D,Anti-social behaviour,,
,2011-03,Durham Constabulary,Durham Constabulary,-1.580737,54.703062,On or near Tudhoe Moor,E01020842,County Durham 049D,Anti-social behaviour,,
,2011-03,Durham Constabulary,Durham Constabulary,-1.580737,54.703062,On or near Tudhoe Moor,E01020842,County Durham 049D,Anti-social behaviour,,
,2011-03,Durham Constabulary,Durham Constabulary,-1.582454,54.700570,On or near Fenwick Street,E01020842,County Durham 049D,Anti-social behaviour,,
,2011-03,Durham Constabulary,Durham Constabulary,-1.587332,54.709231,On or near York Hill Crescent,E01020842,County Durham 049D,Anti-social behaviour,,
,2011-03,Durham Constabulary,Durham Constabulary,-1.580737,54.703062,On or near Tudhoe Moor,E01020842,County Durham 049D,Anti-social behaviour,,
,2011-03,Durham Constabulary,Durham Constabulary,-1.584902,54.700982,On or near Mount Pleasant Court,E01020842,County Durham 049D,Anti-social behaviour,,
,2011-03,Durham Constabulary,Durham Constabulary,-1.580737,54.703062,On or near Tudhoe Moor,E01020842,County Durham 049D,Anti-social behaviour,,
,2011-03,Durham Constabulary,Durham Constabulary,-1.580737,54.703062,On or near Tudhoe Moor,E01020842,County Durham 049D,Anti-social behaviour,,
,2011-03,Durham Constabulary,Durham Constabulary,-1.574164,54.706903,On or near Meadowfield Avenue,E01020842,County Durham 049D,Burglary,,
,2011-03,Durham Constabulary,Durham Constabulary,-1.575679,54.702972,On or near Green Lane,E01020842,County Durham 049D,Burglary,,
,2011-03,Durham Constabulary,Durham Constabulary,-1.584262,54.699758,On or near Half Moon Lane,E01020842,County Durham 049D,Vehicle crime,,
,2011-03,Durham Constabulary,Durham Constabulary,-1.584902,54.700982,On or near Mount Pleasant Court,E01020842,County Durham 049D,Vehicle crime,,
,2011-03,Durham Constabulary,Durham Constabulary,-1.582454,54.700570,On or near Fenwick Street,E01020842,County Durham 049D,Violent crime,,
,2011-03,Durham Constabulary,Durham Constabulary,-1.584902,54.700982,On or near Mount Pleasant Court,E01020842,County Durham 049D,Other crime,,
,2011-03,Durham Constabulary,Durham Constabulary,-1.584552,54.709330,On or near Tweed Road,E01020842,County Durham 049D,Other crime,,
,2011-03,Durham Constabulary,Durham Constabulary,-1.584552,54.709330,On or near Tweed Road,E01020842,County Durham 049D,Other crime,,
,2011-03,Durham Constabulary,Durham Constabulary,-1.582454,54.700570,On or near Fenwick Street,E01020842,County Durham 049D,Other crime,,
,2011-03,Durham Constabulary,Durham Constabulary,-1.580737,54.703062,On or near Tudhoe Moor,E01020842,County Durham 049D,Other crime,,
,2011-03,Durham Constabulary,Durham Constabulary,-1.584262,54.699758,On or near Half Moon Lane,E01020842,County Durham 049D,Other crime,,
,2011-03,Durham Constabulary,Durham Constabulary,-1.583027,54.708255,On or near Seven Hills Court,E01020842,County Durham 049D,Other crime,,
,2011-03,Durham Constabulary,Durham Constabulary,-1.580737,54.703062,On or near Tudhoe Moor,E01020842,County Durham 049D,Other crime,,
,2011-03,Durham Constabulary,Durham Constabulary,-1.584902,54.700982,On or near Mount Pleasant Court,E01020842,County Durham 049D,Other crime,,
,2011-03,Durham Constabulary,Durham Constabulary,-1.518243,54.703360,On or near Glebe Villas,E01020797,County Durham 050A,Anti-social behaviour,,
,2011-03,Durham Constabulary,Durham Constabulary,-1.515850,54.702308,On or near The Grove,E01020797,County Durham 050A,Anti-social behaviour,,
,2011-03,Durham Constabulary,Durham Constabulary,-1.522454,54.702882,On or near Reading Street,E01020797,County Durham 050A,Anti-social behaviour,,
,2011-03,Durham Constabulary,Durham Constabulary,-1.518243,54.703360,On or near Glebe Villas,E01020797,County Durham 050A,Anti-social behaviour,,
,2011-03,Durham Constabulary,Durham Constabulary,-1.515392,54.700356,On or near Raisby Terrace,E01020797,County Durham 050A,Anti-social behaviour,,
,2011-03,Durham Constabulary,Durham Constabulary,-1.520399,54.704690,On or near Barratt Way,E01020797,County Durham 050A,Anti-social behaviour,,
,2011-03,Durham Constabulary,Durham Constabulary,-1.515392,54.700356,On or near Raisby Terrace,E01020797,County Durham 050A,Anti-social behaviour,,
,2011-03,Durham Constabulary,Durham Constabulary,-1.518243,54.703360,On or near Glebe Villas,E01020797,County Durham 050A,Anti-social behaviour,,
,2011-03,Durham Constabulary,Durham Constabulary,-1.523617,54.701629,On or near Station Road,E01020797,County Durham 050A,Anti-social behaviour,,
,2011-03,Durham Constabulary,Durham Constabulary,-1.519396,54.702960,On or near High Street,E01020797,County Durham 050A,Burglary,,
,2011-03,Durham Constabulary,Durham Constabulary,-1.518243,54.703360,On or near Glebe Villas,E01020797,County Durham 050A,Burglary,,
,2011-03,Durham Constabulary,Durham Constabulary,-1.509389,54.698867,On or near Lichfield Road,E01020797,County Durham 050A,Burglary,,
,2011-03,Durham Constabulary,Durham Constabulary,-1.520283,54.700124,On or near Birch Road,E01020797,County Durham 050A,Burglary,,
,2011-03,Durham Constabulary,Durham Constabulary,-1.515392,54.700356,On or near Raisby Terrace,E01020797,County Durham 050A,Violent crime,,
,2011-03,Durham Constabulary,Durham Constabulary,-1.519396,54.702960,On or near High Street,E01020797,County Durham 050A,Other crime,,
,2011-03,Durham Constabulary,Durham Constabulary,-1.523617,54.701629,On or near Station Road,E01020797,County Durham 050A,Other crime,,
,2011-03,Durham Constabulary,Durham Constabulary,-1.522347,54.701345,On or near The Oaks,E01020797,County Durham 050A,Other crime,,
,2011-03,Durham Constabulary,Durham Constabulary,-1.515392,54.700356,On or near Raisby Terrace,E01020797,County Durham 050A,Other crime,,
,2011-03,Durham Constabulary,Durham Constabulary,-1.509117,54.697042,On or near Garmondsway Road,E01020797,County Durham 050A,Other crime,,
,2011-03,Durham Constabulary,Durham Constabulary,-1.522454,54.702882,On or near Reading Street,E01020797,County Durham 050A,Other crime,,
,2011-03,Durham Constabulary,Durham Constabulary,-1.541529,54.691516,On or near Barnard Road,E01020798,County Durham 050B,Anti-social behaviour,,
,2011-03,Durham Constabulary,Durham Constabulary,-1.542235,54.689398,On or near Ravensworth Road,E01020798,County Durham 050B,Anti-social behaviour,,
,2011-03,Durham Constabulary,Durham Constabulary,-1.542235,54.689398,On or near Ravensworth Road,E01020798,County Durham 050B,Anti-social behaviour,,
,2011-03,Durham Constabulary,Durham Constabulary,-1.542235,54.689398,On or near Ravensworth Road,E01020798,County Durham 050B,Anti-social behaviour,,
,2011-03,Durham Constabulary,Durham Constabulary,-1.541701,54.687230,On or near Stanhope Close,E01020798,County Durham 050B,Anti-social behaviour,,
,2011-03,Durham Constabulary,Durham Constabulary,-1.542235,54.689398,On or near Ravensworth Road,E01020798,County Durham 050B,Anti-social behaviour,,
,2011-03,Durham Constabulary,Durham Constabulary,-1.545836,54.689258,On or near Brancepeth Road,E01020798,County Durham 050B,Anti-social behaviour,,
,2011-03,Durham Constabulary,Durham Constabulary,-1.542235,54.689398,On or near Ravensworth Road,E01020798,County Durham 050B,Anti-social behaviour,,
,2011-03,Durham Constabulary,Durham Constabulary,-1.540755,54.684494,On or near Lambton Road,E01020798,County Durham 050B,Anti-social behaviour,,
,2011-03,Durham Constabulary,Durham Constabulary,-1.540755,54.684494,On or near Lambton Road,E01020798,County Durham 050B,Anti-social behaviour,,
,2011-03,Durham Constabulary,Durham Constabulary,-1.542235,54.689398,On or near Ravensworth Road,E01020798,County Durham 050B,Anti-social behaviour,,
,2011-03,Durham Constabulary,Durham Constabulary,-1.545836,54.689258,On or near Brancepeth Road,E01020798,County Durham 050B,Anti-social behaviour,,
,2011-03,Durham Constabulary,Durham Constabulary,-1.540755,54.684494,On or near Lambton Road,E01020798,County Durham 050B,Anti-social behaviour,,
,2011-03,Durham Constabulary,Durham Constabulary,-1.540755,54.684494,On or near Lambton Road,E01020798,County Durham 050B,Anti-social behaviour,,
,2011-03,Durham Constabulary,Durham Constabulary,-1.542235,54.689398,On or near Ravensworth Road,E01020798,County Durham 050B,Anti-social behaviour,,
,2011-03,Durham Constabulary,Durham Constabulary,-1.539610,54.685577,On or near Skipton Close,E01020798,County Durham 050B,Anti-social behaviour,,
,2011-03,Durham Constabulary,Durham Constabulary,-1.542235,54.689398,On or near Ravensworth Road,E01020798,County Durham 050B,Anti-social behaviour,,
,2011-03,Durham Constabulary,Durham Constabulary,-1.545489,54.689778,On or near Raby Road,E01020798,County Durham 050B,Anti-social behaviour,,
,2011-03,Durham Constabulary,Durham Constabulary,-1.539591,54.687285,On or near Bowes Close,E01020798,County Durham 050B,Anti-social behaviour,,
,2011-03,Durham Constabulary,Durham Constabulary,-1.541701,54.687230,On or near Stanhope Close,E01020798,County Durham 050B,Anti-social behaviour,,
,2011-03,Durham Constabulary,Durham Constabulary,-1.542235,54.689398,On or near Ravensworth Road,E01020798,County Durham 050B,Vehicle crime,,
,2011-03,Durham Constabulary,Durham Constabulary,-1.537812,54.686910,On or near Helmsley Close,E01020798,County Durham 050B,Violent crime,,
,2011-03,Durham Constabulary,Durham Constabulary,-1.538929,54.688226,On or near Morpeth Close,E01020798,County Durham 050B,Violent crime,,
,2011-03,Durham Constabulary,Durham Constabulary,-1.541701,54.687230,On or near Stanhope Close,E01020798,County Durham 050B,Other crime,,
,2011-03,Durham Constabulary,Durham Constabulary,-1.537812,54.686910,On or near Helmsley Close,E01020798,County Durham 050B,Other crime,,
,2011-03,Durham Constabulary,Durham Constabulary,-1.540755,54.684494,On or near Lambton Road,E01020798,County Durham 050B,Other crime,,
,2011-03,Durham Constabulary,Durham Constabulary,-1.542235,54.689398,On or near Ravensworth Road,E01020798,County Durham 050B,Other crime,,
,2011-03,Durham Constabulary,Durham Constabulary,-1.542235,54.689398,On or near Ravensworth Road,E01020798,County Durham 050B,Other crime,,
,2011-03,Durham Constabulary,Durham Constabulary,-1.539591,54.687285,On or near Bowes Close,E01020798,County Durham 050B,Other crime,,
,2011-03,Durham Constabulary,Durham Constabulary,-1.541701,54.687230,On or near Stanhope Close,E01020798,County Durham 050B,Other crime,,
,2011-03,Durham Constabulary,Durham Constabulary,-1.541529,54.691516,On or near Barnard Road,E01020798,County Durham 050B,Other crime,,
,2011-03,Durham Constabulary,Durham Constabulary,-1.541529,54.691516,On or near Barnard Road,E01020798,County Durham 050B,Other crime,,
,2011-03,Durham Constabulary,Durham Constabulary,-1.551789,54.686755,On or near Lime Road,E01020799,County Durham 050C,Anti-social behaviour,,
,2011-03,Durham Constabulary,Durham Constabulary,-1.551207,54.688910,On or near Chestnut Avenue,E01020799,County Durham 050C,Anti-social behaviour,,
,2011-03,Durham Constabulary,Durham Constabulary,-1.549084,54.690115,On or near Windsor Avenue,E01020799,County Durham 050C,Anti-social behaviour,,
,2011-03,Durham Constabulary,Durham Constabulary,-1.551207,54.688910,On or near Chestnut Avenue,E01020799,County Durham 050C,Anti-social behaviour,,
,2011-03,Durham Constabulary,Durham Constabulary,-1.551789,54.686755,On or near Lime Road,E01020799,County Durham 050C,Anti-social behaviour,,
,2011-03,Durham Constabulary,Durham Constabulary,-1.551207,54.688910,On or near Chestnut Avenue,E01020799,County Durham 050C,Anti-social behaviour,,
,2011-03,Durham Constabulary,Durham Constabulary,-1.548992,54.687275,On or near Broom Road,E01020799,County Durham 050C,Anti-social behaviour,,
,2011-03,Durham Constabulary,Durham Constabulary,-1.548992,54.687275,On or near Broom Road,E01020799,County Durham 050C,Anti-social behaviour,,
,2011-03,Durham Constabulary,Durham Constabulary,-1.549084,54.690115,On or near Windsor Avenue,E01020799,County Durham 050C,Anti-social behaviour,,
,2011-03,Durham Constabulary,Durham Constabulary,-1.550407,54.686921,On or near Hawthorne Road,E01020799,County Durham 050C,Burglary,,
,2011-03,Durham Constabulary,Durham Constabulary,-1.548992,54.687275,On or near Broom Road,E01020799,County Durham 050C,Burglary,,
,2011-03,Durham Constabulary,Durham Constabulary,-1.549084,54.690115,On or near Windsor Avenue,E01020799,County Durham 050C,Burglary,,
,2011-03,Durham Constabulary,Durham Constabulary,-1.548992,54.687275,On or near Broom Road,E01020799,County Durham 050C,Vehicle crime,,
,2011-03,Durham Constabulary,Durham Constabulary,-1.548283,54.685457,On or near Beech Grove,E01020799,County Durham 050C,Vehicle crime,,
,2011-03,Durham Constabulary,Durham Constabulary,-1.549084,54.690115,On or near Windsor Avenue,E01020799,County Durham 050C,Vehicle crime,,
,2011-03,Durham Constabulary,Durham Constabulary,-1.548992,54.687275,On or near Broom Road,E01020799,County Durham 050C,Vehicle crime,,
,2011-03,Durham Constabulary,Durham Constabulary,-1.548992,54.687275,On or near Broom Road,E01020799,County Durham 050C,Other crime,,
,2011-03,Durham Constabulary,Durham Constabulary,-1.551207,54.688910,On or near Chestnut Avenue,E01020799,County Durham 050C,Other crime,,
,2011-03,Durham Constabulary,Durham Constabulary,-1.551207,54.688910,On or near Chestnut Avenue,E01020799,County Durham 050C,Other crime,,
,2011-03,Durham Constabulary,Durham Constabulary,-1.551207,54.688910,On or near Chestnut Avenue,E01020799,County Durham 050C,Other crime,,
,2011-03,Durham Constabulary,Durham Constabulary,-1.554194,54.689559,On or near Market Street,E01020808,County Durham 050D,Anti-social behaviour,,
,2011-03,Durham Constabulary,Durham Constabulary,-1.550860,54.690841,On or near Hallgarth Terrace,E01020808,County Durham 050D,Anti-social behaviour,,
,2011-03,Durham Constabulary,Durham Constabulary,-1.550860,54.690841,On or near Hallgarth Terrace,E01020808,County Durham 050D,Anti-social behaviour,,
,2011-03,Durham Constabulary,Durham Constabulary,-1.549318,54.691383,On or near Priors Path,E01020808,County Durham 050D,Anti-social behaviour,,
,2011-03,Durham Constabulary,Durham Constabulary,-1.553926,54.689936,On or near North Street,E01020808,County Durham 050D,Anti-social behaviour,,
,2011-03,Durham Constabulary,Durham Constabulary,-1.555505,54.687461,On or near Bowness Grove,E01020808,County Durham 050D,Anti-social behaviour,,
,2011-03,Durham Constabulary,Durham Constabulary,-1.550860,54.690841,On or near Hallgarth Terrace,E01020808,County Durham 050D,Anti-social behaviour,,
,2011-03,Durham Constabulary,Durham Constabulary,-1.550224,54.690812,On or near Lanark Terrace,E01020808,County Durham 050D,Anti-social behaviour,,
,2011-03,Durham Constabulary,Durham Constabulary,-1.550860,54.690841,On or near Hallgarth Terrace,E01020808,County Durham 050D,Anti-social behaviour,,
,2011-03,Durham Constabulary,Durham Constabulary,-1.558996,54.690242,On or near Durham Road,E01020808,County Durham 050D,Anti-social behaviour,,
,2011-03,Durham Constabulary,Durham Constabulary,-1.554194,54.689559,On or near Market Street,E01020808,County Durham 050D,Other crime,,
,2011-03,Durham Constabulary,Durham Constabulary,-1.553926,54.689936,On or near North Street,E01020808,County Durham 050D,Other crime,,
,2011-03,Durham Constabulary,Durham Constabulary,-1.553926,54.689936,On or near North Street,E01020808,County Durham 050D,Other crime,,
,2011-03,Durham Constabulary,Durham Constabulary,-1.553926,54.689936,On or near North Street,E01020808,County Durham 050D,Other crime,,
,2011-03,Durham Constabulary,Durham Constabulary,-1.550224,54.690812,On or near Lanark Terrace,E01020808,County Durham 050D,Other crime,,
,2011-03,Durham Constabulary,Durham Constabulary,-1.553926,54.689936,On or near North Street,E01020808,County Durham 050D,Other crime,,
,2011-03,Durham Constabulary,Durham Constabulary,-1.556809,54.687304,On or near Dunning Road,E01020808,County Durham 050D,Other crime,,
,2011-03,Durham Constabulary,Durham Constabulary,-1.556809,54.687304,On or near Dunning Road,E01020808,County Durham 050D,Other crime,,
,2011-03,Durham Constabulary,Durham Constabulary,-1.553926,54.689936,On or near North Street,E01020808,County Durham 050D,Other crime,,
,2011-03,Durham Constabulary,Durham Constabulary,-1.625906,54.664621,On or near Hartley Avenue,E01020873,County Durham 051A,Anti-social behaviour,,
,2011-03,Durham Constabulary,Durham Constabulary,-1.624212,54.661731,On or near Hambleton Road,E01020873,County Durham 051A,Anti-social behaviour,,
,2011-03,Durham Constabulary,Durham Constabulary,-1.629991,54.662099,On or near Wilson Avenue,E01020873,County Durham 051A,Anti-social behaviour,,
,2011-03,Durham Constabulary,Durham Constabulary,-1.625906,54.664621,On or near Hartley Avenue,E01020873,County Durham 051A,Anti-social behaviour,,
,2011-03,Durham Constabulary,Durham Constabulary,-1.627508,54.662433,On or near Victoria Lane,E01020873,County Durham 051A,Anti-social behaviour,,
,2011-03,Durham Constabulary,Durham Constabulary,-1.624212,54.661731,On or near Hambleton Road,E01020873,County Durham 051A,Anti-social behaviour,,
,2011-03,Durham Constabulary,Durham Constabulary,-1.629991,54.662099,On or near Wilson Avenue,E01020873,County Durham 051A,Anti-social behaviour,,
,2011-03,Durham Constabulary,Durham Constabulary,-1.625906,54.664621,On or near Hartley Avenue,E01020873,County Durham 051A,Anti-social behaviour,,
,2011-03,Durham Constabulary,Durham Constabulary,-1.625491,54.665967,On or near York Close,E01020873,County Durham 051A,Anti-social behaviour,,
,2011-03,Durham Constabulary,Durham Constabulary,-1.625906,54.664621,On or near Hartley Avenue,E01020873,County Durham 051A,Anti-social behaviour,,
,2011-03,Durham Constabulary,Durham Constabulary,-1.625491,54.665967,On or near York Close,E01020873,County Durham 051A,Anti-social behaviour,,
,2011-03,Durham Constabulary,Durham Constabulary,-1.624212,54.661731,On or near Hambleton Road,E01020873,County Durham 051A,Anti-social behaviour,,
,2011-03,Durham Constabulary,Durham Constabulary,-1.625293,54.662219,On or near Malvern Walk,E01020873,County Durham 051A,Anti-social behaviour,,
,2011-03,Durham Constabulary,Durham Constabulary,-1.625293,54.662219,On or near Malvern Walk,E01020873,County Durham 051A,Anti-social behaviour,,
,2011-03,Durham Constabulary,Durham Constabulary,-1.624212,54.661731,On or near Hambleton Road,E01020873,County Durham 051A,Anti-social behaviour,,
,2011-03,Durham Constabulary,Durham Constabulary,-1.625906,54.664621,On or near Hartley Avenue,E01020873,County Durham 051A,Anti-social behaviour,,
,2011-03,Durham Constabulary,Durham Constabulary,-1.625906,54.664621,On or near Hartley Avenue,E01020873,County Durham 051A,Anti-social behaviour,,
,2011-03,Durham Constabulary,Durham Constabulary,-1.625906,54.664621,On or near Hartley Avenue,E01020873,County Durham 051A,Anti-social behaviour,,
,2011-03,Durham Constabulary,Durham Constabulary,-1.625906,54.664621,On or near Hartley Avenue,E01020873,County Durham 051A,Anti-social behaviour,,
,2011-03,Durham Constabulary,Durham Constabulary,-1.625906,54.664621,On or near Hartley Avenue,E01020873,County Durham 051A,Anti-social behaviour,,
,2011-03,Durham Constabulary,Durham Constabulary,-1.626587,54.661442,On or near Helmsley Drive,E01020873,County Durham 051A,Anti-social behaviour,,
,2011-03,Durham Constabulary,Durham Constabulary,-1.624212,54.661731,On or near Hambleton Road,E01020873,County Durham 051A,Anti-social behaviour,,
,2011-03,Durham Constabulary,Durham Constabulary,-1.625906,54.664621,On or near Hartley Avenue,E01020873,County Durham 051A,Anti-social behaviour,,
,2011-03,Durham Constabulary,Durham Constabulary,-1.624212,54.661731,On or near Hambleton Road,E01020873,County Durham 051A,Anti-social behaviour,,
,2011-03,Durham Constabulary,Durham Constabulary,-1.625906,54.664621,On or near Hartley Avenue,E01020873,County Durham 051A,Anti-social behaviour,,
,2011-03,Durham Constabulary,Durham Constabulary,-1.625906,54.664621,On or near Hartley Avenue,E01020873,County Durham 051A,Anti-social behaviour,,
,2011-03,Durham Constabulary,Durham Constabulary,-1.625906,54.664621,On or near Hartley Avenue,E01020873,County Durham 051A,Anti-social behaviour,,
,2011-03,Durham Constabulary,Durham Constabulary,-1.621717,54.664949,On or near Leeholme Road,E01020873,County Durham 051A,Anti-social behaviour,,
,2011-03,Durham Constabulary,Durham Constabulary,-1.623715,54.665216,On or near Addison Road,E01020873,County Durham 051A,Violent crime,,
,2011-03,Durham Constabulary,Durham Constabulary,-1.621717,54.664949,On or near Leeholme Road,E01020873,County Durham 051A,Violent crime,,
,2011-03,Durham Constabulary,Durham Constabulary,-1.623715,54.665216,On or near Addison Road,E01020873,County Durham 051A,Violent crime,,
,2011-03,Durham Constabulary,Durham Constabulary,-1.621717,54.664949,On or near Leeholme Road,E01020873,County Durham 051A,Violent crime,,
,2011-03,Durham Constabulary,Durham Constabulary,-1.624212,54.661731,On or near Hambleton Road,E01020873,County Durham 051A,Violent crime,,
,2011-03,Durham Constabulary,Durham Constabulary,-1.621717,54.664949,On or near Leeholme Road,E01020873,County Durham 051A,Violent crime,,
,2011-03,Durham Constabulary,Durham Constabulary,-1.625293,54.662219,On or near Malvern Walk,E01020873,County Durham 051A,Violent crime,,
,2011-03,Durham Constabulary,Durham Constabulary,-1.625293,54.662219,On or near Malvern Walk,E01020873,County Durham 051A,Violent crime,,
,2011-03,Durham Constabulary,Durham Constabulary,-1.629991,54.662099,On or near Wilson Avenue,E01020873,County Durham 051A,Other crime,,
,2011-03,Durham Constabulary,Durham Constabulary,-1.629991,54.662099,On or near Wilson Avenue,E01020873,County Durham 051A,Other crime,,
,2011-03,Durham Constabulary,Durham Constabulary,-1.622305,54.665059,On or near Kent Street,E01020873,County Durham 051A,Other crime,,
,2011-03,Durham Constabulary,Durham Constabulary,-1.621717,54.664949,On or near Leeholme Road,E01020873,County Durham 051A,Other crime,,
,2011-03,Durham Constabulary,Durham Constabulary,-1.621717,54.664949,On or near Leeholme Road,E01020873,County Durham 051A,Other crime,,
,2011-03,Durham Constabulary,Durham Constabulary,-1.683813,54.696329,On or near New Park,E01020875,County Durham 051B,Anti-social behaviour,,
,2011-03,Durham Constabulary,Durham Constabulary,-1.635392,54.664865,On or near Lingmell Dene,E01020875,County Durham 051B,Anti-social behaviour,,
,2011-03,Durham Constabulary,Durham Constabulary,-1.682683,54.695930,On or near Garden Street,E01020875,County Durham 051B,Anti-social behaviour,,
,2011-03,Durham Constabulary,Durham Constabulary,-1.653056,54.660577,On or near Durham Road,E01020875,County Durham 051B,Anti-social behaviour,,
,2011-03,Durham Constabulary,Durham Constabulary,-1.678998,54.698976,On or near Primrose Hill,E01020875,County Durham 051B,Anti-social behaviour,,
,2011-03,Durham Constabulary,Durham Constabulary,-1.645685,54.682788,On or near Granville Terrace,E01020875,County Durham 051B,Anti-social behaviour,,
,2011-03,Durham Constabulary,Durham Constabulary,-1.635392,54.664865,On or near Lingmell Dene,E01020875,County Durham 051B,Anti-social behaviour,,
,2011-03,Durham Constabulary,Durham Constabulary,-1.682683,54.695930,On or near Garden Street,E01020875,County Durham 051B,Anti-social behaviour,,
,2011-03,Durham Constabulary,Durham Constabulary,-1.645685,54.682788,On or near Granville Terrace,E01020875,County Durham 051B,Burglary,,
,2011-03,Durham Constabulary,Durham Constabulary,-1.653056,54.660577,On or near Durham Road,E01020875,County Durham 051B,Burglary,,
,2011-03,Durham Constabulary,Durham Constabulary,-1.678998,54.698976,On or near Primrose Hill,E01020875,County Durham 051B,Vehicle crime,,
,2011-03,Durham Constabulary,Durham Constabulary,-1.631154,54.663801,On or near Wharton Street,E01020875,County Durham 051B,Violent crime,,
,2011-03,Durham Constabulary,Durham Constabulary,-1.645685,54.682788,On or near Granville Terrace,E01020875,County Durham 051B,Other crime,,
,2011-03,Durham Constabulary,Durham Constabulary,-1.645685,54.682788,On or near Granville Terrace,E01020875,County Durham 051B,Other crime,,
,2011-03,Durham Constabulary,Durham Constabulary,-1.653056,54.660577,On or near Durham Road,E01020875,County Durham 051B,Other crime,,
,2011-03,Durham Constabulary,Durham Constabulary,-1.645685,54.682788,On or near Granville Terrace,E01020875,County Durham 051B,Other crime,,
,2011-03,Durham Constabulary,Durham Constabulary,-1.645685,54.682788,On or near Granville Terrace,E01020875,County Durham 051B,Other crime,,
,2011-03,Durham Constabulary,Durham Constabulary,-1.675857,54.709527,On or near Oak Avenue,E01020900,County Durham 051C,Anti-social behaviour,,
,2011-03,Durham Constabulary,Durham Constabulary,-1.683553,54.709772,On or near Vicarage Gardens,E01020900,County Durham 051C,Anti-social behaviour,,
,2011-03,Durham Constabulary,Durham Constabulary,-1.684993,54.710279,On or near Priory Gardens,E01020900,County Durham 051C,Anti-social behaviour,,
,2011-03,Durham Constabulary,Durham Constabulary,-1.675857,54.709527,On or near Oak Avenue,E01020900,County Durham 051C,Anti-social behaviour,,
,2011-03,Durham Constabulary,Durham Constabulary,-1.674001,54.710690,On or near Cedar Crescent,E01020900,County Durham 051C,Anti-social behaviour,,
,2011-03,Durham Constabulary,Durham Constabulary,-1.674001,54.710690,On or near Cedar Crescent,E01020900,County Durham 051C,Anti-social behaviour,,
,2011-03,Durham Constabulary,Durham Constabulary,-1.684993,54.710279,On or near Priory Gardens,E01020900,County Durham 051C,Anti-social behaviour,,
,2011-03,Durham Constabulary,Durham Constabulary,-1.675857,54.709527,On or near Oak Avenue,E01020900,County Durham 051C,Anti-social behaviour,,
,2011-03,Durham Constabulary,Durham Constabulary,-1.678339,54.709687,On or near Church View,E01020900,County Durham 051C,Anti-social behaviour,,
,2011-03,Durham Constabulary,Durham Constabulary,-1.674001,54.710690,On or near Cedar Crescent,E01020900,County Durham 051C,Violent crime,,
,2011-03,Durham Constabulary,Durham Constabulary,-1.682180,54.708690,On or near Low Willington,E01020900,County Durham 051C,Other crime,,
,2011-03,Durham Constabulary,Durham Constabulary,-1.693641,54.709879,On or near Cambridge Avenue,E01020901,County Durham 051D,Anti-social behaviour,,
,2011-03,Durham Constabulary,Durham Constabulary,-1.692852,54.711602,On or near St. Thomas Close,E01020901,County Durham 051D,Anti-social behaviour,,
,2011-03,Durham Constabulary,Durham Constabulary,-1.691642,54.711455,On or near Lydia Street,E01020901,County Durham 051D,Anti-social behaviour,,
,2011-03,Durham Constabulary,Durham Constabulary,-1.690502,54.710329,On or near Commercial Street,E01020901,County Durham 051D,Anti-social behaviour,,
,2011-03,Durham Constabulary,Durham Constabulary,-1.692208,54.708428,On or near Hall Lane Estate,E01020901,County Durham 051D,Anti-social behaviour,,
,2011-03,Durham Constabulary,Durham Constabulary,-1.690502,54.710329,On or near Commercial Street,E01020901,County Durham 051D,Anti-social behaviour,,
,2011-03,Durham Constabulary,Durham Constabulary,-1.690502,54.710329,On or near Commercial Street,E01020901,County Durham 051D,Anti-social behaviour,,
,2011-03,Durham Constabulary,Durham Constabulary,-1.692208,54.708428,On or near Hall Lane Estate,E01020901,County Durham 051D,Anti-social behaviour,,
,2011-03,Durham Constabulary,Durham Constabulary,-1.690502,54.710329,On or near Commercial Street,E01020901,County Durham 051D,Anti-social behaviour,,
,2011-03,Durham Constabulary,Durham Constabulary,-1.692852,54.711602,On or near St. Thomas Close,E01020901,County Durham 051D,Violent crime,,
,2011-03,Durham Constabulary,Durham Constabulary,-1.693641,54.709879,On or near Cambridge Avenue,E01020901,County Durham 051D,Other crime,,
,2011-03,Durham Constabulary,Durham Constabulary,-1.690502,54.710329,On or near Commercial Street,E01020901,County Durham 051D,Other crime,,
,2011-03,Durham Constabulary,Durham Constabulary,-1.691642,54.711455,On or near Lydia Street,E01020901,County Durham 051D,Other crime,,
,2011-03,Durham Constabulary,Durham Constabulary,-1.691642,54.711455,On or near Lydia Street,E01020901,County Durham 051D,Other crime,,
,2011-03,Durham Constabulary,Durham Constabulary,-1.708098,54.706607,On or near St. Johns Gardens,E01020902,County Durham 051E,Anti-social behaviour,,
,2011-03,Durham Constabulary,Durham Constabulary,-1.708098,54.706607,On or near St. Johns Gardens,E01020902,County Durham 051E,Anti-social behaviour,,
,2011-03,Durham Constabulary,Durham Constabulary,-1.696049,54.703262,On or near South Street,E01020902,County Durham 051E,Anti-social behaviour,,
,2011-03,Durham Constabulary,Durham Constabulary,-1.697642,54.703958,On or near Rockingham Road,E01020902,County Durham 051E,Anti-social behaviour,,
,2011-03,Durham Constabulary,Durham Constabulary,-1.694591,54.705298,On or near Chester Drive,E01020902,County Durham 051E,Anti-social behaviour,,
,2011-03,Durham Constabulary,Durham Constabulary,-1.695077,54.706629,On or near Canterbury Crescent,E01020902,County Durham 051E,Anti-social behaviour,,
,2011-03,Durham Constabulary,Durham Constabulary,-1.699083,54.704321,On or near Moorland Close,E01020902,County Durham 051E,Anti-social behaviour,,
,2011-03,Durham Constabulary,Durham Constabulary,-1.695077,54.706629,On or near Canterbury Crescent,E01020902,County Durham 051E,Anti-social behaviour,,
,2011-03,Durham Constabulary,Durham Constabulary,-1.697642,54.703958,On or near Rockingham Road,E01020902,County Durham 051E,Anti-social behaviour,,
,2011-03,Durham Constabulary,Durham Constabulary,-1.697369,54.705206,On or near Dovedale Avenue,E01020902,County Durham 051E,Anti-social behaviour,,
,2011-03,Durham Constabulary,Durham Constabulary,-1.699083,54.704321,On or near Moorland Close,E01020902,County Durham 051E,Anti-social behaviour,,
,2011-03,Durham Constabulary,Durham Constabulary,-1.697642,54.703958,On or near Rockingham Road,E01020902,County Durham 051E,Anti-social behaviour,,
,2011-03,Durham Constabulary,Durham Constabulary,-1.696049,54.703262,On or near South Street,E01020902,County Durham 051E,Anti-social behaviour,,
,2011-03,Durham Constabulary,Durham Constabulary,-1.696049,54.703262,On or near South Street,E01020902,County Durham 051E,Violent crime,,
,2011-03,Durham Constabulary,Durham Constabulary,-1.697642,54.703958,On or near Rockingham Road,E01020902,County Durham 051E,Violent crime,,
,2011-03,Durham Constabulary,Durham Constabulary,-1.696049,54.703262,On or near South Street,E01020902,County Durham 051E,Other crime,,
,2011-03,Durham Constabulary,Durham Constabulary,-1.696049,54.703262,On or near South Street,E01020902,County Durham 051E,Other crime,,
,2011-03,Durham Constabulary,Durham Constabulary,-1.695077,54.706629,On or near Canterbury Crescent,E01020902,County Durham 051E,Other crime,,
,2011-03,Durham Constabulary,Durham Constabulary,-1.658932,54.701258,On or near Greenhills,E01020821,County Durham 052A,Anti-social behaviour,,
,2011-03,Durham Constabulary,Durham Constabulary,-1.657110,54.702017,On or near Green Rise,E01020821,County Durham 052A,Anti-social behaviour,,
,2011-03,Durham Constabulary,Durham Constabulary,-1.623028,54.687537,On or near Willow Road,E01020821,County Durham 052A,Anti-social behaviour,,
,2011-03,Durham Constabulary,Durham Constabulary,-1.657110,54.702017,On or near Green Rise,E01020821,County Durham 052A,Anti-social behaviour,,
,2011-03,Durham Constabulary,Durham Constabulary,-1.619492,54.694005,On or near Aspen Close,E01020821,County Durham 052A,Anti-social behaviour,,
,2011-03,Durham Constabulary,Durham Constabulary,-1.657110,54.702017,On or near Green Rise,E01020821,County Durham 052A,Anti-social behaviour,,
,2011-03,Durham Constabulary,Durham Constabulary,-1.657110,54.702017,On or near Green Rise,E01020821,County Durham 052A,Anti-social behaviour,,
,2011-03,Durham Constabulary,Durham Constabulary,-1.657110,54.702017,On or near Green Rise,E01020821,County Durham 052A,Anti-social behaviour,,
,2011-03,Durham Constabulary,Durham Constabulary,-1.657110,54.702017,On or near Green Rise,E01020821,County Durham 052A,Vehicle crime,,
,2011-03,Durham Constabulary,Durham Constabulary,-1.622495,54.688065,On or near Albion Street,E01020821,County Durham 052A,Violent crime,,
,2011-03,Durham Constabulary,Durham Constabulary,-1.619492,54.694005,On or near Aspen Close,E01020821,County Durham 052A,Other crime,,
,2011-03,Durham Constabulary,Durham Constabulary,-1.651924,54.698677,On or near High Street,E01020821,County Durham 052A,Other crime,,
,2011-03,Durham Constabulary,Durham Constabulary,-1.652874,54.700108,On or near Wilkinson Street,E01020821,County Durham 052A,Other crime,,
,2011-03,Durham Constabulary,Durham Constabulary,-1.594339,54.675789,On or near Merrington Close,E01020822,County Durham 052B,Anti-social behaviour,,
,2011-03,Durham Constabulary,Durham Constabulary,-1.591818,54.676670,On or near Beckwith Close,E01020822,County Durham 052B,Anti-social behaviour,,
,2011-03,Durham Constabulary,Durham Constabulary,-1.595617,54.673546,On or near Blue House Estate,E01020822,County Durham 052B,Anti-social behaviour,,
,2011-03,Durham Constabulary,Durham Constabulary,-1.596666,54.677234,On or near St. Johns Court,E01020822,County Durham 052B,Anti-social behaviour,,
,2011-03,Durham Constabulary,Durham Constabulary,-1.596476,54.683902,On or near Ridgeside,E01020822,County Durham 052B,Anti-social behaviour,,
,2011-03,Durham Constabulary,Durham Constabulary,-1.595617,54.673546,On or near Blue House Estate,E01020822,County Durham 052B,Anti-social behaviour,,
,2011-03,Durham Constabulary,Durham Constabulary,-1.591818,54.676670,On or near Beckwith Close,E01020822,County Durham 052B,Other crime,,
,2011-03,Durham Constabulary,Durham Constabulary,-1.617403,54.686917,On or near South View,E01020822,County Durham 052B,Other crime,,
,2011-03,Durham Constabulary,Durham Constabulary,-1.617589,54.690243,On or near Briar Close,E01020823,County Durham 052C,Anti-social behaviour,,
,2011-03,Durham Constabulary,Durham Constabulary,-1.613642,54.690904,On or near Heath Road,E01020823,County Durham 052C,Anti-social behaviour,,
,2011-03,Durham Constabulary,Durham Constabulary,-1.617662,54.689075,On or near Moorside,E01020823,County Durham 052C,Anti-social behaviour,,
,2011-03,Durham Constabulary,Durham Constabulary,-1.617662,54.689075,On or near Moorside,E01020823,County Durham 052C,Anti-social behaviour,,
,2011-03,Durham Constabulary,Durham Constabulary,-1.615066,54.689642,On or near Thorn Close,E01020823,County Durham 052C,Anti-social behaviour,,
,2011-03,Durham Constabulary,Durham Constabulary,-1.617662,54.689075,On or near Moorside,E01020823,County Durham 052C,Anti-social behaviour,,
,2011-03,Durham Constabulary,Durham Constabulary,-1.614906,54.688482,On or near Fern Grove,E01020823,County Durham 052C,Anti-social behaviour,,
,2011-03,Durham Constabulary,Durham Constabulary,-1.619126,54.690023,On or near Heather Grove,E01020823,County Durham 052C,Anti-social behaviour,,
,2011-03,Durham Constabulary,Durham Constabulary,-1.617980,54.689831,On or near North Drive,E01020823,County Durham 052C,Anti-social behaviour,,
,2011-03,Durham Constabulary,Durham Constabulary,-1.613642,54.690904,On or near Heath Road,E01020823,County Durham 052C,Anti-social behaviour,,
,2011-03,Durham Constabulary,Durham Constabulary,-1.617662,54.689075,On or near Moorside,E01020823,County Durham 052C,Anti-social behaviour,,
,2011-03,Durham Constabulary,Durham Constabulary,-1.617662,54.689075,On or near Moorside,E01020823,County Durham 052C,Anti-social behaviour,,
,2011-03,Durham Constabulary,Durham Constabulary,-1.618816,54.688404,On or near Lyne Road,E01020823,County Durham 052C,Anti-social behaviour,,
,2011-03,Durham Constabulary,Durham Constabulary,-1.615066,54.689642,On or near Thorn Close,E01020823,County Durham 052C,Anti-social behaviour,,
,2011-03,Durham Constabulary,Durham Constabulary,-1.613642,54.690904,On or near Heath Road,E01020823,County Durham 052C,Anti-social behaviour,,
,2011-03,Durham Constabulary,Durham Constabulary,-1.615417,54.690218,On or near Central Drive,E01020823,County Durham 052C,Other crime,,
,2011-03,Durham Constabulary,Durham Constabulary,-1.617662,54.689075,On or near Moorside,E01020823,County Durham 052C,Other crime,,
,2011-03,Durham Constabulary,Durham Constabulary,-1.613642,54.690904,On or near Heath Road,E01020823,County Durham 052C,Other crime,,
,2011-03,Durham Constabulary,Durham Constabulary,-1.617589,54.690243,On or near Briar Close,E01020823,County Durham 052C,Other crime,,
,2011-03,Durham Constabulary,Durham Constabulary,-1.615066,54.689642,On or near Thorn Close,E01020823,County Durham 052C,Other crime,,
,2011-03,Durham Constabulary,Durham Constabulary,-1.603217,54.694124,On or near Atherton Close,E01020835,County Durham 052D,Anti-social behaviour,,
,2011-03,Durham Constabulary,Durham Constabulary,-1.604669,54.696294,On or near Stratton Street,E01020835,County Durham 052D,Anti-social behaviour,,
,2011-03,Durham Constabulary,Durham Constabulary,-1.604669,54.696294,On or near Stratton Street,E01020835,County Durham 052D,Anti-social behaviour,,
,2011-03,Durham Constabulary,Durham Constabulary,-1.604669,54.696294,On or near Stratton Street,E01020835,County Durham 052D,Anti-social behaviour,,
,2011-03,Durham Constabulary,Durham Constabulary,-1.606209,54.695949,On or near Craddock Street,E01020835,County Durham 052D,Anti-social behaviour,,
,2011-03,Durham Constabulary,Durham Constabulary,-1.607128,54.697201,On or near Rosa Street,E01020835,County Durham 052D,Anti-social behaviour,,
,2011-03,Durham Constabulary,Durham Constabulary,-1.602715,54.696198,On or near Baff Street,E01020835,County Durham 052D,Anti-social behaviour,,
,2011-03,Durham Constabulary,Durham Constabulary,-1.607128,54.697201,On or near Rosa Street,E01020835,County Durham 052D,Anti-social behaviour,,
,2011-03,Durham Constabulary,Durham Constabulary,-1.604669,54.696294,On or near Stratton Street,E01020835,County Durham 052D,Anti-social behaviour,,
,2011-03,Durham Constabulary,Durham Constabulary,-1.604669,54.696294,On or near Stratton Street,E01020835,County Durham 052D,Robbery,,
,2011-03,Durham Constabulary,Durham Constabulary,-1.603217,54.694124,On or near Atherton Close,E01020835,County Durham 052D,Vehicle crime,,
,2011-03,Durham Constabulary,Durham Constabulary,-1.604423,54.694478,On or near Ivy Close,E01020835,County Durham 052D,Violent crime,,
,2011-03,Durham Constabulary,Durham Constabulary,-1.607128,54.697201,On or near Rosa Street,E01020835,County Durham 052D,Violent crime,,
,2011-03,Durham Constabulary,Durham Constabulary,-1.607128,54.697201,On or near Rosa Street,E01020835,County Durham 052D,Violent crime,,
,2011-03,Durham Constabulary,Durham Constabulary,-1.607128,54.697201,On or near Rosa Street,E01020835,County Durham 052D,Violent crime,,
,2011-03,Durham Constabulary,Durham Constabulary,-1.604669,54.696294,On or near Stratton Street,E01020835,County Durham 052D,Violent crime,,
,2011-03,Durham Constabulary,Durham Constabulary,-1.603833,54.696157,On or near South Street,E01020835,County Durham 052D,Violent crime,,
,2011-03,Durham Constabulary,Durham Constabulary,-1.604669,54.696294,On or near Stratton Street,E01020835,County Durham 052D,Violent crime,,
,2011-03,Durham Constabulary,Durham Constabulary,-1.607128,54.697201,On or near Rosa Street,E01020835,County Durham 052D,Other crime,,
,2011-03,Durham Constabulary,Durham Constabulary,-1.604423,54.694478,On or near Ivy Close,E01020835,County Durham 052D,Other crime,,
,2011-03,Durham Constabulary,Durham Constabulary,-1.604423,54.694478,On or near Ivy Close,E01020835,County Durham 052D,Other crime,,
,2011-03,Durham Constabulary,Durham Constabulary,-1.604669,54.696294,On or near Stratton Street,E01020835,County Durham 052D,Other crime,,
,2011-03,Durham Constabulary,Durham Constabulary,-1.610857,54.696656,On or near St. Pauls Gardens,E01020836,County Durham 052E,Anti-social behaviour,,
,2011-03,Durham Constabulary,Durham Constabulary,-1.608019,54.693241,On or near Chestnut Avenue,E01020836,County Durham 052E,Anti-social behaviour,,
,2011-03,Durham Constabulary,Durham Constabulary,-1.604445,54.698630,On or near Dickens Street,E01020836,County Durham 052E,Anti-social behaviour,,
,2011-03,Durham Constabulary,Durham Constabulary,-1.604445,54.698630,On or near Dickens Street,E01020836,County Durham 052E,Anti-social behaviour,,
,2011-03,Durham Constabulary,Durham Constabulary,-1.607015,54.699259,On or near Jubilee Close,E01020836,County Durham 052E,Anti-social behaviour,,
,2011-03,Durham Constabulary,Durham Constabulary,-1.604445,54.698630,On or near Dickens Street,E01020836,County Durham 052E,Anti-social behaviour,,
,2011-03,Durham Constabulary,Durham Constabulary,-1.606038,54.699193,On or near North Street,E01020836,County Durham 052E,Anti-social behaviour,,
,2011-03,Durham Constabulary,Durham Constabulary,-1.604593,54.699359,On or near Jackson Street,E01020836,County Durham 052E,Anti-social behaviour,,
,2011-03,Durham Constabulary,Durham Constabulary,-1.612614,54.699492,On or near Alnwick Drive,E01020836,County Durham 052E,Anti-social behaviour,,
,2011-03,Durham Constabulary,Durham Constabulary,-1.604593,54.699359,On or near Jackson Street,E01020836,County Durham 052E,Anti-social behaviour,,
,2011-03,Durham Constabulary,Durham Constabulary,-1.604445,54.698630,On or near Dickens Street,E01020836,County Durham 052E,Anti-social behaviour,,
,2011-03,Durham Constabulary,Durham Constabulary,-1.604445,54.698630,On or near Dickens Street,E01020836,County Durham 052E,Anti-social behaviour,,
,2011-03,Durham Constabulary,Durham Constabulary,-1.604593,54.699359,On or near Jackson Street,E01020836,County Durham 052E,Anti-social behaviour,,
,2011-03,Durham Constabulary,Durham Constabulary,-1.604445,54.698630,On or near Dickens Street,E01020836,County Durham 052E,Anti-social behaviour,,
,2011-03,Durham Constabulary,Durham Constabulary,-1.612614,54.699492,On or near Alnwick Drive,E01020836,County Durham 052E,Anti-social behaviour,,
,2011-03,Durham Constabulary,Durham Constabulary,-1.604445,54.698630,On or near Dickens Street,E01020836,County Durham 052E,Anti-social behaviour,,
,2011-03,Durham Constabulary,Durham Constabulary,-1.611132,54.693862,On or near Inglesgarth Court,E01020836,County Durham 052E,Burglary,,
,2011-03,Durham Constabulary,Durham Constabulary,-1.604445,54.698630,On or near Dickens Street,E01020836,County Durham 052E,Violent crime,,
,2011-03,Durham Constabulary,Durham Constabulary,-1.604578,54.699269,On or near Dundas Street,E01020836,County Durham 052E,Violent crime,,
,2011-03,Durham Constabulary,Durham Constabulary,-1.604445,54.698630,On or near Dickens Street,E01020836,County Durham 052E,Violent crime,,
,2011-03,Durham Constabulary,Durham Constabulary,-1.604445,54.698630,On or near Dickens Street,E01020836,County Durham 052E,Violent crime,,
,2011-03,Durham Constabulary,Durham Constabulary,-1.608031,54.696836,On or near Flora Street,E01020836,County Durham 052E,Other crime,,
,2011-03,Durham Constabulary,Durham Constabulary,-1.613872,54.692783,On or near West Terrace,E01020836,County Durham 052E,Other crime,,
,2011-03,Durham Constabulary,Durham Constabulary,-1.609445,54.691727,On or near Beech Avenue,E01020836,County Durham 052E,Other crime,,
,2011-03,Durham Constabulary,Durham Constabulary,-1.604445,54.698630,On or near Dickens Street,E01020836,County Durham 052E,Other crime,,
,2011-03,Durham Constabulary,Durham Constabulary,-1.559597,54.659060,On or near Durham Road,E01020803,County Durham 053B,Anti-social behaviour,,
,2011-03,Durham Constabulary,Durham Constabulary,-1.549350,54.659130,On or near Arthur Street,E01020803,County Durham 053B,Anti-social behaviour,,
,2011-03,Durham Constabulary,Durham Constabulary,-1.558812,54.658545,On or near New South View,E01020803,County Durham 053B,Anti-social behaviour,,
,2011-03,Durham Constabulary,Durham Constabulary,-1.549268,54.659516,On or near Albert Street,E01020803,County Durham 053B,Anti-social behaviour,,
,2011-03,Durham Constabulary,Durham Constabulary,-1.559597,54.659060,On or near Durham Road,E01020803,County Durham 053B,Anti-social behaviour,,
,2011-03,Durham Constabulary,Durham Constabulary,-1.549268,54.659516,On or near Albert Street,E01020803,County Durham 053B,Anti-social behaviour,,
,2011-03,Durham Constabulary,Durham Constabulary,-1.558812,54.658545,On or near New South View,E01020803,County Durham 053B,Anti-social behaviour,,
,2011-03,Durham Constabulary,Durham Constabulary,-1.565543,54.652404,On or near Rookery Gardens,E01020803,County Durham 053B,Anti-social behaviour,,
,2011-03,Durham Constabulary,Durham Constabulary,-1.556917,54.663184,On or near Eden Terrace,E01020803,County Durham 053B,Anti-social behaviour,,
,2011-03,Durham Constabulary,Durham Constabulary,-1.562424,54.659924,On or near Millwood,E01020803,County Durham 053B,Anti-social behaviour,,
,2011-03,Durham Constabulary,Durham Constabulary,-1.565543,54.652404,On or near Rookery Gardens,E01020803,County Durham 053B,Anti-social behaviour,,
,2011-03,Durham Constabulary,Durham Constabulary,-1.559483,54.663867,On or near Wordsworth Road,E01020803,County Durham 053B,Anti-social behaviour,,
,2011-03,Durham Constabulary,Durham Constabulary,-1.549350,54.659130,On or near Arthur Street,E01020803,County Durham 053B,Anti-social behaviour,,
,2011-03,Durham Constabulary,Durham Constabulary,-1.555686,54.658039,On or near Lyndhurst Road,E01020803,County Durham 053B,Violent crime,,
,2011-03,Durham Constabulary,Durham Constabulary,-1.565543,54.652404,On or near Rookery Gardens,E01020803,County Durham 053B,Other crime,,
,2011-03,Durham Constabulary,Durham Constabulary,-1.549350,54.659130,On or near Arthur Street,E01020803,County Durham 053B,Other crime,,
,2011-03,Durham Constabulary,Durham Constabulary,-1.556385,54.662212,On or near The Crescent,E01020803,County Durham 053B,Other crime,,
,2011-03,Durham Constabulary,Durham Constabulary,-1.561285,54.663505,On or near Coleridge Road,E01020805,County Durham 053D,Anti-social behaviour,,
,2011-03,Durham Constabulary,Durham Constabulary,-1.563152,54.661463,On or near Beech Avenue,E01020805,County Durham 053D,Anti-social behaviour,,
,2011-03,Durham Constabulary,Durham Constabulary,-1.547821,54.659987,On or near Hambleton Way,E01020805,County Durham 053D,Anti-social behaviour,,
,2011-03,Durham Constabulary,Durham Constabulary,-1.552762,54.660392,On or near South Downs,E01020805,County Durham 053D,Anti-social behaviour,,
,2011-03,Durham Constabulary,Durham Constabulary,-1.549589,54.662699,On or near Alington Close,E01020805,County Durham 053D,Anti-social behaviour,,
,2011-03,Durham Constabulary,Durham Constabulary,-1.562030,54.663436,On or near Keats Road,E01020805,County Durham 053D,Anti-social behaviour,,
,2011-03,Durham Constabulary,Durham Constabulary,-1.558751,54.662705,On or near Tennyson Road,E01020805,County Durham 053D,Anti-social behaviour,,
,2011-03,Durham Constabulary,Durham Constabulary,-1.561285,54.663505,On or near Coleridge Road,E01020805,County Durham 053D,Anti-social behaviour,,
,2011-03,Durham Constabulary,Durham Constabulary,-1.561224,54.661969,On or near Ford Terrace,E01020805,County Durham 053D,Anti-social behaviour,,
,2011-03,Durham Constabulary,Durham Constabulary,-1.559802,54.663024,On or near Byron Road,E01020805,County Durham 053D,Anti-social behaviour,,
,2011-03,Durham Constabulary,Durham Constabulary,-1.562030,54.663436,On or near Keats Road,E01020805,County Durham 053D,Anti-social behaviour,,
,2011-03,Durham Constabulary,Durham Constabulary,-1.554038,54.662733,On or near Ruby Avenue,E01020805,County Durham 053D,Anti-social behaviour,,
,2011-03,Durham Constabulary,Durham Constabulary,-1.552762,54.660392,On or near South Downs,E01020805,County Durham 053D,Anti-social behaviour,,
,2011-03,Durham Constabulary,Durham Constabulary,-1.561938,54.661863,On or near Rosewood,E01020805,County Durham 053D,Anti-social behaviour,,
,2011-03,Durham Constabulary,Durham Constabulary,-1.547821,54.659987,On or near Hambleton Way,E01020805,County Durham 053D,Anti-social behaviour,,
,2011-03,Durham Constabulary,Durham Constabulary,-1.562030,54.663436,On or near Keats Road,E01020805,County Durham 053D,Burglary,,
,2011-03,Durham Constabulary,Durham Constabulary,-1.554038,54.662733,On or near Ruby Avenue,E01020805,County Durham 053D,Violent crime,,
,2011-03,Durham Constabulary,Durham Constabulary,-1.562030,54.663436,On or near Keats Road,E01020805,County Durham 053D,Other crime,,
,2011-03,Durham Constabulary,Durham Constabulary,-1.562030,54.663436,On or near Keats Road,E01020805,County Durham 053D,Other crime,,
,2011-03,Durham Constabulary,Durham Constabulary,-1.544405,54.684032,On or near Bertha Street,E01033203,County Durham 053E,Anti-social behaviour,,
,2011-03,Durham Constabulary,Durham Constabulary,-1.532559,54.678298,On or near Haig Street,E01033203,County Durham 053E,Anti-social behaviour,,
,2011-03,Durham Constabulary,Durham Constabulary,-1.534883,54.670327,On or near Lilac Road,E01033203,County Durham 053E,Anti-social behaviour,,
,2011-03,Durham Constabulary,Durham Constabulary,-1.544405,54.684032,On or near Bertha Street,E01033203,County Durham 053E,Anti-social behaviour,,
,2011-03,Durham Constabulary,Durham Constabulary,-1.529499,54.674710,On or near Church Street,E01033203,County Durham 053E,Anti-social behaviour,,
,2011-03,Durham Constabulary,Durham Constabulary,-1.544405,54.684032,On or near Bertha Street,E01033203,County Durham 053E,Anti-social behaviour,,
,2011-03,Durham Constabulary,Durham Constabulary,-1.534953,54.683196,On or near Babbacombe Drive,E01033203,County Durham 053E,Anti-social behaviour,,
,2011-03,Durham Constabulary,Durham Constabulary,-1.534953,54.683196,On or near Babbacombe Drive,E01033203,County Durham 053E,Anti-social behaviour,,
,2011-03,Durham Constabulary,Durham Constabulary,-1.535645,54.685086,On or near Cleves Avenue,E01033203,County Durham 053E,Anti-social behaviour,,
,2011-03,Durham Constabulary,Durham Constabulary,-1.529941,54.672698,On or near George Street,E01033203,County Durham 053E,Anti-social behaviour,,
,2011-03,Durham Constabulary,Durham Constabulary,-1.529650,54.675043,On or near Carlton Street,E01033203,County Durham 053E,Anti-social behaviour,,
,2011-03,Durham Constabulary,Durham Constabulary,-1.548259,54.683435,On or near Dean Park,E01033203,County Durham 053E,Anti-social behaviour,,
,2011-03,Durham Constabulary,Durham Constabulary,-1.529499,54.674710,On or near Church Street,E01033203,County Durham 053E,Anti-social behaviour,,
,2011-03,Durham Constabulary,Durham Constabulary,-1.544939,54.683468,On or near Kitchener Terrace,E01033203,County Durham 053E,Anti-social behaviour,,
,2011-03,Durham Constabulary,Durham Constabulary,-1.537228,54.686386,On or near Richmond Close,E01033203,County Durham 053E,Anti-social behaviour,,
,2011-03,Durham Constabulary,Durham Constabulary,-1.529650,54.675043,On or near Carlton Street,E01033203,County Durham 053E,Anti-social behaviour,,
,2011-03,Durham Constabulary,Durham Constabulary,-1.538465,54.683991,On or near Linden Road,E01033203,County Durham 053E,Anti-social behaviour,,
,2011-03,Durham Constabulary,Durham Constabulary,-1.544405,54.684032,On or near Bertha Street,E01033203,County Durham 053E,Anti-social behaviour,,
,2011-03,Durham Constabulary,Durham Constabulary,-1.534509,54.684102,On or near Widecombe Walk,E01033203,County Durham 053E,Anti-social behaviour,,
,2011-03,Durham Constabulary,Durham Constabulary,-1.548259,54.683435,On or near Dean Park,E01033203,County Durham 053E,Anti-social behaviour,,
,2011-03,Durham Constabulary,Durham Constabulary,-1.529650,54.675043,On or near Carlton Street,E01033203,County Durham 053E,Burglary,,
,2011-03,Durham Constabulary,Durham Constabulary,-1.544405,54.684032,On or near Bertha Street,E01033203,County Durham 053E,Violent crime,,
,2011-03,Durham Constabulary,Durham Constabulary,-1.529941,54.672698,On or near George Street,E01033203,County Durham 053E,Violent crime,,
,2011-03,Durham Constabulary,Durham Constabulary,-1.529941,54.672698,On or near George Street,E01033203,County Durham 053E,Violent crime,,
,2011-03,Durham Constabulary,Durham Constabulary,-1.544405,54.684032,On or near Bertha Street,E01033203,County Durham 053E,Other crime,,
,2011-03,Durham Constabulary,Durham Constabulary,-1.539297,54.684534,On or near Lumley Crescent,E01033203,County Durham 053E,Other crime,,
,2011-03,Durham Constabulary,Durham Constabulary,-1.544405,54.684032,On or near Bertha Street,E01033203,County Durham 053E,Other crime,,
,2011-03,Durham Constabulary,Durham Constabulary,-1.544405,54.684032,On or near Bertha Street,E01033203,County Durham 053E,Other crime,,
,2011-03,Durham Constabulary,Durham Constabulary,-1.529650,54.675043,On or near Carlton Street,E01033203,County Durham 053E,Other crime,,
,2011-03,Durham Constabulary,Durham Constabulary,-1.544405,54.684032,On or near Bertha Street,E01033203,County Durham 053E,Other crime,,
,2011-03,Durham Constabulary,Durham Constabulary,-1.490454,54.676996,On or near Front Street,E01020796,County Durham 054A,Anti-social behaviour,,
,2011-03,Durham Constabulary,Durham Constabulary,-1.442154,54.653813,On or near Beacon Avenue,E01020828,County Durham 054B,Anti-social behaviour,,
,2011-03,Durham Constabulary,Durham Constabulary,-1.442154,54.653813,On or near Beacon Avenue,E01020828,County Durham 054B,Anti-social behaviour,,
,2011-03,Durham Constabulary,Durham Constabulary,-1.489571,54.632382,On or near Harpington View,E01020828,County Durham 054B,Anti-social behaviour,,
,2011-03,Durham Constabulary,Durham Constabulary,-1.450749,54.649683,On or near The Meadows,E01020828,County Durham 054B,Anti-social behaviour,,
,2011-03,Durham Constabulary,Durham Constabulary,-1.450749,54.649683,On or near The Meadows,E01020828,County Durham 054B,Violent crime,,
,2011-03,Durham Constabulary,Durham Constabulary,-1.489571,54.632382,On or near Harpington View,E01020828,County Durham 054B,Other crime,,
,2011-03,Durham Constabulary,Durham Constabulary,-1.451221,54.654915,On or near North End,E01020829,County Durham 054C,Anti-social behaviour,,
,2011-03,Durham Constabulary,Durham Constabulary,-1.451069,54.665052,On or near Pasture Field,E01020829,County Durham 054C,Anti-social behaviour,,
,2011-03,Durham Constabulary,Durham Constabulary,-1.452755,54.653817,On or near West Park Lane,E01020829,County Durham 054C,Anti-social behaviour,,
,2011-03,Durham Constabulary,Durham Constabulary,-1.451221,54.654915,On or near North End,E01020829,County Durham 054C,Anti-social behaviour,,
,2011-03,Durham Constabulary,Durham Constabulary,-1.453256,54.651123,On or near Lambton Crescent,E01020829,County Durham 054C,Anti-social behaviour,,
,2011-03,Durham Constabulary,Durham Constabulary,-1.449134,54.655679,On or near The Garth,E01020829,County Durham 054C,Anti-social behaviour,,
,2011-03,Durham Constabulary,Durham Constabulary,-1.449506,54.659095,On or near Rosedale Close,E01020829,County Durham 054C,Anti-social behaviour,,
,2011-03,Durham Constabulary,Durham Constabulary,-1.450548,54.658857,On or near Conifer Avenue,E01020829,County Durham 054C,Anti-social behaviour,,
,2011-03,Durham Constabulary,Durham Constabulary,-1.453323,54.661143,On or near Kerr Crescent,E01020829,County Durham 054C,Burglary,,
,2011-03,Durham Constabulary,Durham Constabulary,-1.451078,54.659776,On or near Woodland Mews,E01020829,County Durham 054C,Burglary,,
,2011-03,Durham Constabulary,Durham Constabulary,-1.450885,54.667217,On or near Wellgarth Mews,E01020829,County Durham 054C,Other crime,,
,2011-03,Durham Constabulary,Durham Constabulary,-1.453256,54.651123,On or near Lambton Crescent,E01020829,County Durham 054C,Other crime,,
,2011-03,Durham Constabulary,Durham Constabulary,-1.451078,54.659776,On or near Woodland Mews,E01020829,County Durham 054C,Other crime,,
,2011-03,Durham Constabulary,Durham Constabulary,-1.448041,54.656276,On or near The Lane,E01020830,County Durham 054D,Anti-social behaviour,,
,2011-03,Durham Constabulary,Durham Constabulary,-1.444267,54.651163,On or near Thurlow Road,E01020830,County Durham 054D,Anti-social behaviour,,
,2011-03,Durham Constabulary,Durham Constabulary,-1.448031,54.653544,On or near Front Street,E01020830,County Durham 054D,Anti-social behaviour,,
,2011-03,Durham Constabulary,Durham Constabulary,-1.446206,54.656717,On or near Elm Avenue,E01020830,County Durham 054D,Anti-social behaviour,,
,2011-03,Durham Constabulary,Durham Constabulary,-1.448041,54.656276,On or near The Lane,E01020830,County Durham 054D,Anti-social behaviour,,
,2011-03,Durham Constabulary,Durham Constabulary,-1.448041,54.656276,On or near The Lane,E01020830,County Durham 054D,Anti-social behaviour,,
,2011-03,Durham Constabulary,Durham Constabulary,-1.446206,54.656717,On or near Elm Avenue,E01020830,County Durham 054D,Anti-social behaviour,,
,2011-03,Durham Constabulary,Durham Constabulary,-1.448644,54.652917,On or near Rectory Row,E01020830,County Durham 054D,Anti-social behaviour,,
,2011-03,Durham Constabulary,Durham Constabulary,-1.446206,54.656717,On or near Elm Avenue,E01020830,County Durham 054D,Anti-social behaviour,,
,2011-03,Durham Constabulary,Durham Constabulary,-1.448041,54.656276,On or near The Lane,E01020830,County Durham 054D,Anti-social behaviour,,
,2011-03,Durham Constabulary,Durham Constabulary,-1.447545,54.655114,On or near Boynston Grove,E01020830,County Durham 054D,Anti-social behaviour,,
,2011-03,Durham Constabulary,Durham Constabulary,-1.446195,54.652960,On or near Crispin Court,E01020830,County Durham 054D,Vehicle crime,,
,2011-03,Durham Constabulary,Durham Constabulary,-1.447489,54.650108,On or near Eden Drive,E01020830,County Durham 054D,Violent crime,,
,2011-03,Durham Constabulary,Durham Constabulary,-1.452516,54.651991,On or near West End,E01020830,County Durham 054D,Violent crime,,
,2011-03,Durham Constabulary,Durham Constabulary,-1.448031,54.653544,On or near Front Street,E01020830,County Durham 054D,Other crime,,
,2011-03,Durham Constabulary,Durham Constabulary,-1.448644,54.652917,On or near Rectory Row,E01020830,County Durham 054D,Other crime,,
,2011-03,Durham Constabulary,Durham Constabulary,-1.448031,54.653544,On or near Front Street,E01020830,County Durham 054D,Other crime,,
,2011-03,Durham Constabulary,Durham Constabulary,-1.448041,54.656276,On or near The Lane,E01020830,County Durham 054D,Other crime,,
,2011-03,Durham Constabulary,Durham Constabulary,-1.675710,54.665672,On or near North Bondgate,E01020868,County Durham 055A,Anti-social behaviour,,
,2011-03,Durham Constabulary,Durham Constabulary,-1.679127,54.664908,On or near High Bondgate,E01020868,County Durham 055A,Anti-social behaviour,,
,2011-03,Durham Constabulary,Durham Constabulary,-1.675710,54.665672,On or near North Bondgate,E01020868,County Durham 055A,Anti-social behaviour,,
,2011-03,Durham Constabulary,Durham Constabulary,-1.670461,54.659034,On or near Queens Road,E01020868,County Durham 055A,Anti-social behaviour,,
,2011-03,Durham Constabulary,Durham Constabulary,-1.672500,54.665744,On or near Market Place,E01020868,County Durham 055A,Anti-social behaviour,,
,2011-03,Durham Constabulary,Durham Constabulary,-1.675710,54.665672,On or near North Bondgate,E01020868,County Durham 055A,Anti-social behaviour,,
,2011-03,Durham Constabulary,Durham Constabulary,-1.675482,54.661187,On or near Newgate Street,E01020868,County Durham 055A,Anti-social behaviour,,
,2011-03,Durham Constabulary,Durham Constabulary,-1.672836,54.666446,On or near Silver Street,E01020868,County Durham 055A,Anti-social behaviour,,
,2011-03,Durham Constabulary,Durham Constabulary,-1.676423,54.663733,On or near Tenters Street,E01020868,County Durham 055A,Anti-social behaviour,,
,2011-03,Durham Constabulary,Durham Constabulary,-1.675710,54.665672,On or near North Bondgate,E01020868,County Durham 055A,Anti-social behaviour,,
,2011-03,Durham Constabulary,Durham Constabulary,-1.676423,54.663733,On or near Tenters Street,E01020868,County Durham 055A,Anti-social behaviour,,
,2011-03,Durham Constabulary,Durham Constabulary,-1.675710,54.665672,On or near North Bondgate,E01020868,County Durham 055A,Anti-social behaviour,,
,2011-03,Durham Constabulary,Durham Constabulary,-1.675710,54.665672,On or near North Bondgate,E01020868,County Durham 055A,Anti-social behaviour,,
,2011-03,Durham Constabulary,Durham Constabulary,-1.675710,54.665672,On or near North Bondgate,E01020868,County Durham 055A,Anti-social behaviour,,
,2011-03,Durham Constabulary,Durham Constabulary,-1.675710,54.665672,On or near North Bondgate,E01020868,County Durham 055A,Anti-social behaviour,,
,2011-03,Durham Constabulary,Durham Constabulary,-1.672836,54.666446,On or near Silver Street,E01020868,County Durham 055A,Anti-social behaviour,,
,2011-03,Durham Constabulary,Durham Constabulary,-1.676423,54.663733,On or near Tenters Street,E01020868,County Durham 055A,Anti-social behaviour,,
,2011-03,Durham Constabulary,Durham Constabulary,-1.656967,54.660084,On or near Walcher Gardens,E01020868,County Durham 055A,Anti-social behaviour,,
,2011-03,Durham Constabulary,Durham Constabulary,-1.675710,54.665672,On or near North Bondgate,E01020868,County Durham 055A,Anti-social behaviour,,
,2011-03,Durham Constabulary,Durham Constabulary,-1.675447,54.657844,On or near Blackett Street,E01020868,County Durham 055A,Anti-social behaviour,,
,2011-03,Durham Constabulary,Durham Constabulary,-1.675710,54.665672,On or near North Bondgate,E01020868,County Durham 055A,Anti-social behaviour,,
,2011-03,Durham Constabulary,Durham Constabulary,-1.676423,54.663733,On or near Tenters Street,E01020868,County Durham 055A,Anti-social behaviour,,
,2011-03,Durham Constabulary,Durham Constabulary,-1.675710,54.665672,On or near North Bondgate,E01020868,County Durham 055A,Anti-social behaviour,,
,2011-03,Durham Constabulary,Durham Constabulary,-1.676423,54.663733,On or near Tenters Street,E01020868,County Durham 055A,Anti-social behaviour,,
,2011-03,Durham Constabulary,Durham Constabulary,-1.675710,54.665672,On or near North Bondgate,E01020868,County Durham 055A,Anti-social behaviour,,
,2011-03,Durham Constabulary,Durham Constabulary,-1.675710,54.665672,On or near North Bondgate,E01020868,County Durham 055A,Anti-social behaviour,,
,2011-03,Durham Constabulary,Durham Constabulary,-1.672836,54.666446,On or near Silver Street,E01020868,County Durham 055A,Anti-social behaviour,,
,2011-03,Durham Constabulary,Durham Constabulary,-1.670461,54.659034,On or near Queens Road,E01020868,County Durham 055A,Anti-social behaviour,,
,2011-03,Durham Constabulary,Durham Constabulary,-1.672500,54.665744,On or near Market Place,E01020868,County Durham 055A,Anti-social behaviour,,
,2011-03,Durham Constabulary,Durham Constabulary,-1.672836,54.666446,On or near Silver Street,E01020868,County Durham 055A,Anti-social behaviour,,
,2011-03,Durham Constabulary,Durham Constabulary,-1.676423,54.663733,On or near Tenters Street,E01020868,County Durham 055A,Anti-social behaviour,,
,2011-03,Durham Constabulary,Durham Constabulary,-1.675710,54.665672,On or near North Bondgate,E01020868,County Durham 055A,Anti-social behaviour,,
,2011-03,Durham Constabulary,Durham Constabulary,-1.670461,54.659034,On or near Queens Road,E01020868,County Durham 055A,Anti-social behaviour,,
,2011-03,Durham Constabulary,Durham Constabulary,-1.676423,54.663733,On or near Tenters Street,E01020868,County Durham 055A,Anti-social behaviour,,
,2011-03,Durham Constabulary,Durham Constabulary,-1.676423,54.663733,On or near Tenters Street,E01020868,County Durham 055A,Anti-social behaviour,,
,2011-03,Durham Constabulary,Durham Constabulary,-1.672500,54.665744,On or near Market Place,E01020868,County Durham 055A,Anti-social behaviour,,
,2011-03,Durham Constabulary,Durham Constabulary,-1.670461,54.659034,On or near Queens Road,E01020868,County Durham 055A,Anti-social behaviour,,
,2011-03,Durham Constabulary,Durham Constabulary,-1.672040,54.659290,On or near South Church Road,E01020868,County Durham 055A,Anti-social behaviour,,
,2011-03,Durham Constabulary,Durham Constabulary,-1.676423,54.663733,On or near Tenters Street,E01020868,County Durham 055A,Anti-social behaviour,,
,2011-03,Durham Constabulary,Durham Constabulary,-1.676423,54.663733,On or near Tenters Street,E01020868,County Durham 055A,Anti-social behaviour,,
,2011-03,Durham Constabulary,Durham Constabulary,-1.672836,54.666446,On or near Silver Street,E01020868,County Durham 055A,Anti-social behaviour,,
,2011-03,Durham Constabulary,Durham Constabulary,-1.675482,54.661187,On or near Newgate Street,E01020868,County Durham 055A,Anti-social behaviour,,
,2011-03,Durham Constabulary,Durham Constabulary,-1.675710,54.665672,On or near North Bondgate,E01020868,County Durham 055A,Anti-social behaviour,,
,2011-03,Durham Constabulary,Durham Constabulary,-1.675710,54.665672,On or near North Bondgate,E01020868,County Durham 055A,Anti-social behaviour,,
,2011-03,Durham Constabulary,Durham Constabulary,-1.676423,54.663733,On or near Tenters Street,E01020868,County Durham 055A,Anti-social behaviour,,
,2011-03,Durham Constabulary,Durham Constabulary,-1.675710,54.665672,On or near North Bondgate,E01020868,County Durham 055A,Anti-social behaviour,,
,2011-03,Durham Constabulary,Durham Constabulary,-1.675710,54.665672,On or near North Bondgate,E01020868,County Durham 055A,Anti-social behaviour,,
,2011-03,Durham Constabulary,Durham Constabulary,-1.677801,54.661948,On or near Vickers Street,E01020868,County Durham 055A,Anti-social behaviour,,
,2011-03,Durham Constabulary,Durham Constabulary,-1.675710,54.665672,On or near North Bondgate,E01020868,County Durham 055A,Burglary,,
,2011-03,Durham Constabulary,Durham Constabulary,-1.673775,54.663330,On or near Kingsway,E01020868,County Durham 055A,Vehicle crime,,
,2011-03,Durham Constabulary,Durham Constabulary,-1.672500,54.665744,On or near Market Place,E01020868,County Durham 055A,Vehicle crime,,
,2011-03,Durham Constabulary,Durham Constabulary,-1.663860,54.662575,On or near Durham Road,E01020868,County Durham 055A,Vehicle crime,,
,2011-03,Durham Constabulary,Durham Constabulary,-1.677529,54.665066,On or near Fore Bondgate,E01020868,County Durham 055A,Violent crime,,
,2011-03,Durham Constabulary,Durham Constabulary,-1.672500,54.665744,On or near Market Place,E01020868,County Durham 055A,Violent crime,,
,2011-03,Durham Constabulary,Durham Constabulary,-1.675710,54.665672,On or near North Bondgate,E01020868,County Durham 055A,Violent crime,,
,2011-03,Durham Constabulary,Durham Constabulary,-1.670128,54.658036,On or near Salisbury Place,E01020868,County Durham 055A,Violent crime,,
,2011-03,Durham Constabulary,Durham Constabulary,-1.675710,54.665672,On or near North Bondgate,E01020868,County Durham 055A,Violent crime,,
,2011-03,Durham Constabulary,Durham Constabulary,-1.675447,54.657844,On or near Blackett Street,E01020868,County Durham 055A,Violent crime,,
,2011-03,Durham Constabulary,Durham Constabulary,-1.672836,54.666446,On or near Silver Street,E01020868,County Durham 055A,Violent crime,,
,2011-03,Durham Constabulary,Durham Constabulary,-1.675482,54.661187,On or near Newgate Street,E01020868,County Durham 055A,Violent crime,,
,2011-03,Durham Constabulary,Durham Constabulary,-1.672836,54.666446,On or near Silver Street,E01020868,County Durham 055A,Violent crime,,
,2011-03,Durham Constabulary,Durham Constabulary,-1.672836,54.666446,On or near Silver Street,E01020868,County Durham 055A,Other crime,,
,2011-03,Durham Constabulary,Durham Constabulary,-1.675710,54.665672,On or near North Bondgate,E01020868,County Durham 055A,Other crime,,
,2011-03,Durham Constabulary,Durham Constabulary,-1.676423,54.663733,On or near Tenters Street,E01020868,County Durham 055A,Other crime,,
,2011-03,Durham Constabulary,Durham Constabulary,-1.676423,54.663733,On or near Tenters Street,E01020868,County Durham 055A,Other crime,,
,2011-03,Durham Constabulary,Durham Constabulary,-1.672836,54.666446,On or near Silver Street,E01020868,County Durham 055A,Other crime,,
,2011-03,Durham Constabulary,Durham Constabulary,-1.674026,54.659071,On or near Railway Street,E01020868,County Durham 055A,Other crime,,
,2011-03,Durham Constabulary,Durham Constabulary,-1.673775,54.663330,On or near Kingsway,E01020868,County Durham 055A,Other crime,,
,2011-03,Durham Constabulary,Durham Constabulary,-1.673775,54.663330,On or near Kingsway,E01020868,County Durham 055A,Other crime,,
,2011-03,Durham Constabulary,Durham Constabulary,-1.676423,54.663733,On or near Tenters Street,E01020868,County Durham 055A,Other crime,,
,2011-03,Durham Constabulary,Durham Constabulary,-1.676423,54.663733,On or near Tenters Street,E01020868,County Durham 055A,Other crime,,
,2011-03,Durham Constabulary,Durham Constabulary,-1.675482,54.661187,On or near Newgate Street,E01020868,County Durham 055A,Other crime,,
,2011-03,Durham Constabulary,Durham Constabulary,-1.675710,54.665672,On or near North Bondgate,E01020868,County Durham 055A,Other crime,,
,2011-03,Durham Constabulary,Durham Constabulary,-1.676423,54.663733,On or near Tenters Street,E01020868,County Durham 055A,Other crime,,
,2011-03,Durham Constabulary,Durham Constabulary,-1.675447,54.657844,On or near Blackett Street,E01020868,County Durham 055A,Other crime,,
,2011-03,Durham Constabulary,Durham Constabulary,-1.676423,54.663733,On or near Tenters Street,E01020868,County Durham 055A,Other crime,,
,2011-03,Durham Constabulary,Durham Constabulary,-1.676423,54.663733,On or near Tenters Street,E01020868,County Durham 055A,Other crime,,
,2011-03,Durham Constabulary,Durham Constabulary,-1.672836,54.666446,On or near Silver Street,E01020868,County Durham 055A,Other crime,,
,2011-03,Durham Constabulary,Durham Constabulary,-1.676423,54.663733,On or near Tenters Street,E01020868,County Durham 055A,Other crime,,
,2011-03,Durham Constabulary,Durham Constabulary,-1.676423,54.663733,On or near Tenters Street,E01020868,County Durham 055A,Other crime,,
,2011-03,Durham Constabulary,Durham Constabulary,-1.673775,54.663330,On or near Kingsway,E01020868,County Durham 055A,Other crime,,
,2011-03,Durham Constabulary,Durham Constabulary,-1.676423,54.663733,On or near Tenters Street,E01020868,County Durham 055A,Other crime,,
,2011-03,Durham Constabulary,Durham Constabulary,-1.676423,54.663733,On or near Tenters Street,E01020868,County Durham 055A,Other crime,,
,2011-03,Durham Constabulary,Durham Constabulary,-1.676423,54.663733,On or near Tenters Street,E01020868,County Durham 055A,Other crime,,
,2011-03,Durham Constabulary,Durham Constabulary,-1.677529,54.665066,On or near Fore Bondgate,E01020868,County Durham 055A,Other crime,,
,2011-03,Durham Constabulary,Durham Constabulary,-1.676423,54.663733,On or near Tenters Street,E01020868,County Durham 055A,Other crime,,
,2011-03,Durham Constabulary,Durham Constabulary,-1.673775,54.663330,On or near Kingsway,E01020868,County Durham 055A,Other crime,,
,2011-03,Durham Constabulary,Durham Constabulary,-1.675447,54.657844,On or near Blackett Street,E01020868,County Durham 055A,Other crime,,
,2011-03,Durham Constabulary,Durham Constabulary,-1.675710,54.665672,On or near North Bondgate,E01020868,County Durham 055A,Other crime,,
,2011-03,Durham Constabulary,Durham Constabulary,-1.676423,54.663733,On or near Tenters Street,E01020868,County Durham 055A,Other crime,,
,2011-03,Durham Constabulary,Durham Constabulary,-1.675482,54.661187,On or near Newgate Street,E01020868,County Durham 055A,Other crime,,
,2011-03,Durham Constabulary,Durham Constabulary,-1.692454,54.671772,On or near Newton Grange,E01020869,County Durham 055B,Anti-social behaviour,,
,2011-03,Durham Constabulary,Durham Constabulary,-1.679405,54.663022,On or near Edward Street,E01020869,County Durham 055B,Anti-social behaviour,,
,2011-03,Durham Constabulary,Durham Constabulary,-1.692454,54.671772,On or near Newton Grange,E01020869,County Durham 055B,Anti-social behaviour,,
,2011-03,Durham Constabulary,Durham Constabulary,-1.677939,54.662236,On or near Stranton Street,E01020869,County Durham 055B,Anti-social behaviour,,
,2011-03,Durham Constabulary,Durham Constabulary,-1.677939,54.662236,On or near Stranton Street,E01020869,County Durham 055B,Burglary,,
,2011-03,Durham Constabulary,Durham Constabulary,-1.681571,54.665535,On or near Bridge Street,E01020869,County Durham 055B,Vehicle crime,,
,2011-03,Durham Constabulary,Durham Constabulary,-1.692454,54.671772,On or near Newton Grange,E01020869,County Durham 055B,Other crime,,
,2011-03,Durham Constabulary,Durham Constabulary,-1.692454,54.671772,On or near Newton Grange,E01020869,County Durham 055B,Other crime,,
,2011-03,Durham Constabulary,Durham Constabulary,-1.692454,54.671772,On or near Newton Grange,E01020869,County Durham 055B,Other crime,,
,2011-03,Durham Constabulary,Durham Constabulary,-1.692454,54.671772,On or near Newton Grange,E01020869,County Durham 055B,Other crime,,
,2011-03,Durham Constabulary,Durham Constabulary,-1.692454,54.671772,On or near Newton Grange,E01020869,County Durham 055B,Other crime,,
,2011-03,Durham Constabulary,Durham Constabulary,-1.692454,54.671772,On or near Newton Grange,E01020869,County Durham 055B,Other crime,,
,2011-03,Durham Constabulary,Durham Constabulary,-1.692454,54.671772,On or near Newton Grange,E01020869,County Durham 055B,Other crime,,
,2011-03,Durham Constabulary,Durham Constabulary,-1.692454,54.671772,On or near Newton Grange,E01020869,County Durham 055B,Other crime,,
,2011-03,Durham Constabulary,Durham Constabulary,-1.692868,54.670345,On or near Jubilee Street,E01020869,County Durham 055B,Other crime,,
,2011-03,Durham Constabulary,Durham Constabulary,-1.692454,54.671772,On or near Newton Grange,E01020869,County Durham 055B,Other crime,,
,2011-03,Durham Constabulary,Durham Constabulary,-1.692454,54.671772,On or near Newton Grange,E01020869,County Durham 055B,Other crime,,
,2011-03,Durham Constabulary,Durham Constabulary,-1.692454,54.671772,On or near Newton Grange,E01020869,County Durham 055B,Other crime,,
,2011-03,Durham Constabulary,Durham Constabulary,-1.692454,54.671772,On or near Newton Grange,E01020869,County Durham 055B,Other crime,,
,2011-03,Durham Constabulary,Durham Constabulary,-1.692454,54.671772,On or near Newton Grange,E01020869,County Durham 055B,Other crime,,
,2011-03,Durham Constabulary,Durham Constabulary,-1.692868,54.670345,On or near Jubilee Street,E01020869,County Durham 055B,Other crime,,
,2011-03,Durham Constabulary,Durham Constabulary,-1.692454,54.671772,On or near Newton Grange,E01020869,County Durham 055B,Other crime,,
,2011-03,Durham Constabulary,Durham Constabulary,-1.632297,54.660812,On or near Drake Avenue,E01020874,County Durham 055C,Anti-social behaviour,,
,2011-03,Durham Constabulary,Durham Constabulary,-1.630863,54.661661,On or near Collingwood Street,E01020874,County Durham 055C,Anti-social behaviour,,
,2011-03,Durham Constabulary,Durham Constabulary,-1.636594,54.663970,On or near Church Street,E01020874,County Durham 055C,Anti-social behaviour,,
,2011-03,Durham Constabulary,Durham Constabulary,-1.630863,54.661661,On or near Collingwood Street,E01020874,County Durham 055C,Anti-social behaviour,,
,2011-03,Durham Constabulary,Durham Constabulary,-1.637484,54.664988,On or near West Park,E01020874,County Durham 055C,Anti-social behaviour,,
,2011-03,Durham Constabulary,Durham Constabulary,-1.630863,54.661661,On or near Collingwood Street,E01020874,County Durham 055C,Anti-social behaviour,,
,2011-03,Durham Constabulary,Durham Constabulary,-1.632297,54.660812,On or near Drake Avenue,E01020874,County Durham 055C,Anti-social behaviour,,
,2011-03,Durham Constabulary,Durham Constabulary,-1.637484,54.664988,On or near West Park,E01020874,County Durham 055C,Anti-social behaviour,,
,2011-03,Durham Constabulary,Durham Constabulary,-1.630863,54.661661,On or near Collingwood Street,E01020874,County Durham 055C,Anti-social behaviour,,
,2011-03,Durham Constabulary,Durham Constabulary,-1.630863,54.661661,On or near Collingwood Street,E01020874,County Durham 055C,Anti-social behaviour,,
,2011-03,Durham Constabulary,Durham Constabulary,-1.636594,54.663970,On or near Church Street,E01020874,County Durham 055C,Anti-social behaviour,,
,2011-03,Durham Constabulary,Durham Constabulary,-1.629587,54.660480,On or near Howlish View,E01020874,County Durham 055C,Anti-social behaviour,,
,2011-03,Durham Constabulary,Durham Constabulary,-1.615928,54.665659,On or near Ascot Court,E01020874,County Durham 055C,Anti-social behaviour,,
,2011-03,Durham Constabulary,Durham Constabulary,-1.630863,54.661661,On or near Collingwood Street,E01020874,County Durham 055C,Anti-social behaviour,,
,2011-03,Durham Constabulary,Durham Constabulary,-1.636594,54.663970,On or near Church Street,E01020874,County Durham 055C,Anti-social behaviour,,
,2011-03,Durham Constabulary,Durham Constabulary,-1.632297,54.660812,On or near Drake Avenue,E01020874,County Durham 055C,Anti-social behaviour,,
,2011-03,Durham Constabulary,Durham Constabulary,-1.636594,54.663970,On or near Church Street,E01020874,County Durham 055C,Anti-social behaviour,,
,2011-03,Durham Constabulary,Durham Constabulary,-1.629587,54.660480,On or near Howlish View,E01020874,County Durham 055C,Anti-social behaviour,,
,2011-03,Durham Constabulary,Durham Constabulary,-1.626816,54.660040,On or near Cleveland View,E01020874,County Durham 055C,Anti-social behaviour,,
,2011-03,Durham Constabulary,Durham Constabulary,-1.632297,54.660812,On or near Drake Avenue,E01020874,County Durham 055C,Anti-social behaviour,,
,2011-03,Durham Constabulary,Durham Constabulary,-1.626816,54.660040,On or near Cleveland View,E01020874,County Durham 055C,Anti-social behaviour,,
,2011-03,Durham Constabulary,Durham Constabulary,-1.630392,54.660644,On or near East Avenue,E01020874,County Durham 055C,Anti-social behaviour,,
,2011-03,Durham Constabulary,Durham Constabulary,-1.630392,54.660644,On or near East Avenue,E01020874,County Durham 055C,Anti-social behaviour,,
,2011-03,Durham Constabulary,Durham Constabulary,-1.630863,54.661661,On or near Collingwood Street,E01020874,County Durham 055C,Anti-social behaviour,,
,2011-03,Durham Constabulary,Durham Constabulary,-1.630863,54.661661,On or near Collingwood Street,E01020874,County Durham 055C,Anti-social behaviour,,
,2011-03,Durham Constabulary,Durham Constabulary,-1.630863,54.661661,On or near Collingwood Street,E01020874,County Durham 055C,Anti-social behaviour,,
,2011-03,Durham Constabulary,Durham Constabulary,-1.632297,54.660812,On or near Drake Avenue,E01020874,County Durham 055C,Anti-social behaviour,,
,2011-03,Durham Constabulary,Durham Constabulary,-1.632297,54.660812,On or near Drake Avenue,E01020874,County Durham 055C,Anti-social behaviour,,
,2011-03,Durham Constabulary,Durham Constabulary,-1.616635,54.661401,On or near Rutland Street,E01020874,County Durham 055C,Violent crime,,
,2011-03,Durham Constabulary,Durham Constabulary,-1.616635,54.661401,On or near Rutland Street,E01020874,County Durham 055C,Violent crime,,
,2011-03,Durham Constabulary,Durham Constabulary,-1.630863,54.661661,On or near Collingwood Street,E01020874,County Durham 055C,Violent crime,,
,2011-03,Durham Constabulary,Durham Constabulary,-1.626816,54.660040,On or near Cleveland View,E01020874,County Durham 055C,Other crime,,
,2011-03,Durham Constabulary,Durham Constabulary,-1.629587,54.660480,On or near Howlish View,E01020874,County Durham 055C,Other crime,,
,2011-03,Durham Constabulary,Durham Constabulary,-1.630392,54.660644,On or near East Avenue,E01020874,County Durham 055C,Other crime,,
,2011-03,Durham Constabulary,Durham Constabulary,-1.633227,54.659098,On or near Dixon Way,E01020874,County Durham 055C,Other crime,,
,2011-03,Durham Constabulary,Durham Constabulary,-1.633227,54.659098,On or near Dixon Way,E01020874,County Durham 055C,Other crime,,
,2011-03,Durham Constabulary,Durham Constabulary,-1.616635,54.661401,On or near Rutland Street,E01020874,County Durham 055C,Other crime,,
,2011-03,Durham Constabulary,Durham Constabulary,-1.636853,54.664492,On or near Frederick Street,E01020874,County Durham 055C,Other crime,,
,2011-03,Durham Constabulary,Durham Constabulary,-1.637484,54.664988,On or near West Park,E01020874,County Durham 055C,Other crime,,
,2011-03,Durham Constabulary,Durham Constabulary,-1.632297,54.660812,On or near Drake Avenue,E01020874,County Durham 055C,Other crime,,
,2011-03,Durham Constabulary,Durham Constabulary,-1.642124,54.646822,On or near Stanley Street,E01020880,County Durham 055D,Anti-social behaviour,,
,2011-03,Durham Constabulary,Durham Constabulary,-1.648860,54.647408,On or near Kimberley Street,E01020880,County Durham 055D,Anti-social behaviour,,
,2011-03,Durham Constabulary,Durham Constabulary,-1.642124,54.646822,On or near Stanley Street,E01020880,County Durham 055D,Anti-social behaviour,,
,2011-03,Durham Constabulary,Durham Constabulary,-1.647638,54.645400,On or near Edward Street,E01020880,County Durham 055D,Anti-social behaviour,,
,2011-03,Durham Constabulary,Durham Constabulary,-1.651201,54.645501,On or near Oxford Street,E01020880,County Durham 055D,Anti-social behaviour,,
,2011-03,Durham Constabulary,Durham Constabulary,-1.651201,54.645501,On or near Oxford Street,E01020880,County Durham 055D,Anti-social behaviour,,
,2011-03,Durham Constabulary,Durham Constabulary,-1.651201,54.645501,On or near Oxford Street,E01020880,County Durham 055D,Anti-social behaviour,,
,2011-03,Durham Constabulary,Durham Constabulary,-1.652465,54.653502,On or near Morton Close,E01020880,County Durham 055D,Anti-social behaviour,,
,2011-03,Durham Constabulary,Durham Constabulary,-1.648860,54.647408,On or near Kimberley Street,E01020880,County Durham 055D,Anti-social behaviour,,
,2011-03,Durham Constabulary,Durham Constabulary,-1.652465,54.653502,On or near Morton Close,E01020880,County Durham 055D,Anti-social behaviour,,
,2011-03,Durham Constabulary,Durham Constabulary,-1.652689,54.649064,On or near St. Phillips Park,E01020880,County Durham 055D,Anti-social behaviour,,
,2011-03,Durham Constabulary,Durham Constabulary,-1.648419,54.644666,On or near Deanery Court,E01020880,County Durham 055D,Anti-social behaviour,,
,2011-03,Durham Constabulary,Durham Constabulary,-1.651201,54.645501,On or near Oxford Street,E01020880,County Durham 055D,Anti-social behaviour,,
,2011-03,Durham Constabulary,Durham Constabulary,-1.650814,54.652626,On or near St. Phillips Close,E01020880,County Durham 055D,Anti-social behaviour,,
,2011-03,Durham Constabulary,Durham Constabulary,-1.648860,54.647408,On or near Kimberley Street,E01020880,County Durham 055D,Anti-social behaviour,,
,2011-03,Durham Constabulary,Durham Constabulary,-1.646619,54.646727,On or near Randolph Street,E01020880,County Durham 055D,Anti-social behaviour,,
,2011-03,Durham Constabulary,Durham Constabulary,-1.648860,54.647408,On or near Kimberley Street,E01020880,County Durham 055D,Anti-social behaviour,,
,2011-03,Durham Constabulary,Durham Constabulary,-1.647356,54.647440,On or near Wesley Street,E01020880,County Durham 055D,Anti-social behaviour,,
,2011-03,Durham Constabulary,Durham Constabulary,-1.647356,54.647440,On or near Wesley Street,E01020880,County Durham 055D,Anti-social behaviour,,
,2011-03,Durham Constabulary,Durham Constabulary,-1.642124,54.646822,On or near Stanley Street,E01020880,County Durham 055D,Anti-social behaviour,,
,2011-03,Durham Constabulary,Durham Constabulary,-1.647541,54.645769,On or near John Street,E01020880,County Durham 055D,Anti-social behaviour,,
,2011-03,Durham Constabulary,Durham Constabulary,-1.648860,54.647408,On or near Kimberley Street,E01020880,County Durham 055D,Burglary,,
,2011-03,Durham Constabulary,Durham Constabulary,-1.648860,54.647408,On or near Kimberley Street,E01020880,County Durham 055D,Burglary,,
,2011-03,Durham Constabulary,Durham Constabulary,-1.646619,54.646727,On or near Randolph Street,E01020880,County Durham 055D,Violent crime,,
,2011-03,Durham Constabulary,Durham Constabulary,-1.642124,54.646822,On or near Stanley Street,E01020880,County Durham 055D,Other crime,,
,2011-03,Durham Constabulary,Durham Constabulary,-1.647638,54.645400,On or near Edward Street,E01020880,County Durham 055D,Other crime,,
,2011-03,Durham Constabulary,Durham Constabulary,-1.651201,54.645501,On or near Oxford Street,E01020880,County Durham 055D,Other crime,,
,2011-03,Durham Constabulary,Durham Constabulary,-1.647638,54.645400,On or near Edward Street,E01020880,County Durham 055D,Other crime,,
,2011-03,Durham Constabulary,Durham Constabulary,-1.647827,54.645023,On or near Johnson Street,E01020880,County Durham 055D,Other crime,,
,2011-03,Durham Constabulary,Durham Constabulary,-1.648860,54.647408,On or near Kimberley Street,E01020880,County Durham 055D,Other crime,,
,2011-03,Durham Constabulary,Durham Constabulary,-1.651201,54.645501,On or near Oxford Street,E01020880,County Durham 055D,Other crime,,
,2011-03,Durham Constabulary,Durham Constabulary,-1.646619,54.646727,On or near Randolph Street,E01020880,County Durham 055D,Other crime,,
,2011-03,Durham Constabulary,Durham Constabulary,-1.648289,54.645375,On or near Spencer Street,E01020880,County Durham 055D,Other crime,,
,2011-03,Durham Constabulary,Durham Constabulary,-1.648419,54.644666,On or near Deanery Court,E01020880,County Durham 055D,Other crime,,
,2011-03,Durham Constabulary,Durham Constabulary,-1.651201,54.645501,On or near Oxford Street,E01020880,County Durham 055D,Other crime,,
,2011-03,Durham Constabulary,Durham Constabulary,-1.647356,54.647440,On or near Wesley Street,E01020880,County Durham 055D,Other crime,,
,2011-03,Durham Constabulary,Durham Constabulary,-1.642775,54.646833,On or near Heslop Street,E01020880,County Durham 055D,Other crime,,
,2011-03,Durham Constabulary,Durham Constabulary,-1.648289,54.645375,On or near Spencer Street,E01020880,County Durham 055D,Other crime,,
,2011-03,Durham Constabulary,Durham Constabulary,-1.647356,54.647440,On or near Wesley Street,E01020880,County Durham 055D,Other crime,,
,2011-03,Durham Constabulary,Durham Constabulary,-1.681606,54.641208,On or near Green Lane,E01020881,County Durham 055E,Anti-social behaviour,,
,2011-03,Durham Constabulary,Durham Constabulary,-1.660946,54.645663,On or near Milford Meadow,E01020881,County Durham 055E,Anti-social behaviour,,
,2011-03,Durham Constabulary,Durham Constabulary,-1.681606,54.641208,On or near Green Lane,E01020881,County Durham 055E,Anti-social behaviour,,
,2011-03,Durham Constabulary,Durham Constabulary,-1.665913,54.650323,On or near Hillbeck Street,E01020881,County Durham 055E,Anti-social behaviour,,
,2011-03,Durham Constabulary,Durham Constabulary,-1.661919,54.651651,On or near Riverside,E01020881,County Durham 055E,Anti-social behaviour,,
,2011-03,Durham Constabulary,Durham Constabulary,-1.662014,54.647697,On or near Rosemount Court,E01020881,County Durham 055E,Anti-social behaviour,,
,2011-03,Durham Constabulary,Durham Constabulary,-1.661919,54.651651,On or near Riverside,E01020881,County Durham 055E,Anti-social behaviour,,
,2011-03,Durham Constabulary,Durham Constabulary,-1.665913,54.650323,On or near Hillbeck Street,E01020881,County Durham 055E,Anti-social behaviour,,
,2011-03,Durham Constabulary,Durham Constabulary,-1.665503,54.645541,On or near Hatfield Way,E01020881,County Durham 055E,Anti-social behaviour,,
,2011-03,Durham Constabulary,Durham Constabulary,-1.656062,54.655256,On or near Douglas Crescent,E01020881,County Durham 055E,Anti-social behaviour,,
,2011-03,Durham Constabulary,Durham Constabulary,-1.665913,54.650323,On or near Hillbeck Street,E01020881,County Durham 055E,Anti-social behaviour,,
,2011-03,Durham Constabulary,Durham Constabulary,-1.656062,54.655256,On or near Douglas Crescent,E01020881,County Durham 055E,Anti-social behaviour,,
,2011-03,Durham Constabulary,Durham Constabulary,-1.661919,54.651651,On or near Riverside,E01020881,County Durham 055E,Anti-social behaviour,,
,2011-03,Durham Constabulary,Durham Constabulary,-1.662014,54.647697,On or near Rosemount Court,E01020881,County Durham 055E,Anti-social behaviour,,
,2011-03,Durham Constabulary,Durham Constabulary,-1.665913,54.650323,On or near Hillbeck Street,E01020881,County Durham 055E,Anti-social behaviour,,
,2011-03,Durham Constabulary,Durham Constabulary,-1.662014,54.647697,On or near Rosemount Court,E01020881,County Durham 055E,Burglary,,
,2011-03,Durham Constabulary,Durham Constabulary,-1.661582,54.647480,On or near Rosemount Road,E01020881,County Durham 055E,Vehicle crime,,
,2011-03,Durham Constabulary,Durham Constabulary,-1.681606,54.641208,On or near Green Lane,E01020881,County Durham 055E,Other crime,,
,2011-03,Durham Constabulary,Durham Constabulary,-1.662014,54.647697,On or near Rosemount Court,E01020881,County Durham 055E,Other crime,,
,2011-03,Durham Constabulary,Durham Constabulary,-1.681606,54.641208,On or near Green Lane,E01020881,County Durham 055E,Other crime,,
,2011-03,Durham Constabulary,Durham Constabulary,-1.681606,54.641208,On or near Green Lane,E01020881,County Durham 055E,Other crime,,
,2011-03,Durham Constabulary,Durham Constabulary,-1.660441,54.654271,On or near Talbot Court,E01020881,County Durham 055E,Other crime,,
,2011-03,Durham Constabulary,Durham Constabulary,-1.691000,54.654973,On or near Richmond Avenue,E01020870,County Durham 056A,Anti-social behaviour,,
,2011-03,Durham Constabulary,Durham Constabulary,-1.689126,54.650780,On or near Woodhouse Lane,E01020870,County Durham 056A,Anti-social behaviour,,
,2011-03,Durham Constabulary,Durham Constabulary,-1.694744,54.653850,On or near Barrington Meadows,E01020870,County Durham 056A,Anti-social behaviour,,
,2011-03,Durham Constabulary,Durham Constabulary,-1.689126,54.650780,On or near Woodhouse Lane,E01020870,County Durham 056A,Anti-social behaviour,,
,2011-03,Durham Constabulary,Durham Constabulary,-1.687015,54.655187,On or near Granville Road,E01020870,County Durham 056A,Anti-social behaviour,,
,2011-03,Durham Constabulary,Durham Constabulary,-1.686075,54.654502,On or near Warwick Road,E01020870,County Durham 056A,Burglary,,
,2011-03,Durham Constabulary,Durham Constabulary,-1.689126,54.650780,On or near Woodhouse Lane,E01020870,County Durham 056A,Violent crime,,
,2011-03,Durham Constabulary,Durham Constabulary,-1.684607,54.653914,On or near Balmoral Grove,E01020870,County Durham 056A,Other crime,,
,2011-03,Durham Constabulary,Durham Constabulary,-1.687303,54.652051,On or near Morpeth Grove,E01020870,County Durham 056A,Other crime,,
,2011-03,Durham Constabulary,Durham Constabulary,-1.679812,54.650729,On or near Percy Street,E01020871,County Durham 056B,Anti-social behaviour,,
,2011-03,Durham Constabulary,Durham Constabulary,-1.679812,54.650729,On or near Percy Street,E01020871,County Durham 056B,Anti-social behaviour,,
,2011-03,Durham Constabulary,Durham Constabulary,-1.679896,54.653794,On or near Cleveland Avenue,E01020871,County Durham 056B,Anti-social behaviour,,
,2011-03,Durham Constabulary,Durham Constabulary,-1.679812,54.650729,On or near Percy Street,E01020871,County Durham 056B,Anti-social behaviour,,
,2011-03,Durham Constabulary,Durham Constabulary,-1.679296,54.653271,On or near Tivoli Place,E01020871,County Durham 056B,Anti-social behaviour,,
,2011-03,Durham Constabulary,Durham Constabulary,-1.679812,54.650729,On or near Percy Street,E01020871,County Durham 056B,Anti-social behaviour,,
,2011-03,Durham Constabulary,Durham Constabulary,-1.679296,54.653271,On or near Tivoli Place,E01020871,County Durham 056B,Anti-social behaviour,,
,2011-03,Durham Constabulary,Durham Constabulary,-1.680049,54.652068,On or near Rutland Avenue,E01020871,County Durham 056B,Anti-social behaviour,,
,2011-03,Durham Constabulary,Durham Constabulary,-1.679896,54.653794,On or near Cleveland Avenue,E01020871,County Durham 056B,Anti-social behaviour,,
,2011-03,Durham Constabulary,Durham Constabulary,-1.679896,54.653794,On or near Cleveland Avenue,E01020871,County Durham 056B,Anti-social behaviour,,
,2011-03,Durham Constabulary,Durham Constabulary,-1.678628,54.653404,On or near Brewer Street,E01020871,County Durham 056B,Violent crime,,
,2011-03,Durham Constabulary,Durham Constabulary,-1.679557,54.651564,On or near Beaumont Street,E01020871,County Durham 056B,Other crime,,
,2011-03,Durham Constabulary,Durham Constabulary,-1.681440,54.650670,On or near Short Street,E01020871,County Durham 056B,Other crime,,
,2011-03,Durham Constabulary,Durham Constabulary,-1.681440,54.650670,On or near Short Street,E01020871,County Durham 056B,Other crime,,
,2011-03,Durham Constabulary,Durham Constabulary,-1.678417,54.654670,On or near Raby Gardens,E01020871,County Durham 056B,Other crime,,
,2011-03,Durham Constabulary,Durham Constabulary,-1.679469,54.658897,On or near Wesley Grove,E01020872,County Durham 056C,Anti-social behaviour,,
,2011-03,Durham Constabulary,Durham Constabulary,-1.683391,54.660776,On or near Clarence Street,E01020872,County Durham 056C,Anti-social behaviour,,
,2011-03,Durham Constabulary,Durham Constabulary,-1.678871,54.659974,On or near Hutchinson Street,E01020872,County Durham 056C,Anti-social behaviour,,
,2011-03,Durham Constabulary,Durham Constabulary,-1.679663,54.661737,On or near Princes Street,E01020872,County Durham 056C,Anti-social behaviour,,
,2011-03,Durham Constabulary,Durham Constabulary,-1.679663,54.661737,On or near Princes Street,E01020872,County Durham 056C,Anti-social behaviour,,
,2011-03,Durham Constabulary,Durham Constabulary,-1.679663,54.661737,On or near Princes Street,E01020872,County Durham 056C,Anti-social behaviour,,
,2011-03,Durham Constabulary,Durham Constabulary,-1.679663,54.661737,On or near Princes Street,E01020872,County Durham 056C,Anti-social behaviour,,
,2011-03,Durham Constabulary,Durham Constabulary,-1.680383,54.654972,On or near Westfield Road,E01020872,County Durham 056C,Anti-social behaviour,,
,2011-03,Durham Constabulary,Durham Constabulary,-1.682837,54.656336,On or near Escomb Road,E01020872,County Durham 056C,Anti-social behaviour,,
,2011-03,Durham Constabulary,Durham Constabulary,-1.679469,54.658897,On or near Wesley Grove,E01020872,County Durham 056C,Anti-social behaviour,,
,2011-03,Durham Constabulary,Durham Constabulary,-1.683391,54.660776,On or near Clarence Street,E01020872,County Durham 056C,Anti-social behaviour,,
,2011-03,Durham Constabulary,Durham Constabulary,-1.682837,54.656336,On or near Escomb Road,E01020872,County Durham 056C,Anti-social behaviour,,
,2011-03,Durham Constabulary,Durham Constabulary,-1.679663,54.661737,On or near Princes Street,E01020872,County Durham 056C,Anti-social behaviour,,
,2011-03,Durham Constabulary,Durham Constabulary,-1.679469,54.658897,On or near Wesley Grove,E01020872,County Durham 056C,Anti-social behaviour,,
,2011-03,Durham Constabulary,Durham Constabulary,-1.679469,54.658897,On or near Wesley Grove,E01020872,County Durham 056C,Anti-social behaviour,,
,2011-03,Durham Constabulary,Durham Constabulary,-1.679469,54.658897,On or near Wesley Grove,E01020872,County Durham 056C,Anti-social behaviour,,
,2011-03,Durham Constabulary,Durham Constabulary,-1.685260,54.655641,On or near Deerness Road,E01020872,County Durham 056C,Burglary,,
,2011-03,Durham Constabulary,Durham Constabulary,-1.683391,54.660776,On or near Clarence Street,E01020872,County Durham 056C,Vehicle crime,,
,2011-03,Durham Constabulary,Durham Constabulary,-1.679469,54.658897,On or near Wesley Grove,E01020872,County Durham 056C,Vehicle crime,,
,2011-03,Durham Constabulary,Durham Constabulary,-1.680383,54.654972,On or near Westfield Road,E01020872,County Durham 056C,Vehicle crime,,
,2011-03,Durham Constabulary,Durham Constabulary,-1.676755,54.660903,On or near East Parade,E01020872,County Durham 056C,Violent crime,,
,2011-03,Durham Constabulary,Durham Constabulary,-1.680383,54.654972,On or near Westfield Road,E01020872,County Durham 056C,Violent crime,,
,2011-03,Durham Constabulary,Durham Constabulary,-1.680383,54.654972,On or near Westfield Road,E01020872,County Durham 056C,Violent crime,,
,2011-03,Durham Constabulary,Durham Constabulary,-1.682375,54.655957,On or near Prescott Way,E01020872,County Durham 056C,Violent crime,,
,2011-03,Durham Constabulary,Durham Constabulary,-1.679469,54.658897,On or near Wesley Grove,E01020872,County Durham 056C,Other crime,,
,2011-03,Durham Constabulary,Durham Constabulary,-1.679469,54.658897,On or near Wesley Grove,E01020872,County Durham 056C,Other crime,,
,2011-03,Durham Constabulary,Durham Constabulary,-1.679965,54.660821,On or near Nelson Street,E01020872,County Durham 056C,Other crime,,
,2011-03,Durham Constabulary,Durham Constabulary,-1.685260,54.655641,On or near Deerness Road,E01020872,County Durham 056C,Other crime,,
,2011-03,Durham Constabulary,Durham Constabulary,-1.682375,54.655957,On or near Prescott Way,E01020872,County Durham 056C,Other crime,,
,2011-03,Durham Constabulary,Durham Constabulary,-1.678753,54.661187,On or near Durham Street,E01020872,County Durham 056C,Other crime,,
,2011-03,Durham Constabulary,Durham Constabulary,-1.680383,54.654972,On or near Westfield Road,E01020872,County Durham 056C,Other crime,,
,2011-03,Durham Constabulary,Durham Constabulary,-1.679469,54.658897,On or near Wesley Grove,E01020872,County Durham 056C,Other crime,,
,2011-03,Durham Constabulary,Durham Constabulary,-1.678871,54.659974,On or near Hutchinson Street,E01020872,County Durham 056C,Other crime,,
,2011-03,Durham Constabulary,Durham Constabulary,-1.682837,54.656336,On or near Escomb Road,E01020872,County Durham 056C,Other crime,,
,2011-03,Durham Constabulary,Durham Constabulary,-1.682837,54.656336,On or near Escomb Road,E01020872,County Durham 056C,Other crime,,
,2011-03,Durham Constabulary,Durham Constabulary,-1.699208,54.655955,On or near Lupin Close,E01020883,County Durham 056D,Anti-social behaviour,,
,2011-03,Durham Constabulary,Durham Constabulary,-1.703374,54.654195,On or near Stirling Close,E01020883,County Durham 056D,Anti-social behaviour,,
,2011-03,Durham Constabulary,Durham Constabulary,-1.701459,54.649122,On or near Middlehope Grove,E01020883,County Durham 056D,Anti-social behaviour,,
,2011-03,Durham Constabulary,Durham Constabulary,-1.701459,54.649122,On or near Middlehope Grove,E01020883,County Durham 056D,Anti-social behaviour,,
,2011-03,Durham Constabulary,Durham Constabulary,-1.703695,54.654905,On or near Rochester Close,E01020883,County Durham 056D,Burglary,,
,2011-03,Durham Constabulary,Durham Constabulary,-1.704183,54.656030,On or near Beckett Close,E01020883,County Durham 056D,Other crime,,
,2011-03,Durham Constabulary,Durham Constabulary,-1.704183,54.656030,On or near Beckett Close,E01020883,County Durham 056D,Other crime,,
,2011-03,Durham Constabulary,Durham Constabulary,-1.675148,54.656396,On or near Leopold Place,E01020886,County Durham 056E,Anti-social behaviour,,
,2011-03,Durham Constabulary,Durham Constabulary,-1.675148,54.656396,On or near Leopold Place,E01020886,County Durham 056E,Anti-social behaviour,,
,2011-03,Durham Constabulary,Durham Constabulary,-1.676146,54.653739,On or near Fleet Street,E01020886,County Durham 056E,Anti-social behaviour,,
,2011-03,Durham Constabulary,Durham Constabulary,-1.675148,54.656396,On or near Leopold Place,E01020886,County Durham 056E,Anti-social behaviour,,
,2011-03,Durham Constabulary,Durham Constabulary,-1.675148,54.656396,On or near Leopold Place,E01020886,County Durham 056E,Anti-social behaviour,,
,2011-03,Durham Constabulary,Durham Constabulary,-1.675148,54.656396,On or near Leopold Place,E01020886,County Durham 056E,Anti-social behaviour,,
,2011-03,Durham Constabulary,Durham Constabulary,-1.677081,54.653112,On or near Alderson Street,E01020886,County Durham 056E,Anti-social behaviour,,
,2011-03,Durham Constabulary,Durham Constabulary,-1.675837,54.655589,On or near Linden Road,E01020886,County Durham 056E,Anti-social behaviour,,
,2011-03,Durham Constabulary,Durham Constabulary,-1.675148,54.656396,On or near Leopold Place,E01020886,County Durham 056E,Anti-social behaviour,,
,2011-03,Durham Constabulary,Durham Constabulary,-1.675148,54.656396,On or near Leopold Place,E01020886,County Durham 056E,Anti-social behaviour,,
,2011-03,Durham Constabulary,Durham Constabulary,-1.672705,54.653774,On or near Eastlea Avenue,E01020886,County Durham 056E,Anti-social behaviour,,
,2011-03,Durham Constabulary,Durham Constabulary,-1.675148,54.656396,On or near Leopold Place,E01020886,County Durham 056E,Anti-social behaviour,,
,2011-03,Durham Constabulary,Durham Constabulary,-1.675148,54.656396,On or near Leopold Place,E01020886,County Durham 056E,Anti-social behaviour,,
,2011-03,Durham Constabulary,Durham Constabulary,-1.675382,54.654276,On or near Ashcroft Gardens,E01020886,County Durham 056E,Anti-social behaviour,,
,2011-03,Durham Constabulary,Durham Constabulary,-1.675837,54.655589,On or near Linden Road,E01020886,County Durham 056E,Anti-social behaviour,,
,2011-03,Durham Constabulary,Durham Constabulary,-1.675148,54.656396,On or near Leopold Place,E01020886,County Durham 056E,Vehicle crime,,
,2011-03,Durham Constabulary,Durham Constabulary,-1.675148,54.656396,On or near Leopold Place,E01020886,County Durham 056E,Other crime,,
,2011-03,Durham Constabulary,Durham Constabulary,-1.674624,54.656026,On or near Oak Terrace,E01020886,County Durham 056E,Other crime,,
,2011-03,Durham Constabulary,Durham Constabulary,-1.671677,54.656279,On or near Sun Street,E01020886,County Durham 056E,Other crime,,
,2011-03,Durham Constabulary,Durham Constabulary,-1.675148,54.656396,On or near Leopold Place,E01020886,County Durham 056E,Other crime,,
,2011-03,Durham Constabulary,Durham Constabulary,-1.675148,54.656396,On or near Leopold Place,E01020886,County Durham 056E,Other crime,,
,2011-03,Durham Constabulary,Durham Constabulary,-1.674624,54.656026,On or near Oak Terrace,E01020886,County Durham 056E,Other crime,,
,2011-03,Durham Constabulary,Durham Constabulary,-1.674659,54.655604,On or near Elm Terrace,E01020886,County Durham 056E,Other crime,,
,2011-03,Durham Constabulary,Durham Constabulary,-1.675148,54.656396,On or near Leopold Place,E01020886,County Durham 056E,Other crime,,
,2011-03,Durham Constabulary,Durham Constabulary,-1.676146,54.653739,On or near Fleet Street,E01020886,County Durham 056E,Other crime,,
,2011-03,Durham Constabulary,Durham Constabulary,-1.713284,54.660024,On or near Hallimond Road,E01020882,County Durham 057A,Anti-social behaviour,,
,2011-03,Durham Constabulary,Durham Constabulary,-1.730514,54.665869,On or near Main Street,E01020882,County Durham 057A,Anti-social behaviour,,
,2011-03,Durham Constabulary,Durham Constabulary,-1.708548,54.665486,On or near Saxon Green,E01020882,County Durham 057A,Anti-social behaviour,,
,2011-03,Durham Constabulary,Durham Constabulary,-1.708548,54.665486,On or near Saxon Green,E01020882,County Durham 057A,Anti-social behaviour,,
,2011-03,Durham Constabulary,Durham Constabulary,-1.713284,54.660024,On or near Hallimond Road,E01020882,County Durham 057A,Anti-social behaviour,,
,2011-03,Durham Constabulary,Durham Constabulary,-1.713284,54.660024,On or near Hallimond Road,E01020882,County Durham 057A,Anti-social behaviour,,
,2011-03,Durham Constabulary,Durham Constabulary,-1.708548,54.665486,On or near Saxon Green,E01020882,County Durham 057A,Anti-social behaviour,,
,2011-03,Durham Constabulary,Durham Constabulary,-1.708548,54.665486,On or near Saxon Green,E01020882,County Durham 057A,Vehicle crime,,
,2011-03,Durham Constabulary,Durham Constabulary,-1.706525,54.666487,On or near Dunelm Chare,E01020882,County Durham 057A,Other crime,,
,2011-03,Durham Constabulary,Durham Constabulary,-1.713284,54.660024,On or near Hallimond Road,E01020882,County Durham 057A,Other crime,,
,2011-03,Durham Constabulary,Durham Constabulary,-1.735315,54.664289,On or near Park Road,E01020882,County Durham 057A,Other crime,,
,2011-03,Durham Constabulary,Durham Constabulary,-1.709127,54.664795,On or near St. Johns Walk,E01020882,County Durham 057A,Other crime,,
,2011-03,Durham Constabulary,Durham Constabulary,-1.707584,54.693962,On or near Rough Lea Terrace,E01020888,County Durham 057B,Anti-social behaviour,,
,2011-03,Durham Constabulary,Durham Constabulary,-1.710932,54.685594,On or near St. Pauls Way,E01020888,County Durham 057B,Anti-social behaviour,,
,2011-03,Durham Constabulary,Durham Constabulary,-1.710367,54.693124,On or near Chapel Street,E01020888,County Durham 057B,Anti-social behaviour,,
,2011-03,Durham Constabulary,Durham Constabulary,-1.706837,54.692181,On or near West View,E01020888,County Durham 057B,Anti-social behaviour,,
,2011-03,Durham Constabulary,Durham Constabulary,-1.710367,54.693124,On or near Chapel Street,E01020888,County Durham 057B,Anti-social behaviour,,
,2011-03,Durham Constabulary,Durham Constabulary,-1.745678,54.693014,On or near Village Gate,E01020888,County Durham 057B,Anti-social behaviour,,
,2011-03,Durham Constabulary,Durham Constabulary,-1.745678,54.693014,On or near Village Gate,E01020888,County Durham 057B,Anti-social behaviour,,
,2011-03,Durham Constabulary,Durham Constabulary,-1.705293,54.691054,On or near Rokeby Terrace,E01020888,County Durham 057B,Anti-social behaviour,,
,2011-03,Durham Constabulary,Durham Constabulary,-1.745678,54.693014,On or near Village Gate,E01020888,County Durham 057B,Anti-social behaviour,,
,2011-03,Durham Constabulary,Durham Constabulary,-1.709166,54.685303,On or near Holme Dene,E01020888,County Durham 057B,Burglary,,
,2011-03,Durham Constabulary,Durham Constabulary,-1.705293,54.691054,On or near Rokeby Terrace,E01020888,County Durham 057B,Burglary,,
,2011-03,Durham Constabulary,Durham Constabulary,-1.705293,54.691054,On or near Rokeby Terrace,E01020888,County Durham 057B,Vehicle crime,,
,2011-03,Durham Constabulary,Durham Constabulary,-1.745678,54.693014,On or near Village Gate,E01020888,County Durham 057B,Vehicle crime,,
,2011-03,Durham Constabulary,Durham Constabulary,-1.745678,54.693014,On or near Village Gate,E01020888,County Durham 057B,Other crime,,
,2011-03,Durham Constabulary,Durham Constabulary,-1.745678,54.693014,On or near Village Gate,E01020888,County Durham 057B,Other crime,,
,2011-03,Durham Constabulary,Durham Constabulary,-1.716924,54.633666,On or near Meadow View,E01020895,County Durham 057C,Anti-social behaviour,,
,2011-03,Durham Constabulary,Durham Constabulary,-1.712177,54.634598,On or near Challener Way,E01020895,County Durham 057C,Anti-social behaviour,,
,2011-03,Durham Constabulary,Durham Constabulary,-1.716924,54.633666,On or near Meadow View,E01020895,County Durham 057C,Anti-social behaviour,,
,2011-03,Durham Constabulary,Durham Constabulary,-1.716924,54.633666,On or near Meadow View,E01020895,County Durham 057C,Anti-social behaviour,,
,2011-03,Durham Constabulary,Durham Constabulary,-1.715731,54.629250,On or near Darlington Road,E01020895,County Durham 057C,Anti-social behaviour,,
,2011-03,Durham Constabulary,Durham Constabulary,-1.717531,54.633281,On or near Arnold Street,E01020895,County Durham 057C,Anti-social behaviour,,
,2011-03,Durham Constabulary,Durham Constabulary,-1.719560,54.631048,On or near Chapel Street,E01020895,County Durham 057C,Anti-social behaviour,,
,2011-03,Durham Constabulary,Durham Constabulary,-1.718709,54.633157,On or near Station Road,E01020895,County Durham 057C,Anti-social behaviour,,
,2011-03,Durham Constabulary,Durham Constabulary,-1.718709,54.633157,On or near Station Road,E01020895,County Durham 057C,Anti-social behaviour,,
,2011-03,Durham Constabulary,Durham Constabulary,-1.724881,54.632246,On or near Eden Grove,E01020895,County Durham 057C,Anti-social behaviour,,
,2011-03,Durham Constabulary,Durham Constabulary,-1.718709,54.633157,On or near Station Road,E01020895,County Durham 057C,Anti-social behaviour,,
,2011-03,Durham Constabulary,Durham Constabulary,-1.719560,54.631048,On or near Chapel Street,E01020895,County Durham 057C,Anti-social behaviour,,
,2011-03,Durham Constabulary,Durham Constabulary,-1.718709,54.633157,On or near Station Road,E01020895,County Durham 057C,Anti-social behaviour,,
,2011-03,Durham Constabulary,Durham Constabulary,-1.718709,54.633157,On or near Station Road,E01020895,County Durham 057C,Anti-social behaviour,,
,2011-03,Durham Constabulary,Durham Constabulary,-1.712177,54.634598,On or near Challener Way,E01020895,County Durham 057C,Anti-social behaviour,,
,2011-03,Durham Constabulary,Durham Constabulary,-1.712311,54.635299,On or near Manor Road,E01020895,County Durham 057C,Anti-social behaviour,,
,2011-03,Durham Constabulary,Durham Constabulary,-1.716924,54.633666,On or near Meadow View,E01020895,County Durham 057C,Anti-social behaviour,,
,2011-03,Durham Constabulary,Durham Constabulary,-1.714574,54.633004,On or near Sycamore Grove,E01020895,County Durham 057C,Anti-social behaviour,,
,2011-03,Durham Constabulary,Durham Constabulary,-1.712311,54.635299,On or near Manor Road,E01020895,County Durham 057C,Anti-social behaviour,,
,2011-03,Durham Constabulary,Durham Constabulary,-1.712311,54.635299,On or near Manor Road,E01020895,County Durham 057C,Anti-social behaviour,,
,2011-03,Durham Constabulary,Durham Constabulary,-1.719560,54.631048,On or near Chapel Street,E01020895,County Durham 057C,Anti-social behaviour,,
,2011-03,Durham Constabulary,Durham Constabulary,-1.719560,54.631048,On or near Chapel Street,E01020895,County Durham 057C,Anti-social behaviour,,
,2011-03,Durham Constabulary,Durham Constabulary,-1.719560,54.631048,On or near Chapel Street,E01020895,County Durham 057C,Anti-social behaviour,,
,2011-03,Durham Constabulary,Durham Constabulary,-1.724881,54.632246,On or near Eden Grove,E01020895,County Durham 057C,Anti-social behaviour,,
,2011-03,Durham Constabulary,Durham Constabulary,-1.718709,54.633157,On or near Station Road,E01020895,County Durham 057C,Vehicle crime,,
,2011-03,Durham Constabulary,Durham Constabulary,-1.719560,54.631048,On or near Chapel Street,E01020895,County Durham 057C,Vehicle crime,,
,2011-03,Durham Constabulary,Durham Constabulary,-1.714574,54.633004,On or near Sycamore Grove,E01020895,County Durham 057C,Other crime,,
,2011-03,Durham Constabulary,Durham Constabulary,-1.718709,54.633157,On or near Station Road,E01020895,County Durham 057C,Other crime,,
,2011-03,Durham Constabulary,Durham Constabulary,-1.719560,54.631048,On or near Chapel Street,E01020895,County Durham 057C,Other crime,,
,2011-03,Durham Constabulary,Durham Constabulary,-1.718709,54.633157,On or near Station Road,E01020895,County Durham 057C,Other crime,,
,2011-03,Durham Constabulary,Durham Constabulary,-1.714574,54.633004,On or near Sycamore Grove,E01020895,County Durham 057C,Other crime,,
,2011-03,Durham Constabulary,Durham Constabulary,-1.719560,54.631048,On or near Chapel Street,E01020895,County Durham 057C,Other crime,,
,2011-03,Durham Constabulary,Durham Constabulary,-1.718709,54.633157,On or near Station Road,E01020895,County Durham 057C,Other crime,,
,2011-03,Durham Constabulary,Durham Constabulary,-1.722068,54.631296,On or near Front Street,E01020895,County Durham 057C,Other crime,,
,2011-03,Durham Constabulary,Durham Constabulary,-1.722740,54.630363,On or near Leven Road,E01020896,County Durham 057D,Anti-social behaviour,,
,2011-03,Durham Constabulary,Durham Constabulary,-1.728487,54.630322,On or near Ennerdale Grove,E01020896,County Durham 057D,Anti-social behaviour,,
,2011-03,Durham Constabulary,Durham Constabulary,-1.722740,54.630363,On or near Leven Road,E01020896,County Durham 057D,Anti-social behaviour,,
,2011-03,Durham Constabulary,Durham Constabulary,-1.727928,54.630554,On or near Loweswater Grove,E01020896,County Durham 057D,Vehicle crime,,
,2011-03,Durham Constabulary,Durham Constabulary,-1.722740,54.630363,On or near Leven Road,E01020896,County Durham 057D,Violent crime,,
,2011-03,Durham Constabulary,Durham Constabulary,-1.727928,54.630554,On or near Loweswater Grove,E01020896,County Durham 057D,Other crime,,
,2011-03,Durham Constabulary,Durham Constabulary,-1.728295,54.628965,On or near Copeland Road,E01020896,County Durham 057D,Other crime,,
,2011-03,Durham Constabulary,Durham Constabulary,-1.706277,54.634251,On or near Walton Crescent,E01020897,County Durham 057E,Anti-social behaviour,,
,2011-03,Durham Constabulary,Durham Constabulary,-1.705121,54.635570,On or near Warner Avenue,E01020897,County Durham 057E,Anti-social behaviour,,
,2011-03,Durham Constabulary,Durham Constabulary,-1.711992,54.636718,On or near Melrose Drive,E01020897,County Durham 057E,Anti-social behaviour,,
,2011-03,Durham Constabulary,Durham Constabulary,-1.711535,54.637787,On or near Finchale Square,E01020897,County Durham 057E,Anti-social behaviour,,
,2011-03,Durham Constabulary,Durham Constabulary,-1.718088,54.637748,On or near Bishops Court,E01020897,County Durham 057E,Anti-social behaviour,,
,2011-03,Durham Constabulary,Durham Constabulary,-1.717564,54.635249,On or near Northbridge Park,E01020897,County Durham 057E,Anti-social behaviour,,
,2011-03,Durham Constabulary,Durham Constabulary,-1.705121,54.635570,On or near Warner Avenue,E01020897,County Durham 057E,Anti-social behaviour,,
,2011-03,Durham Constabulary,Durham Constabulary,-1.710983,54.636923,On or near Selby Close,E01020897,County Durham 057E,Anti-social behaviour,,
,2011-03,Durham Constabulary,Durham Constabulary,-1.717502,54.637360,On or near Boyden Close,E01020897,County Durham 057E,Anti-social behaviour,,
,2011-03,Durham Constabulary,Durham Constabulary,-1.705121,54.635570,On or near Warner Avenue,E01020897,County Durham 057E,Anti-social behaviour,,
,2011-03,Durham Constabulary,Durham Constabulary,-1.705121,54.635570,On or near Warner Avenue,E01020897,County Durham 057E,Anti-social behaviour,,
,2011-03,Durham Constabulary,Durham Constabulary,-1.700653,54.638488,On or near Musgrave Street,E01020897,County Durham 057E,Anti-social behaviour,,
,2011-03,Durham Constabulary,Durham Constabulary,-1.710983,54.636923,On or near Selby Close,E01020897,County Durham 057E,Anti-social behaviour,,
,2011-03,Durham Constabulary,Durham Constabulary,-1.711535,54.637787,On or near Finchale Square,E01020897,County Durham 057E,Anti-social behaviour,,
,2011-03,Durham Constabulary,Durham Constabulary,-1.710983,54.636923,On or near Selby Close,E01020897,County Durham 057E,Anti-social behaviour,,
,2011-03,Durham Constabulary,Durham Constabulary,-1.711992,54.636718,On or near Melrose Drive,E01020897,County Durham 057E,Anti-social behaviour,,
,2011-03,Durham Constabulary,Durham Constabulary,-1.717564,54.635249,On or near Northbridge Park,E01020897,County Durham 057E,Anti-social behaviour,,
,2011-03,Durham Constabulary,Durham Constabulary,-1.717564,54.635249,On or near Northbridge Park,E01020897,County Durham 057E,Burglary,,
,2011-03,Durham Constabulary,Durham Constabulary,-1.701305,54.638427,On or near Dale Street,E01020897,County Durham 057E,Burglary,,
,2011-03,Durham Constabulary,Durham Constabulary,-1.717564,54.635249,On or near Northbridge Park,E01020897,County Durham 057E,Burglary,,
,2011-03,Durham Constabulary,Durham Constabulary,-1.717564,54.635249,On or near Northbridge Park,E01020897,County Durham 057E,Violent crime,,
,2011-03,Durham Constabulary,Durham Constabulary,-1.701887,54.639354,On or near Primrose Gardens,E01020897,County Durham 057E,Other crime,,
,2011-03,Durham Constabulary,Durham Constabulary,-1.717564,54.635249,On or near Northbridge Park,E01020897,County Durham 057E,Other crime,,
,2011-03,Durham Constabulary,Durham Constabulary,-1.717564,54.635249,On or near Northbridge Park,E01020897,County Durham 057E,Other crime,,
,2011-03,Durham Constabulary,Durham Constabulary,-1.705121,54.635570,On or near Warner Avenue,E01020897,County Durham 057E,Other crime,,
,2011-03,Durham Constabulary,Durham Constabulary,-1.717502,54.637360,On or near Boyden Close,E01020897,County Durham 057E,Other crime,,
,2011-03,Durham Constabulary,Durham Constabulary,-1.701887,54.639354,On or near Primrose Gardens,E01020897,County Durham 057E,Other crime,,
,2011-03,Durham Constabulary,Durham Constabulary,-1.679953,54.646604,On or near Watling Road,E01020884,County Durham 058A,Anti-social behaviour,,
,2011-03,Durham Constabulary,Durham Constabulary,-1.677930,54.649610,On or near Clifford Avenue,E01020884,County Durham 058A,Anti-social behaviour,,
,2011-03,Durham Constabulary,Durham Constabulary,-1.677527,54.651523,On or near Seymour Street,E01020884,County Durham 058A,Anti-social behaviour,,
,2011-03,Durham Constabulary,Durham Constabulary,-1.676858,54.646066,On or near Aldhun Close,E01020884,County Durham 058A,Anti-social behaviour,,
,2011-03,Durham Constabulary,Durham Constabulary,-1.677822,54.653420,On or near Cockton Hill Road,E01020884,County Durham 058A,Anti-social behaviour,,
,2011-03,Durham Constabulary,Durham Constabulary,-1.677930,54.649610,On or near Clifford Avenue,E01020884,County Durham 058A,Anti-social behaviour,,
,2011-03,Durham Constabulary,Durham Constabulary,-1.676858,54.646066,On or near Aldhun Close,E01020884,County Durham 058A,Anti-social behaviour,,
,2011-03,Durham Constabulary,Durham Constabulary,-1.677930,54.649610,On or near Clifford Avenue,E01020884,County Durham 058A,Anti-social behaviour,,
,2011-03,Durham Constabulary,Durham Constabulary,-1.679953,54.646604,On or near Watling Road,E01020884,County Durham 058A,Anti-social behaviour,,
,2011-03,Durham Constabulary,Durham Constabulary,-1.678373,54.644560,On or near Shawbrow View,E01020884,County Durham 058A,Burglary,,
,2011-03,Durham Constabulary,Durham Constabulary,-1.677930,54.649610,On or near Clifford Avenue,E01020884,County Durham 058A,Burglary,,
,2011-03,Durham Constabulary,Durham Constabulary,-1.677527,54.651523,On or near Seymour Street,E01020884,County Durham 058A,Vehicle crime,,
,2011-03,Durham Constabulary,Durham Constabulary,-1.677930,54.649610,On or near Clifford Avenue,E01020884,County Durham 058A,Vehicle crime,,
,2011-03,Durham Constabulary,Durham Constabulary,-1.677527,54.651523,On or near Seymour Street,E01020884,County Durham 058A,Other crime,,
,2011-03,Durham Constabulary,Durham Constabulary,-1.677527,54.651523,On or near Seymour Street,E01020884,County Durham 058A,Other crime,,
,2011-03,Durham Constabulary,Durham Constabulary,-1.677930,54.649610,On or near Clifford Avenue,E01020884,County Durham 058A,Other crime,,
,2011-03,Durham Constabulary,Durham Constabulary,-1.676743,54.654702,On or near Waddington Street,E01020884,County Durham 058A,Other crime,,
,2011-03,Durham Constabulary,Durham Constabulary,-1.669155,54.653873,On or near Hanover Gardens,E01020885,County Durham 058B,Anti-social behaviour,,
,2011-03,Durham Constabulary,Durham Constabulary,-1.669858,54.653191,On or near Hilton Road,E01020885,County Durham 058B,Anti-social behaviour,,
,2011-03,Durham Constabulary,Durham Constabulary,-1.672111,54.652497,On or near Taylor Road,E01020885,County Durham 058B,Anti-social behaviour,,
,2011-03,Durham Constabulary,Durham Constabulary,-1.675803,54.652021,On or near High Melbourne Street,E01020885,County Durham 058B,Anti-social behaviour,,
,2011-03,Durham Constabulary,Durham Constabulary,-1.672413,54.649577,On or near Beechwood Drive,E01020885,County Durham 058B,Anti-social behaviour,,
,2011-03,Durham Constabulary,Durham Constabulary,-1.672111,54.652497,On or near Taylor Road,E01020885,County Durham 058B,Anti-social behaviour,,
,2011-03,Durham Constabulary,Durham Constabulary,-1.671664,54.652163,On or near Gent Road,E01020885,County Durham 058B,Anti-social behaviour,,
,2011-03,Durham Constabulary,Durham Constabulary,-1.669155,54.653873,On or near Hanover Gardens,E01020885,County Durham 058B,Anti-social behaviour,,
,2011-03,Durham Constabulary,Durham Constabulary,-1.670813,54.650094,On or near St. Andrews Road,E01020885,County Durham 058B,Anti-social behaviour,,
,2011-03,Durham Constabulary,Durham Constabulary,-1.669155,54.653873,On or near Hanover Gardens,E01020885,County Durham 058B,Anti-social behaviour,,
,2011-03,Durham Constabulary,Durham Constabulary,-1.672413,54.649577,On or near Beechwood Drive,E01020885,County Durham 058B,Anti-social behaviour,,
,2011-03,Durham Constabulary,Durham Constabulary,-1.672413,54.649577,On or near Beechwood Drive,E01020885,County Durham 058B,Violent crime,,
,2011-03,Durham Constabulary,Durham Constabulary,-1.676262,54.652741,On or near Mcintyre Terrace,E01020885,County Durham 058B,Other crime,,
,2011-03,Durham Constabulary,Durham Constabulary,-1.676262,54.652741,On or near Mcintyre Terrace,E01020885,County Durham 058B,Other crime,,
,2011-03,Durham Constabulary,Durham Constabulary,-1.672413,54.649577,On or near Beechwood Drive,E01020885,County Durham 058B,Other crime,,
,2011-03,Durham Constabulary,Durham Constabulary,-1.690844,54.640764,On or near Boddy Street,E01020907,County Durham 058C,Anti-social behaviour,,
,2011-03,Durham Constabulary,Durham Constabulary,-1.681939,54.648263,On or near Waine Crescent,E01020907,County Durham 058C,Anti-social behaviour,,
,2011-03,Durham Constabulary,Durham Constabulary,-1.683802,54.647756,On or near St. Marys Close,E01020907,County Durham 058C,Anti-social behaviour,,
,2011-03,Durham Constabulary,Durham Constabulary,-1.681673,54.644614,On or near Lime Grove,E01020907,County Durham 058C,Anti-social behaviour,,
,2011-03,Durham Constabulary,Durham Constabulary,-1.690844,54.640764,On or near Boddy Street,E01020907,County Durham 058C,Anti-social behaviour,,
,2011-03,Durham Constabulary,Durham Constabulary,-1.690844,54.640764,On or near Boddy Street,E01020907,County Durham 058C,Anti-social behaviour,,
,2011-03,Durham Constabulary,Durham Constabulary,-1.690844,54.640764,On or near Boddy Street,E01020907,County Durham 058C,Anti-social behaviour,,
,2011-03,Durham Constabulary,Durham Constabulary,-1.690844,54.640764,On or near Boddy Street,E01020907,County Durham 058C,Anti-social behaviour,,
,2011-03,Durham Constabulary,Durham Constabulary,-1.683000,54.647358,On or near Abbey Road,E01020907,County Durham 058C,Anti-social behaviour,,
,2011-03,Durham Constabulary,Durham Constabulary,-1.685393,54.644435,On or near Crawford Close,E01020907,County Durham 058C,Anti-social behaviour,,
,2011-03,Durham Constabulary,Durham Constabulary,-1.683802,54.647756,On or near St. Marys Close,E01020907,County Durham 058C,Anti-social behaviour,,
,2011-03,Durham Constabulary,Durham Constabulary,-1.689794,54.640285,On or near Dent Street,E01020907,County Durham 058C,Anti-social behaviour,,
,2011-03,Durham Constabulary,Durham Constabulary,-1.689794,54.640285,On or near Dent Street,E01020907,County Durham 058C,Vehicle crime,,
,2011-03,Durham Constabulary,Durham Constabulary,-1.689794,54.640285,On or near Dent Street,E01020907,County Durham 058C,Vehicle crime,,
,2011-03,Durham Constabulary,Durham Constabulary,-1.690844,54.640764,On or near Boddy Street,E01020907,County Durham 058C,Other crime,,
,2011-03,Durham Constabulary,Durham Constabulary,-1.681939,54.648263,On or near Waine Crescent,E01020907,County Durham 058C,Other crime,,
,2011-03,Durham Constabulary,Durham Constabulary,-1.685393,54.644435,On or near Crawford Close,E01020907,County Durham 058C,Other crime,,
,2011-03,Durham Constabulary,Durham Constabulary,-1.681939,54.648263,On or near Waine Crescent,E01020907,County Durham 058C,Other crime,,
,2011-03,Durham Constabulary,Durham Constabulary,-1.689794,54.640285,On or near Dent Street,E01020907,County Durham 058C,Other crime,,
,2011-03,Durham Constabulary,Durham Constabulary,-1.681939,54.648263,On or near Waine Crescent,E01020907,County Durham 058C,Other crime,,
,2011-03,Durham Constabulary,Durham Constabulary,-1.690844,54.640764,On or near Boddy Street,E01020907,County Durham 058C,Other crime,,
,2011-03,Durham Constabulary,Durham Constabulary,-1.681939,54.648263,On or near Waine Crescent,E01020907,County Durham 058C,Other crime,,
,2011-03,Durham Constabulary,Durham Constabulary,-1.687880,54.649483,On or near Murphy Crescent,E01020908,County Durham 058D,Anti-social behaviour,,
,2011-03,Durham Constabulary,Durham Constabulary,-1.686529,54.649884,On or near Irvin Avenue,E01020908,County Durham 058D,Anti-social behaviour,,
,2011-03,Durham Constabulary,Durham Constabulary,-1.699704,54.647455,On or near Croxdale Grove,E01020908,County Durham 058D,Anti-social behaviour,,
,2011-03,Durham Constabulary,Durham Constabulary,-1.701329,54.647854,On or near Blagden Grove,E01020908,County Durham 058D,Anti-social behaviour,,
,2011-03,Durham Constabulary,Durham Constabulary,-1.686330,54.649488,On or near Wood Square,E01020908,County Durham 058D,Anti-social behaviour,,
,2011-03,Durham Constabulary,Durham Constabulary,-1.698524,54.647793,On or near Linburn Drive,E01020908,County Durham 058D,Anti-social behaviour,,
,2011-03,Durham Constabulary,Durham Constabulary,-1.695047,54.646454,On or near Weardale Drive,E01020908,County Durham 058D,Anti-social behaviour,,
,2011-03,Durham Constabulary,Durham Constabulary,-1.691833,54.647264,On or near Cheesmond Avenue,E01020908,County Durham 058D,Anti-social behaviour,,
,2011-03,Durham Constabulary,Durham Constabulary,-1.701329,54.647854,On or near Blagden Grove,E01020908,County Durham 058D,Anti-social behaviour,,
,2011-03,Durham Constabulary,Durham Constabulary,-1.698378,54.646616,On or near Fairfield Court,E01020908,County Durham 058D,Anti-social behaviour,,
,2011-03,Durham Constabulary,Durham Constabulary,-1.687880,54.649483,On or near Murphy Crescent,E01020908,County Durham 058D,Anti-social behaviour,,
,2011-03,Durham Constabulary,Durham Constabulary,-1.698524,54.647793,On or near Linburn Drive,E01020908,County Durham 058D,Violent crime,,
,2011-03,Durham Constabulary,Durham Constabulary,-1.698524,54.647793,On or near Linburn Drive,E01020908,County Durham 058D,Violent crime,,
,2011-03,Durham Constabulary,Durham Constabulary,-1.695047,54.646454,On or near Weardale Drive,E01020908,County Durham 058D,Other crime,,
,2011-03,Durham Constabulary,Durham Constabulary,-1.686330,54.649488,On or near Wood Square,E01020908,County Durham 058D,Other crime,,
,2011-03,Durham Constabulary,Durham Constabulary,-1.695047,54.646454,On or near Weardale Drive,E01020908,County Durham 058D,Other crime,,
,2011-03,Durham Constabulary,Durham Constabulary,-1.695047,54.646454,On or near Weardale Drive,E01020908,County Durham 058D,Other crime,,
,2011-03,Durham Constabulary,Durham Constabulary,-1.695047,54.646454,On or near Weardale Drive,E01020908,County Durham 058D,Other crime,,
,2011-03,Durham Constabulary,Durham Constabulary,-1.695346,54.647929,On or near Waskerley Grove,E01020908,County Durham 058D,Other crime,,
,2011-03,Durham Constabulary,Durham Constabulary,-1.698524,54.647793,On or near Linburn Drive,E01020908,County Durham 058D,Other crime,,
,2011-03,Durham Constabulary,Durham Constabulary,-1.699704,54.647455,On or near Croxdale Grove,E01020908,County Durham 058D,Other crime,,
,2011-03,Durham Constabulary,Durham Constabulary,-1.695047,54.646454,On or near Weardale Drive,E01020908,County Durham 058D,Other crime,,
,2011-03,Durham Constabulary,Durham Constabulary,-1.691571,54.643022,On or near Gudmunsen Avenue,E01020909,County Durham 058E,Anti-social behaviour,,
,2011-03,Durham Constabulary,Durham Constabulary,-1.687578,54.646435,On or near Douthwaite Road,E01020909,County Durham 058E,Anti-social behaviour,,
,2011-03,Durham Constabulary,Durham Constabulary,-1.685209,54.646241,On or near Proudfoot Drive,E01020909,County Durham 058E,Anti-social behaviour,,
,2011-03,Durham Constabulary,Durham Constabulary,-1.685209,54.646241,On or near Proudfoot Drive,E01020909,County Durham 058E,Anti-social behaviour,,
,2011-03,Durham Constabulary,Durham Constabulary,-1.691571,54.643022,On or near Gudmunsen Avenue,E01020909,County Durham 058E,Anti-social behaviour,,
,2011-03,Durham Constabulary,Durham Constabulary,-1.683521,54.646057,On or near Scott Road,E01020909,County Durham 058E,Anti-social behaviour,,
,2011-03,Durham Constabulary,Durham Constabulary,-1.691571,54.643022,On or near Gudmunsen Avenue,E01020909,County Durham 058E,Anti-social behaviour,,
,2011-03,Durham Constabulary,Durham Constabulary,-1.694787,54.643911,On or near Ramsey Crescent,E01020909,County Durham 058E,Anti-social behaviour,,
,2011-03,Durham Constabulary,Durham Constabulary,-1.694787,54.643911,On or near Ramsey Crescent,E01020909,County Durham 058E,Anti-social behaviour,,
,2011-03,Durham Constabulary,Durham Constabulary,-1.691093,54.644773,On or near Brusselton View,E01020909,County Durham 058E,Anti-social behaviour,,
,2011-03,Durham Constabulary,Durham Constabulary,-1.691571,54.643022,On or near Gudmunsen Avenue,E01020909,County Durham 058E,Anti-social behaviour,,
,2011-03,Durham Constabulary,Durham Constabulary,-1.685209,54.646241,On or near Proudfoot Drive,E01020909,County Durham 058E,Anti-social behaviour,,
,2011-03,Durham Constabulary,Durham Constabulary,-1.691571,54.643022,On or near Gudmunsen Avenue,E01020909,County Durham 058E,Anti-social behaviour,,
,2011-03,Durham Constabulary,Durham Constabulary,-1.687578,54.646435,On or near Douthwaite Road,E01020909,County Durham 058E,Anti-social behaviour,,
,2011-03,Durham Constabulary,Durham Constabulary,-1.687718,54.644369,On or near Price Avenue,E01020909,County Durham 058E,Anti-social behaviour,,
,2011-03,Durham Constabulary,Durham Constabulary,-1.688523,54.646528,On or near Howard Close,E01020909,County Durham 058E,Anti-social behaviour,,
,2011-03,Durham Constabulary,Durham Constabulary,-1.690639,54.645401,On or near Walker Drive,E01020909,County Durham 058E,Anti-social behaviour,,
,2011-03,Durham Constabulary,Durham Constabulary,-1.691571,54.643022,On or near Gudmunsen Avenue,E01020909,County Durham 058E,Anti-social behaviour,,
,2011-03,Durham Constabulary,Durham Constabulary,-1.691571,54.643022,On or near Gudmunsen Avenue,E01020909,County Durham 058E,Anti-social behaviour,,
,2011-03,Durham Constabulary,Durham Constabulary,-1.692071,54.644497,On or near Lusby Crescent,E01020909,County Durham 058E,Anti-social behaviour,,
,2011-03,Durham Constabulary,Durham Constabulary,-1.692192,54.644982,On or near St. Lukes Close,E01020909,County Durham 058E,Anti-social behaviour,,
,2011-03,Durham Constabulary,Durham Constabulary,-1.691571,54.643022,On or near Gudmunsen Avenue,E01020909,County Durham 058E,Anti-social behaviour,,
,2011-03,Durham Constabulary,Durham Constabulary,-1.685209,54.646241,On or near Proudfoot Drive,E01020909,County Durham 058E,Anti-social behaviour,,
,2011-03,Durham Constabulary,Durham Constabulary,-1.693254,54.643808,On or near Harrison Crescent,E01020909,County Durham 058E,Anti-social behaviour,,
,2011-03,Durham Constabulary,Durham Constabulary,-1.693254,54.643808,On or near Harrison Crescent,E01020909,County Durham 058E,Anti-social behaviour,,
,2011-03,Durham Constabulary,Durham Constabulary,-1.691571,54.643022,On or near Gudmunsen Avenue,E01020909,County Durham 058E,Anti-social behaviour,,
,2011-03,Durham Constabulary,Durham Constabulary,-1.691571,54.643022,On or near Gudmunsen Avenue,E01020909,County Durham 058E,Anti-social behaviour,,
,2011-03,Durham Constabulary,Durham Constabulary,-1.689062,54.644894,On or near Archer Avenue,E01020909,County Durham 058E,Anti-social behaviour,,
,2011-03,Durham Constabulary,Durham Constabulary,-1.694212,54.644116,On or near Richardson Avenue,E01020909,County Durham 058E,Anti-social behaviour,,
,2011-03,Durham Constabulary,Durham Constabulary,-1.692071,54.644497,On or near Lusby Crescent,E01020909,County Durham 058E,Anti-social behaviour,,
,2011-03,Durham Constabulary,Durham Constabulary,-1.694787,54.643911,On or near Ramsey Crescent,E01020909,County Durham 058E,Anti-social behaviour,,
,2011-03,Durham Constabulary,Durham Constabulary,-1.692071,54.644497,On or near Lusby Crescent,E01020909,County Durham 058E,Anti-social behaviour,,
,2011-03,Durham Constabulary,Durham Constabulary,-1.687718,54.644369,On or near Price Avenue,E01020909,County Durham 058E,Burglary,,
,2011-03,Durham Constabulary,Durham Constabulary,-1.687578,54.646435,On or near Douthwaite Road,E01020909,County Durham 058E,Vehicle crime,,
,2011-03,Durham Constabulary,Durham Constabulary,-1.694787,54.643911,On or near Ramsey Crescent,E01020909,County Durham 058E,Vehicle crime,,
,2011-03,Durham Constabulary,Durham Constabulary,-1.687718,54.644369,On or near Price Avenue,E01020909,County Durham 058E,Vehicle crime,,
,2011-03,Durham Constabulary,Durham Constabulary,-1.683521,54.646057,On or near Scott Road,E01020909,County Durham 058E,Violent crime,,
,2011-03,Durham Constabulary,Durham Constabulary,-1.687718,54.644369,On or near Price Avenue,E01020909,County Durham 058E,Violent crime,,
,2011-03,Durham Constabulary,Durham Constabulary,-1.691571,54.643022,On or near Gudmunsen Avenue,E01020909,County Durham 058E,Violent crime,,
,2011-03,Durham Constabulary,Durham Constabulary,-1.694212,54.644116,On or near Richardson Avenue,E01020909,County Durham 058E,Violent crime,,
,2011-03,Durham Constabulary,Durham Constabulary,-1.685209,54.646241,On or near Proudfoot Drive,E01020909,County Durham 058E,Violent crime,,
,2011-03,Durham Constabulary,Durham Constabulary,-1.694787,54.643911,On or near Ramsey Crescent,E01020909,County Durham 058E,Other crime,,
,2011-03,Durham Constabulary,Durham Constabulary,-1.687578,54.646435,On or near Douthwaite Road,E01020909,County Durham 058E,Other crime,,
,2011-03,Durham Constabulary,Durham Constabulary,-1.691571,54.643022,On or near Gudmunsen Avenue,E01020909,County Durham 058E,Other crime,,
,2011-03,Durham Constabulary,Durham Constabulary,-1.687718,54.644369,On or near Price Avenue,E01020909,County Durham 058E,Other crime,,
,2011-03,Durham Constabulary,Durham Constabulary,-1.694212,54.644116,On or near Richardson Avenue,E01020909,County Durham 058E,Other crime,,
,2011-03,Durham Constabulary,Durham Constabulary,-1.694212,54.644116,On or near Richardson Avenue,E01020909,County Durham 058E,Other crime,,
,2011-03,Durham Constabulary,Durham Constabulary,-1.688330,54.645449,On or near Lowther Road,E01020909,County Durham 058E,Other crime,,
,2011-03,Durham Constabulary,Durham Constabulary,-1.694787,54.643911,On or near Ramsey Crescent,E01020909,County Durham 058E,Other crime,,
,2011-03,Durham Constabulary,Durham Constabulary,-1.687578,54.646435,On or near Douthwaite Road,E01020909,County Durham 058E,Other crime,,
,2011-03,Durham Constabulary,Durham Constabulary,-1.644174,54.628549,On or near St. Johns Road,E01020801,County Durham 059A,Anti-social behaviour,,
,2011-03,Durham Constabulary,Durham Constabulary,-1.646606,54.626732,On or near Richmond Close,E01020801,County Durham 059A,Anti-social behaviour,,
,2011-03,Durham Constabulary,Durham Constabulary,-1.653177,54.631729,On or near George Street,E01020801,County Durham 059A,Anti-social behaviour,,
,2011-03,Durham Constabulary,Durham Constabulary,-1.649584,54.629877,On or near Drybourne Avenue,E01020801,County Durham 059A,Anti-social behaviour,,
,2011-03,Durham Constabulary,Durham Constabulary,-1.653044,54.631010,On or near Freville Street,E01020801,County Durham 059A,Anti-social behaviour,,
,2011-03,Durham Constabulary,Durham Constabulary,-1.650865,54.628658,On or near Ruskin Avenue,E01020801,County Durham 059A,Anti-social behaviour,,
,2011-03,Durham Constabulary,Durham Constabulary,-1.650405,54.629834,On or near Drybourne Park,E01020801,County Durham 059A,Anti-social behaviour,,
,2011-03,Durham Constabulary,Durham Constabulary,-1.653177,54.631729,On or near George Street,E01020801,County Durham 059A,Anti-social behaviour,,
,2011-03,Durham Constabulary,Durham Constabulary,-1.652888,54.629356,On or near Ruby Street,E01020801,County Durham 059A,Anti-social behaviour,,
,2011-03,Durham Constabulary,Durham Constabulary,-1.652528,54.629813,On or near Pearl Street,E01020801,County Durham 059A,Other crime,,
,2011-03,Durham Constabulary,Durham Constabulary,-1.652695,54.630209,On or near Regent Street,E01020801,County Durham 059A,Other crime,,
,2011-03,Durham Constabulary,Durham Constabulary,-1.644174,54.628549,On or near St. Johns Road,E01020801,County Durham 059A,Other crime,,
,2011-03,Durham Constabulary,Durham Constabulary,-1.653044,54.631010,On or near Freville Street,E01020801,County Durham 059A,Other crime,,
,2011-03,Durham Constabulary,Durham Constabulary,-1.644364,54.624479,On or near Woodland View,E01020802,County Durham 059B,Anti-social behaviour,,
,2011-03,Durham Constabulary,Durham Constabulary,-1.642036,54.623294,On or near Bouch Street,E01020802,County Durham 059B,Anti-social behaviour,,
,2011-03,Durham Constabulary,Durham Constabulary,-1.642514,54.623494,On or near Adamson Street,E01020802,County Durham 059B,Anti-social behaviour,,
,2011-03,Durham Constabulary,Durham Constabulary,-1.665175,54.630730,On or near West Auckland Road,E01020802,County Durham 059B,Anti-social behaviour,,
,2011-03,Durham Constabulary,Durham Constabulary,-1.642036,54.623294,On or near Bouch Street,E01020802,County Durham 059B,Anti-social behaviour,,
,2011-03,Durham Constabulary,Durham Constabulary,-1.638984,54.621695,On or near Royal George Close,E01020802,County Durham 059B,Anti-social behaviour,,
,2011-03,Durham Constabulary,Durham Constabulary,-1.655281,54.632122,On or near Clarendon Court,E01020802,County Durham 059B,Anti-social behaviour,,
,2011-03,Durham Constabulary,Durham Constabulary,-1.638984,54.621695,On or near Royal George Close,E01020802,County Durham 059B,Anti-social behaviour,,
,2011-03,Durham Constabulary,Durham Constabulary,-1.642621,54.627277,On or near Hackworth Close,E01020802,County Durham 059B,Anti-social behaviour,,
,2011-03,Durham Constabulary,Durham Constabulary,-1.647237,54.623597,On or near Celandine Way,E01020802,County Durham 059B,Anti-social behaviour,,
,2011-03,Durham Constabulary,Durham Constabulary,-1.642036,54.623294,On or near Bouch Street,E01020802,County Durham 059B,Anti-social behaviour,,
,2011-03,Durham Constabulary,Durham Constabulary,-1.642036,54.623294,On or near Bouch Street,E01020802,County Durham 059B,Anti-social behaviour,,
,2011-03,Durham Constabulary,Durham Constabulary,-1.645723,54.623171,On or near Foxglove Way,E01020802,County Durham 059B,Anti-social behaviour,,
,2011-03,Durham Constabulary,Durham Constabulary,-1.638984,54.621695,On or near Royal George Close,E01020802,County Durham 059B,Anti-social behaviour,,
,2011-03,Durham Constabulary,Durham Constabulary,-1.640842,54.623516,On or near Redworth Road,E01020802,County Durham 059B,Anti-social behaviour,,
,2011-03,Durham Constabulary,Durham Constabulary,-1.640182,54.622813,On or near Kilburn Street,E01020802,County Durham 059B,Anti-social behaviour,,
,2011-03,Durham Constabulary,Durham Constabulary,-1.640182,54.622813,On or near Kilburn Street,E01020802,County Durham 059B,Anti-social behaviour,,
,2011-03,Durham Constabulary,Durham Constabulary,-1.638984,54.621695,On or near Royal George Close,E01020802,County Durham 059B,Anti-social behaviour,,
,2011-03,Durham Constabulary,Durham Constabulary,-1.646052,54.624591,On or near Scott Street,E01020802,County Durham 059B,Anti-social behaviour,,
,2011-03,Durham Constabulary,Durham Constabulary,-1.646052,54.624591,On or near Scott Street,E01020802,County Durham 059B,Anti-social behaviour,,
,2011-03,Durham Constabulary,Durham Constabulary,-1.638984,54.621695,On or near Royal George Close,E01020802,County Durham 059B,Anti-social behaviour,,
,2011-03,Durham Constabulary,Durham Constabulary,-1.640182,54.622813,On or near Kilburn Street,E01020802,County Durham 059B,Anti-social behaviour,,
,2011-03,Durham Constabulary,Durham Constabulary,-1.642659,54.626397,On or near Victoria Street,E01020802,County Durham 059B,Anti-social behaviour,,
,2011-03,Durham Constabulary,Durham Constabulary,-1.638984,54.621695,On or near Royal George Close,E01020802,County Durham 059B,Anti-social behaviour,,
,2011-03,Durham Constabulary,Durham Constabulary,-1.643475,54.623416,On or near Harrison Close,E01020802,County Durham 059B,Anti-social behaviour,,
,2011-03,Durham Constabulary,Durham Constabulary,-1.638984,54.621695,On or near Royal George Close,E01020802,County Durham 059B,Anti-social behaviour,,
,2011-03,Durham Constabulary,Durham Constabulary,-1.642621,54.627277,On or near Hackworth Close,E01020802,County Durham 059B,Anti-social behaviour,,
,2011-03,Durham Constabulary,Durham Constabulary,-1.646825,54.624728,On or near South Street,E01020802,County Durham 059B,Anti-social behaviour,,
,2011-03,Durham Constabulary,Durham Constabulary,-1.645668,54.624123,On or near The Mallards,E01020802,County Durham 059B,Anti-social behaviour,,
,2011-03,Durham Constabulary,Durham Constabulary,-1.638984,54.621695,On or near Royal George Close,E01020802,County Durham 059B,Anti-social behaviour,,
,2011-03,Durham Constabulary,Durham Constabulary,-1.645668,54.624123,On or near The Mallards,E01020802,County Durham 059B,Anti-social behaviour,,
,2011-03,Durham Constabulary,Durham Constabulary,-1.642036,54.623294,On or near Bouch Street,E01020802,County Durham 059B,Burglary,,
,2011-03,Durham Constabulary,Durham Constabulary,-1.640785,54.622931,On or near Thomas Street,E01020802,County Durham 059B,Burglary,,
,2011-03,Durham Constabulary,Durham Constabulary,-1.640182,54.622813,On or near Kilburn Street,E01020802,County Durham 059B,Vehicle crime,,
,2011-03,Durham Constabulary,Durham Constabulary,-1.644136,54.625862,On or near Station Street,E01020802,County Durham 059B,Vehicle crime,,
,2011-03,Durham Constabulary,Durham Constabulary,-1.640842,54.623516,On or near Redworth Road,E01020802,County Durham 059B,Violent crime,,
,2011-03,Durham Constabulary,Durham Constabulary,-1.638984,54.621695,On or near Royal George Close,E01020802,County Durham 059B,Violent crime,,
,2011-03,Durham Constabulary,Durham Constabulary,-1.644136,54.625862,On or near Station Street,E01020802,County Durham 059B,Violent crime,,
,2011-03,Durham Constabulary,Durham Constabulary,-1.640182,54.622813,On or near Kilburn Street,E01020802,County Durham 059B,Violent crime,,
,2011-03,Durham Constabulary,Durham Constabulary,-1.640182,54.622813,On or near Kilburn Street,E01020802,County Durham 059B,Violent crime,,
,2011-03,Durham Constabulary,Durham Constabulary,-1.646825,54.624728,On or near South Street,E01020802,County Durham 059B,Other crime,,
,2011-03,Durham Constabulary,Durham Constabulary,-1.646052,54.624591,On or near Scott Street,E01020802,County Durham 059B,Other crime,,
,2011-03,Durham Constabulary,Durham Constabulary,-1.665175,54.630730,On or near West Auckland Road,E01020802,County Durham 059B,Other crime,,
,2011-03,Durham Constabulary,Durham Constabulary,-1.638984,54.621695,On or near Royal George Close,E01020802,County Durham 059B,Other crime,,
,2011-03,Durham Constabulary,Durham Constabulary,-1.646825,54.624728,On or near South Street,E01020802,County Durham 059B,Other crime,,
,2011-03,Durham Constabulary,Durham Constabulary,-1.640182,54.622813,On or near Kilburn Street,E01020802,County Durham 059B,Other crime,,
,2011-03,Durham Constabulary,Durham Constabulary,-1.646825,54.624728,On or near South Street,E01020802,County Durham 059B,Other crime,,
,2011-03,Durham Constabulary,Durham Constabulary,-1.638984,54.621695,On or near Royal George Close,E01020802,County Durham 059B,Other crime,,
,2011-03,Durham Constabulary,Durham Constabulary,-1.640785,54.622931,On or near Thomas Street,E01020802,County Durham 059B,Other crime,,
,2011-03,Durham Constabulary,Durham Constabulary,-1.642036,54.623294,On or near Bouch Street,E01020802,County Durham 059B,Other crime,,
,2011-03,Durham Constabulary,Durham Constabulary,-1.638984,54.621695,On or near Royal George Close,E01020802,County Durham 059B,Other crime,,
,2011-03,Durham Constabulary,Durham Constabulary,-1.642036,54.623294,On or near Bouch Street,E01020802,County Durham 059B,Other crime,,
,2011-03,Durham Constabulary,Durham Constabulary,-1.638984,54.621695,On or near Royal George Close,E01020802,County Durham 059B,Other crime,,
,2011-03,Durham Constabulary,Durham Constabulary,-1.640764,54.635854,On or near Foundry Street,E01020838,County Durham 059C,Anti-social behaviour,,
,2011-03,Durham Constabulary,Durham Constabulary,-1.646187,54.634001,On or near Church Street,E01020838,County Durham 059C,Anti-social behaviour,,
,2011-03,Durham Constabulary,Durham Constabulary,-1.655009,54.636812,On or near Elmfield Terrace,E01020838,County Durham 059C,Anti-social behaviour,,
,2011-03,Durham Constabulary,Durham Constabulary,-1.641113,54.642020,On or near Eldon Bank,E01020838,County Durham 059C,Anti-social behaviour,,
,2011-03,Durham Constabulary,Durham Constabulary,-1.649350,54.633624,On or near Dean Street,E01020838,County Durham 059C,Anti-social behaviour,,
,2011-03,Durham Constabulary,Durham Constabulary,-1.646187,54.634001,On or near Church Street,E01020838,County Durham 059C,Anti-social behaviour,,
,2011-03,Durham Constabulary,Durham Constabulary,-1.648577,54.633460,On or near Primitive Street,E01020838,County Durham 059C,Anti-social behaviour,,
,2011-03,Durham Constabulary,Durham Constabulary,-1.646187,54.634001,On or near Church Street,E01020838,County Durham 059C,Anti-social behaviour,,
,2011-03,Durham Constabulary,Durham Constabulary,-1.641113,54.642020,On or near Eldon Bank,E01020838,County Durham 059C,Anti-social behaviour,,
,2011-03,Durham Constabulary,Durham Constabulary,-1.655009,54.636812,On or near Elmfield Terrace,E01020838,County Durham 059C,Anti-social behaviour,,
,2011-03,Durham Constabulary,Durham Constabulary,-1.647098,54.634300,On or near Association Street,E01020838,County Durham 059C,Anti-social behaviour,,
,2011-03,Durham Constabulary,Durham Constabulary,-1.640764,54.635854,On or near Foundry Street,E01020838,County Durham 059C,Anti-social behaviour,,
,2011-03,Durham Constabulary,Durham Constabulary,-1.646187,54.634001,On or near Church Street,E01020838,County Durham 059C,Anti-social behaviour,,
,2011-03,Durham Constabulary,Durham Constabulary,-1.646187,54.634001,On or near Church Street,E01020838,County Durham 059C,Anti-social behaviour,,
,2011-03,Durham Constabulary,Durham Constabulary,-1.641113,54.642020,On or near Eldon Bank,E01020838,County Durham 059C,Anti-social behaviour,,
,2011-03,Durham Constabulary,Durham Constabulary,-1.646187,54.634001,On or near Church Street,E01020838,County Durham 059C,Anti-social behaviour,,
,2011-03,Durham Constabulary,Durham Constabulary,-1.641113,54.642020,On or near Eldon Bank,E01020838,County Durham 059C,Anti-social behaviour,,
,2011-03,Durham Constabulary,Durham Constabulary,-1.648577,54.633460,On or near Primitive Street,E01020838,County Durham 059C,Anti-social behaviour,,
,2011-03,Durham Constabulary,Durham Constabulary,-1.641113,54.642020,On or near Eldon Bank,E01020838,County Durham 059C,Anti-social behaviour,,
,2011-03,Durham Constabulary,Durham Constabulary,-1.648577,54.633460,On or near Primitive Street,E01020838,County Durham 059C,Anti-social behaviour,,
,2011-03,Durham Constabulary,Durham Constabulary,-1.647098,54.634300,On or near Association Street,E01020838,County Durham 059C,Anti-social behaviour,,
,2011-03,Durham Constabulary,Durham Constabulary,-1.647098,54.634300,On or near Association Street,E01020838,County Durham 059C,Anti-social behaviour,,
,2011-03,Durham Constabulary,Durham Constabulary,-1.641113,54.642020,On or near Eldon Bank,E01020838,County Durham 059C,Anti-social behaviour,,
,2011-03,Durham Constabulary,Durham Constabulary,-1.645258,54.635670,On or near Fulton Court,E01020838,County Durham 059C,Anti-social behaviour,,
,2011-03,Durham Constabulary,Durham Constabulary,-1.641113,54.642020,On or near Eldon Bank,E01020838,County Durham 059C,Burglary,,
,2011-03,Durham Constabulary,Durham Constabulary,-1.641113,54.642020,On or near Eldon Bank,E01020838,County Durham 059C,Violent crime,,
,2011-03,Durham Constabulary,Durham Constabulary,-1.655009,54.636812,On or near Elmfield Terrace,E01020838,County Durham 059C,Violent crime,,
,2011-03,Durham Constabulary,Durham Constabulary,-1.641113,54.642020,On or near Eldon Bank,E01020838,County Durham 059C,Violent crime,,
,2011-03,Durham Constabulary,Durham Constabulary,-1.641113,54.642020,On or near Eldon Bank,E01020838,County Durham 059C,Other crime,,
,2011-03,Durham Constabulary,Durham Constabulary,-1.641113,54.642020,On or near Eldon Bank,E01020838,County Durham 059C,Other crime,,
,2011-03,Durham Constabulary,Durham Constabulary,-1.648577,54.633460,On or near Primitive Street,E01020838,County Durham 059C,Other crime,,
,2011-03,Durham Constabulary,Durham Constabulary,-1.651703,54.633846,On or near East View Terrace,E01020838,County Durham 059C,Other crime,,
,2011-03,Durham Constabulary,Durham Constabulary,-1.641113,54.642020,On or near Eldon Bank,E01020838,County Durham 059C,Other crime,,
,2011-03,Durham Constabulary,Durham Constabulary,-1.641113,54.642020,On or near Eldon Bank,E01020838,County Durham 059C,Other crime,,
,2011-03,Durham Constabulary,Durham Constabulary,-1.651703,54.633846,On or near East View Terrace,E01020838,County Durham 059C,Other crime,,
,2011-03,Durham Constabulary,Durham Constabulary,-1.655009,54.636812,On or near Elmfield Terrace,E01020838,County Durham 059C,Other crime,,
,2011-03,Durham Constabulary,Durham Constabulary,-1.641113,54.642020,On or near Eldon Bank,E01020838,County Durham 059C,Other crime,,
,2011-03,Durham Constabulary,Durham Constabulary,-1.643977,54.635208,On or near Cheapside,E01020838,County Durham 059C,Other crime,,
,2011-03,Durham Constabulary,Durham Constabulary,-1.648577,54.633460,On or near Primitive Street,E01020838,County Durham 059C,Other crime,,
,2011-03,Durham Constabulary,Durham Constabulary,-1.643599,54.632286,On or near Windsor Terrace,E01020839,County Durham 059D,Anti-social behaviour,,
,2011-03,Durham Constabulary,Durham Constabulary,-1.653807,54.634221,On or near College Street,E01020839,County Durham 059D,Anti-social behaviour,,
,2011-03,Durham Constabulary,Durham Constabulary,-1.654099,54.634446,On or near Auckland Wynd,E01020839,County Durham 059D,Anti-social behaviour,,
,2011-03,Durham Constabulary,Durham Constabulary,-1.642393,54.633828,On or near Dent Street,E01020839,County Durham 059D,Anti-social behaviour,,
,2011-03,Durham Constabulary,Durham Constabulary,-1.654099,54.634446,On or near Auckland Wynd,E01020839,County Durham 059D,Anti-social behaviour,,
,2011-03,Durham Constabulary,Durham Constabulary,-1.643046,54.635331,On or near Queen Street,E01020839,County Durham 059D,Anti-social behaviour,,
,2011-03,Durham Constabulary,Durham Constabulary,-1.651188,54.632497,On or near Main Street,E01020839,County Durham 059D,Anti-social behaviour,,
,2011-03,Durham Constabulary,Durham Constabulary,-1.642393,54.633828,On or near Dent Street,E01020839,County Durham 059D,Anti-social behaviour,,
,2011-03,Durham Constabulary,Durham Constabulary,-1.646284,54.633561,On or near John Street,E01020839,County Durham 059D,Anti-social behaviour,,
,2011-03,Durham Constabulary,Durham Constabulary,-1.641561,54.635039,On or near St. Pauls Terrace,E01020839,County Durham 059D,Anti-social behaviour,,
,2011-03,Durham Constabulary,Durham Constabulary,-1.651188,54.632497,On or near Main Street,E01020839,County Durham 059D,Anti-social behaviour,,
,2011-03,Durham Constabulary,Durham Constabulary,-1.642393,54.633828,On or near Dent Street,E01020839,County Durham 059D,Anti-social behaviour,,
,2011-03,Durham Constabulary,Durham Constabulary,-1.643046,54.635331,On or near Queen Street,E01020839,County Durham 059D,Anti-social behaviour,,
,2011-03,Durham Constabulary,Durham Constabulary,-1.643046,54.635331,On or near Queen Street,E01020839,County Durham 059D,Anti-social behaviour,,
,2011-03,Durham Constabulary,Durham Constabulary,-1.655590,54.635852,On or near Elm Drive,E01020839,County Durham 059D,Anti-social behaviour,,
,2011-03,Durham Constabulary,Durham Constabulary,-1.650077,54.632017,On or near Park View,E01020839,County Durham 059D,Anti-social behaviour,,
,2011-03,Durham Constabulary,Durham Constabulary,-1.645667,54.631375,On or near Central Parade,E01020839,County Durham 059D,Anti-social behaviour,,
,2011-03,Durham Constabulary,Durham Constabulary,-1.643046,54.635331,On or near Queen Street,E01020839,County Durham 059D,Burglary,,
,2011-03,Durham Constabulary,Durham Constabulary,-1.655590,54.635852,On or near Elm Drive,E01020839,County Durham 059D,Vehicle crime,,
,2011-03,Durham Constabulary,Durham Constabulary,-1.643599,54.632286,On or near Windsor Terrace,E01020839,County Durham 059D,Vehicle crime,,
,2011-03,Durham Constabulary,Durham Constabulary,-1.645787,54.631843,On or near Burnie Gardens,E01020839,County Durham 059D,Violent crime,,
,2011-03,Durham Constabulary,Durham Constabulary,-1.654099,54.634446,On or near Auckland Wynd,E01020839,County Durham 059D,Violent crime,,
,2011-03,Durham Constabulary,Durham Constabulary,-1.650077,54.632017,On or near Park View,E01020839,County Durham 059D,Other crime,,
,2011-03,Durham Constabulary,Durham Constabulary,-1.650077,54.632017,On or near Park View,E01020839,County Durham 059D,Other crime,,
,2011-03,Durham Constabulary,Durham Constabulary,-1.650077,54.632017,On or near Park View,E01020839,County Durham 059D,Other crime,,
,2011-03,Durham Constabulary,Durham Constabulary,-1.642393,54.633828,On or near Dent Street,E01020839,County Durham 059D,Other crime,,
,2011-03,Durham Constabulary,Durham Constabulary,-1.650077,54.632017,On or near Park View,E01020839,County Durham 059D,Other crime,,
,2011-03,Durham Constabulary,Durham Constabulary,-1.650077,54.632017,On or near Park View,E01020839,County Durham 059D,Other crime,,
,2011-03,Durham Constabulary,Durham Constabulary,-1.642928,54.634611,On or near Market Place,E01020839,County Durham 059D,Other crime,,
,2011-03,Durham Constabulary,Durham Constabulary,-1.633467,54.627205,On or near Linden Close,E01020840,County Durham 059E,Anti-social behaviour,,
,2011-03,Durham Constabulary,Durham Constabulary,-1.633467,54.627205,On or near Linden Close,E01020840,County Durham 059E,Anti-social behaviour,,
,2011-03,Durham Constabulary,Durham Constabulary,-1.633943,54.627665,On or near Hilsdon Drive,E01020840,County Durham 059E,Anti-social behaviour,,
,2011-03,Durham Constabulary,Durham Constabulary,-1.633319,54.629892,On or near Hazeldale Avenue,E01020840,County Durham 059E,Anti-social behaviour,,
,2011-03,Durham Constabulary,Durham Constabulary,-1.633943,54.627665,On or near Hilsdon Drive,E01020840,County Durham 059E,Anti-social behaviour,,
,2011-03,Durham Constabulary,Durham Constabulary,-1.633319,54.629892,On or near Hazeldale Avenue,E01020840,County Durham 059E,Anti-social behaviour,,
,2011-03,Durham Constabulary,Durham Constabulary,-1.633467,54.627205,On or near Linden Close,E01020840,County Durham 059E,Anti-social behaviour,,
,2011-03,Durham Constabulary,Durham Constabulary,-1.633319,54.629892,On or near Hazeldale Avenue,E01020840,County Durham 059E,Anti-social behaviour,,
,2011-03,Durham Constabulary,Durham Constabulary,-1.629947,54.632775,On or near Westerdale Gardens,E01020840,County Durham 059E,Anti-social behaviour,,
,2011-03,Durham Constabulary,Durham Constabulary,-1.633943,54.627665,On or near Hilsdon Drive,E01020840,County Durham 059E,Anti-social behaviour,,
,2011-03,Durham Constabulary,Durham Constabulary,-1.633319,54.629892,On or near Hazeldale Avenue,E01020840,County Durham 059E,Anti-social behaviour,,
,2011-03,Durham Constabulary,Durham Constabulary,-1.632382,54.629044,On or near Weardale Walk,E01020840,County Durham 059E,Anti-social behaviour,,
,2011-03,Durham Constabulary,Durham Constabulary,-1.631806,54.632799,On or near Yew Tree Avenue,E01020840,County Durham 059E,Anti-social behaviour,,
,2011-03,Durham Constabulary,Durham Constabulary,-1.630994,54.630091,On or near Glaisdale Gardens,E01020840,County Durham 059E,Anti-social behaviour,,
,2011-03,Durham Constabulary,Durham Constabulary,-1.629947,54.632775,On or near Westerdale Gardens,E01020840,County Durham 059E,Anti-social behaviour,,
,2011-03,Durham Constabulary,Durham Constabulary,-1.637676,54.624216,On or near Dalton Crescent,E01020840,County Durham 059E,Violent crime,,
,2011-03,Durham Constabulary,Durham Constabulary,-1.633319,54.629892,On or near Hazeldale Avenue,E01020840,County Durham 059E,Violent crime,,
,2011-03,Durham Constabulary,Durham Constabulary,-1.637676,54.624216,On or near Dalton Crescent,E01020840,County Durham 059E,Violent crime,,
,2011-03,Durham Constabulary,Durham Constabulary,-1.632382,54.629044,On or near Weardale Walk,E01020840,County Durham 059E,Other crime,,
,2011-03,Durham Constabulary,Durham Constabulary,-1.633742,54.629363,On or near Rosedale Crescent,E01020840,County Durham 059E,Other crime,,
,2011-03,Durham Constabulary,Durham Constabulary,-1.638096,54.631038,On or near Fir Tree,E01020841,County Durham 059F,Anti-social behaviour,,
,2011-03,Durham Constabulary,Durham Constabulary,-1.640631,54.633338,On or near Sunnyside Avenue,E01020841,County Durham 059F,Anti-social behaviour,,
,2011-03,Durham Constabulary,Durham Constabulary,-1.633776,54.632508,On or near Larch Avenue,E01020841,County Durham 059F,Anti-social behaviour,,
,2011-03,Durham Constabulary,Durham Constabulary,-1.638096,54.631038,On or near Fir Tree,E01020841,County Durham 059F,Anti-social behaviour,,
,2011-03,Durham Constabulary,Durham Constabulary,-1.640631,54.633338,On or near Sunnyside Avenue,E01020841,County Durham 059F,Anti-social behaviour,,
,2011-03,Durham Constabulary,Durham Constabulary,-1.640631,54.633338,On or near Sunnyside Avenue,E01020841,County Durham 059F,Anti-social behaviour,,
,2011-03,Durham Constabulary,Durham Constabulary,-1.641613,54.632684,On or near Sycamore Square,E01020841,County Durham 059F,Anti-social behaviour,,
,2011-03,Durham Constabulary,Durham Constabulary,-1.635139,54.630841,On or near Pine Tree Crescent,E01020841,County Durham 059F,Anti-social behaviour,,
,2011-03,Durham Constabulary,Durham Constabulary,-1.641613,54.632684,On or near Sycamore Square,E01020841,County Durham 059F,Anti-social behaviour,,
,2011-03,Durham Constabulary,Durham Constabulary,-1.638096,54.631038,On or near Fir Tree,E01020841,County Durham 059F,Anti-social behaviour,,
,2011-03,Durham Constabulary,Durham Constabulary,-1.640921,54.632125,On or near Birch Avenue,E01020841,County Durham 059F,Anti-social behaviour,,
,2011-03,Durham Constabulary,Durham Constabulary,-1.640921,54.632125,On or near Birch Avenue,E01020841,County Durham 059F,Anti-social behaviour,,
,2011-03,Durham Constabulary,Durham Constabulary,-1.636474,54.630485,On or near Maple Avenue,E01020841,County Durham 059F,Anti-social behaviour,,
,2011-03,Durham Constabulary,Durham Constabulary,-1.638096,54.631038,On or near Fir Tree,E01020841,County Durham 059F,Anti-social behaviour,,
,2011-03,Durham Constabulary,Durham Constabulary,-1.640631,54.633338,On or near Sunnyside Avenue,E01020841,County Durham 059F,Anti-social behaviour,,
,2011-03,Durham Constabulary,Durham Constabulary,-1.639688,54.631439,On or near Jubilee Road,E01020841,County Durham 059F,Anti-social behaviour,,
,2011-03,Durham Constabulary,Durham Constabulary,-1.633776,54.632508,On or near Larch Avenue,E01020841,County Durham 059F,Anti-social behaviour,,
,2011-03,Durham Constabulary,Durham Constabulary,-1.636474,54.630485,On or near Maple Avenue,E01020841,County Durham 059F,Anti-social behaviour,,
,2011-03,Durham Constabulary,Durham Constabulary,-1.637952,54.629726,On or near Jasmine Avenue,E01020841,County Durham 059F,Anti-social behaviour,,
,2011-03,Durham Constabulary,Durham Constabulary,-1.635139,54.630841,On or near Pine Tree Crescent,E01020841,County Durham 059F,Anti-social behaviour,,
,2011-03,Durham Constabulary,Durham Constabulary,-1.637952,54.629726,On or near Jasmine Avenue,E01020841,County Durham 059F,Anti-social behaviour,,
,2011-03,Durham Constabulary,Durham Constabulary,-1.636474,54.630485,On or near Maple Avenue,E01020841,County Durham 059F,Anti-social behaviour,,
,2011-03,Durham Constabulary,Durham Constabulary,-1.637952,54.629726,On or near Jasmine Avenue,E01020841,County Durham 059F,Anti-social behaviour,,
,2011-03,Durham Constabulary,Durham Constabulary,-1.639688,54.631439,On or near Jubilee Road,E01020841,County Durham 059F,Anti-social behaviour,,
,2011-03,Durham Constabulary,Durham Constabulary,-1.639688,54.631439,On or near Jubilee Road,E01020841,County Durham 059F,Anti-social behaviour,,
,2011-03,Durham Constabulary,Durham Constabulary,-1.640187,54.630991,On or near Cedar Grove,E01020841,County Durham 059F,Burglary,,
,2011-03,Durham Constabulary,Durham Constabulary,-1.635139,54.630841,On or near Pine Tree Crescent,E01020841,County Durham 059F,Burglary,,
,2011-03,Durham Constabulary,Durham Constabulary,-1.638096,54.631038,On or near Fir Tree,E01020841,County Durham 059F,Violent crime,,
,2011-03,Durham Constabulary,Durham Constabulary,-1.637192,54.629876,On or near Magnolia Way,E01020841,County Durham 059F,Violent crime,,
,2011-03,Durham Constabulary,Durham Constabulary,-1.639533,54.629623,On or near Chestnut Close,E01020841,County Durham 059F,Violent crime,,
,2011-03,Durham Constabulary,Durham Constabulary,-1.640631,54.633338,On or near Sunnyside Avenue,E01020841,County Durham 059F,Other crime,,
,2011-03,Durham Constabulary,Durham Constabulary,-1.636474,54.630485,On or near Maple Avenue,E01020841,County Durham 059F,Other crime,,
,2011-03,Durham Constabulary,Durham Constabulary,-1.635139,54.630841,On or near Pine Tree Crescent,E01020841,County Durham 059F,Other crime,,
,2011-03,Durham Constabulary,Durham Constabulary,-1.636209,54.632417,On or near Holly Hill,E01020841,County Durham 059F,Other crime,,
,2011-03,Durham Constabulary,Durham Constabulary,-1.639688,54.631439,On or near Jubilee Road,E01020841,County Durham 059F,Other crime,,
,2011-03,Durham Constabulary,Durham Constabulary,-1.637952,54.629726,On or near Jasmine Avenue,E01020841,County Durham 059F,Other crime,,
,2011-03,Durham Constabulary,Durham Constabulary,-1.587858,54.629638,On or near Raddive Close,E01020813,County Durham 060A,Anti-social behaviour,,
,2011-03,Durham Constabulary,Durham Constabulary,-1.595356,54.626464,On or near Luttryngton Court,E01020813,County Durham 060A,Anti-social behaviour,,
,2011-03,Durham Constabulary,Durham Constabulary,-1.595356,54.626464,On or near Luttryngton Court,E01020813,County Durham 060A,Anti-social behaviour,,
,2011-03,Durham Constabulary,Durham Constabulary,-1.600597,54.624324,On or near Hurworth Hunt,E01020813,County Durham 060A,Anti-social behaviour,,
,2011-03,Durham Constabulary,Durham Constabulary,-1.595356,54.626464,On or near Luttryngton Court,E01020813,County Durham 060A,Anti-social behaviour,,
,2011-03,Durham Constabulary,Durham Constabulary,-1.595356,54.626464,On or near Luttryngton Court,E01020813,County Durham 060A,Anti-social behaviour,,
,2011-03,Durham Constabulary,Durham Constabulary,-1.592058,54.624844,On or near Cestria Way,E01020814,County Durham 060B,Anti-social behaviour,,
,2011-03,Durham Constabulary,Durham Constabulary,-1.591473,54.624456,On or near Lisle Road,E01020814,County Durham 060B,Anti-social behaviour,,
,2011-03,Durham Constabulary,Durham Constabulary,-1.591473,54.624456,On or near Lisle Road,E01020814,County Durham 060B,Anti-social behaviour,,
,2011-03,Durham Constabulary,Durham Constabulary,-1.592058,54.624844,On or near Cestria Way,E01020814,County Durham 060B,Anti-social behaviour,,
,2011-03,Durham Constabulary,Durham Constabulary,-1.589688,54.626364,On or near Coverdale Court,E01020814,County Durham 060B,Anti-social behaviour,,
,2011-03,Durham Constabulary,Durham Constabulary,-1.591473,54.624456,On or near Lisle Road,E01020814,County Durham 060B,Other crime,,
,2011-03,Durham Constabulary,Durham Constabulary,-1.586236,54.630729,On or near Lancelot Close,E01020814,County Durham 060B,Other crime,,
,2011-03,Durham Constabulary,Durham Constabulary,-1.597658,54.622364,On or near Stocks Green,E01020815,County Durham 060C,Anti-social behaviour,,
,2011-03,Durham Constabulary,Durham Constabulary,-1.597658,54.622364,On or near Stocks Green,E01020815,County Durham 060C,Anti-social behaviour,,
,2011-03,Durham Constabulary,Durham Constabulary,-1.602126,54.621543,On or near Malvern Way,E01020815,County Durham 060C,Anti-social behaviour,,
,2011-03,Durham Constabulary,Durham Constabulary,-1.597658,54.622364,On or near Stocks Green,E01020815,County Durham 060C,Anti-social behaviour,,
,2011-03,Durham Constabulary,Durham Constabulary,-1.602126,54.621543,On or near Malvern Way,E01020815,County Durham 060C,Anti-social behaviour,,
,2011-03,Durham Constabulary,Durham Constabulary,-1.602126,54.621543,On or near Malvern Way,E01020815,County Durham 060C,Anti-social behaviour,,
,2011-03,Durham Constabulary,Durham Constabulary,-1.602126,54.621543,On or near Malvern Way,E01020815,County Durham 060C,Anti-social behaviour,,
,2011-03,Durham Constabulary,Durham Constabulary,-1.602126,54.621543,On or near Malvern Way,E01020815,County Durham 060C,Anti-social behaviour,,
,2011-03,Durham Constabulary,Durham Constabulary,-1.597658,54.622364,On or near Stocks Green,E01020815,County Durham 060C,Anti-social behaviour,,
,2011-03,Durham Constabulary,Durham Constabulary,-1.602126,54.621543,On or near Malvern Way,E01020815,County Durham 060C,Anti-social behaviour,,
,2011-03,Durham Constabulary,Durham Constabulary,-1.597658,54.622364,On or near Stocks Green,E01020815,County Durham 060C,Anti-social behaviour,,
,2011-03,Durham Constabulary,Durham Constabulary,-1.597658,54.622364,On or near Stocks Green,E01020815,County Durham 060C,Anti-social behaviour,,
,2011-03,Durham Constabulary,Durham Constabulary,-1.597658,54.622364,On or near Stocks Green,E01020815,County Durham 060C,Anti-social behaviour,,
,2011-03,Durham Constabulary,Durham Constabulary,-1.597658,54.622364,On or near Stocks Green,E01020815,County Durham 060C,Anti-social behaviour,,
,2011-03,Durham Constabulary,Durham Constabulary,-1.613437,54.630827,On or near The Meadows,E01020815,County Durham 060C,Anti-social behaviour,,
,2011-03,Durham Constabulary,Durham Constabulary,-1.597658,54.622364,On or near Stocks Green,E01020815,County Durham 060C,Anti-social behaviour,,
,2011-03,Durham Constabulary,Durham Constabulary,-1.602126,54.621543,On or near Malvern Way,E01020815,County Durham 060C,Anti-social behaviour,,
,2011-03,Durham Constabulary,Durham Constabulary,-1.597658,54.622364,On or near Stocks Green,E01020815,County Durham 060C,Anti-social behaviour,,
,2011-03,Durham Constabulary,Durham Constabulary,-1.597658,54.622364,On or near Stocks Green,E01020815,County Durham 060C,Violent crime,,
,2011-03,Durham Constabulary,Durham Constabulary,-1.602126,54.621543,On or near Malvern Way,E01020815,County Durham 060C,Violent crime,,
,2011-03,Durham Constabulary,Durham Constabulary,-1.602126,54.621543,On or near Malvern Way,E01020815,County Durham 060C,Violent crime,,
,2011-03,Durham Constabulary,Durham Constabulary,-1.597658,54.622364,On or near Stocks Green,E01020815,County Durham 060C,Other crime,,
,2011-03,Durham Constabulary,Durham Constabulary,-1.567868,54.631932,On or near Beaumont Close,E01020848,County Durham 060D,Anti-social behaviour,,
,2011-03,Durham Constabulary,Durham Constabulary,-1.570016,54.632371,On or near Egerton Grove,E01020848,County Durham 060D,Anti-social behaviour,,
,2011-03,Durham Constabulary,Durham Constabulary,-1.567669,54.628786,On or near Brafferton Close,E01020848,County Durham 060D,Anti-social behaviour,,
,2011-03,Durham Constabulary,Durham Constabulary,-1.568887,54.632232,On or near Kirkham Close,E01020848,County Durham 060D,Anti-social behaviour,,
,2011-03,Durham Constabulary,Durham Constabulary,-1.564392,54.629547,On or near Mulgrave Court,E01020848,County Durham 060D,Anti-social behaviour,,
,2011-03,Durham Constabulary,Durham Constabulary,-1.573627,54.629301,On or near Morrison Close,E01020848,County Durham 060D,Anti-social behaviour,,
,2011-03,Durham Constabulary,Durham Constabulary,-1.573627,54.629301,On or near Morrison Close,E01020848,County Durham 060D,Vehicle crime,,
,2011-03,Durham Constabulary,Durham Constabulary,-1.573627,54.629301,On or near Morrison Close,E01020848,County Durham 060D,Other crime,,
,2011-03,Durham Constabulary,Durham Constabulary,-1.567868,54.631932,On or near Beaumont Close,E01020848,County Durham 060D,Other crime,,
,2011-03,Durham Constabulary,Durham Constabulary,-1.583759,54.630594,On or near Pinewood Close,E01020850,County Durham 060E,Anti-social behaviour,,
,2011-03,Durham Constabulary,Durham Constabulary,-1.581922,54.636007,On or near Wakenshaw Drive,E01020850,County Durham 060E,Anti-social behaviour,,
,2011-03,Durham Constabulary,Durham Constabulary,-1.579908,54.639029,On or near Acle Meadows,E01020850,County Durham 060E,Anti-social behaviour,,
,2011-03,Durham Constabulary,Durham Constabulary,-1.582625,54.635524,On or near Youens Crescent,E01020850,County Durham 060E,Anti-social behaviour,,
,2011-03,Durham Constabulary,Durham Constabulary,-1.582625,54.635524,On or near Youens Crescent,E01020850,County Durham 060E,Anti-social behaviour,,
,2011-03,Durham Constabulary,Durham Constabulary,-1.582328,54.637213,On or near Annand Way,E01020850,County Durham 060E,Anti-social behaviour,,
,2011-03,Durham Constabulary,Durham Constabulary,-1.583667,54.633578,On or near Forster Close,E01020850,County Durham 060E,Anti-social behaviour,,
,2011-03,Durham Constabulary,Durham Constabulary,-1.574526,54.633645,On or near Woodham Gate,E01020850,County Durham 060E,Other crime,,
,2011-03,Durham Constabulary,Durham Constabulary,-1.562452,54.632811,On or near Stag Lane,E01020851,County Durham 060F,Anti-social behaviour,,
,2011-03,Durham Constabulary,Durham Constabulary,-1.560117,54.633827,On or near Cheltenham Way,E01020851,County Durham 060F,Anti-social behaviour,,
,2011-03,Durham Constabulary,Durham Constabulary,-1.562452,54.632811,On or near Stag Lane,E01020851,County Durham 060F,Anti-social behaviour,,
,2011-03,Durham Constabulary,Durham Constabulary,-1.563244,54.629758,On or near Middleham Way,E01020851,County Durham 060F,Anti-social behaviour,,
,2011-03,Durham Constabulary,Durham Constabulary,-1.559424,54.634921,On or near Cowdray Close,E01020851,County Durham 060F,Anti-social behaviour,,
,2011-03,Durham Constabulary,Durham Constabulary,-1.562675,54.630745,On or near Lowther Drive,E01020851,County Durham 060F,Anti-social behaviour,,
,2011-03,Durham Constabulary,Durham Constabulary,-1.567535,54.634051,On or near Campion Court,E01020851,County Durham 060F,Anti-social behaviour,,
,2011-03,Durham Constabulary,Durham Constabulary,-1.564897,54.631597,On or near Bamburgh Crescent,E01020851,County Durham 060F,Other crime,,
,2011-03,Durham Constabulary,Durham Constabulary,-1.595888,54.624390,On or near Greenlee Garth,E01020816,County Durham 061A,Anti-social behaviour,,
,2011-03,Durham Constabulary,Durham Constabulary,-1.592256,54.620513,On or near Silverdale Place,E01020816,County Durham 061A,Anti-social behaviour,,
,2011-03,Durham Constabulary,Durham Constabulary,-1.592256,54.620513,On or near Silverdale Place,E01020816,County Durham 061A,Anti-social behaviour,,
,2011-03,Durham Constabulary,Durham Constabulary,-1.592908,54.618826,On or near Langdale Place,E01020816,County Durham 061A,Anti-social behaviour,,
,2011-03,Durham Constabulary,Durham Constabulary,-1.593633,54.617543,On or near Eskdale Place,E01020816,County Durham 061A,Anti-social behaviour,,
,2011-03,Durham Constabulary,Durham Constabulary,-1.592908,54.618826,On or near Langdale Place,E01020816,County Durham 061A,Anti-social behaviour,,
,2011-03,Durham Constabulary,Durham Constabulary,-1.593633,54.617543,On or near Eskdale Place,E01020816,County Durham 061A,Anti-social behaviour,,
,2011-03,Durham Constabulary,Durham Constabulary,-1.595888,54.624390,On or near Greenlee Garth,E01020816,County Durham 061A,Anti-social behaviour,,
,2011-03,Durham Constabulary,Durham Constabulary,-1.595888,54.624390,On or near Greenlee Garth,E01020816,County Durham 061A,Anti-social behaviour,,
,2011-03,Durham Constabulary,Durham Constabulary,-1.592256,54.620513,On or near Silverdale Place,E01020816,County Durham 061A,Violent crime,,
,2011-03,Durham Constabulary,Durham Constabulary,-1.592256,54.620513,On or near Silverdale Place,E01020816,County Durham 061A,Violent crime,,
,2011-03,Durham Constabulary,Durham Constabulary,-1.592256,54.620513,On or near Silverdale Place,E01020816,County Durham 061A,Violent crime,,
,2011-03,Durham Constabulary,Durham Constabulary,-1.595888,54.624390,On or near Greenlee Garth,E01020816,County Durham 061A,Violent crime,,
,2011-03,Durham Constabulary,Durham Constabulary,-1.592256,54.620513,On or near Silverdale Place,E01020816,County Durham 061A,Violent crime,,
,2011-03,Durham Constabulary,Durham Constabulary,-1.592256,54.620513,On or near Silverdale Place,E01020816,County Durham 061A,Violent crime,,
,2011-03,Durham Constabulary,Durham Constabulary,-1.592256,54.620513,On or near Silverdale Place,E01020816,County Durham 061A,Other crime,,
,2011-03,Durham Constabulary,Durham Constabulary,-1.595888,54.624390,On or near Greenlee Garth,E01020816,County Durham 061A,Other crime,,
,2011-03,Durham Constabulary,Durham Constabulary,-1.592908,54.618826,On or near Langdale Place,E01020816,County Durham 061A,Other crime,,
,2011-03,Durham Constabulary,Durham Constabulary,-1.592256,54.620513,On or near Silverdale Place,E01020816,County Durham 061A,Other crime,,
,2011-03,Durham Constabulary,Durham Constabulary,-1.591419,54.617482,On or near Whinlatter Place,E01020844,County Durham 061B,Anti-social behaviour,,
,2011-03,Durham Constabulary,Durham Constabulary,-1.587120,54.621484,On or near Garburn Place,E01020844,County Durham 061B,Anti-social behaviour,,
,2011-03,Durham Constabulary,Durham Constabulary,-1.591419,54.617482,On or near Whinlatter Place,E01020844,County Durham 061B,Anti-social behaviour,,
,2011-03,Durham Constabulary,Durham Constabulary,-1.588815,54.622353,On or near Hawkshead Place,E01020844,County Durham 061B,Anti-social behaviour,,
,2011-03,Durham Constabulary,Durham Constabulary,-1.589688,54.618635,On or near Kirkstone Place,E01020844,County Durham 061B,Anti-social behaviour,,
,2011-03,Durham Constabulary,Durham Constabulary,-1.589688,54.618635,On or near Kirkstone Place,E01020844,County Durham 061B,Anti-social behaviour,,
,2011-03,Durham Constabulary,Durham Constabulary,-1.588815,54.622353,On or near Hawkshead Place,E01020844,County Durham 061B,Anti-social behaviour,,
,2011-03,Durham Constabulary,Durham Constabulary,-1.588449,54.615602,On or near Rowan Place,E01020844,County Durham 061B,Anti-social behaviour,,
,2011-03,Durham Constabulary,Durham Constabulary,-1.588815,54.622353,On or near Hawkshead Place,E01020844,County Durham 061B,Anti-social behaviour,,
,2011-03,Durham Constabulary,Durham Constabulary,-1.589688,54.618635,On or near Kirkstone Place,E01020844,County Durham 061B,Anti-social behaviour,,
,2011-03,Durham Constabulary,Durham Constabulary,-1.588815,54.622353,On or near Hawkshead Place,E01020844,County Durham 061B,Vehicle crime,,
,2011-03,Durham Constabulary,Durham Constabulary,-1.584126,54.615920,On or near Oakfield,E01020844,County Durham 061B,Other crime,,
,2011-03,Durham Constabulary,Durham Constabulary,-1.589688,54.618635,On or near Kirkstone Place,E01020844,County Durham 061B,Other crime,,
,2011-03,Durham Constabulary,Durham Constabulary,-1.587120,54.621484,On or near Garburn Place,E01020844,County Durham 061B,Other crime,,
,2011-03,Durham Constabulary,Durham Constabulary,-1.587120,54.621484,On or near Garburn Place,E01020844,County Durham 061B,Other crime,,
,2011-03,Durham Constabulary,Durham Constabulary,-1.589688,54.618635,On or near Kirkstone Place,E01020844,County Durham 061B,Other crime,,
,2011-03,Durham Constabulary,Durham Constabulary,-1.587120,54.621484,On or near Garburn Place,E01020844,County Durham 061B,Other crime,,
,2011-03,Durham Constabulary,Durham Constabulary,-1.588449,54.615602,On or near Rowan Place,E01020844,County Durham 061B,Other crime,,
,2011-03,Durham Constabulary,Durham Constabulary,-1.583146,54.623951,On or near Askrigg Close,E01020847,County Durham 061C,Anti-social behaviour,,
,2011-03,Durham Constabulary,Durham Constabulary,-1.576968,54.626742,On or near Burn Lane,E01020847,County Durham 061C,Anti-social behaviour,,
,2011-03,Durham Constabulary,Durham Constabulary,-1.583146,54.623951,On or near Askrigg Close,E01020847,County Durham 061C,Anti-social behaviour,,
,2011-03,Durham Constabulary,Durham Constabulary,-1.576968,54.626742,On or near Burn Lane,E01020847,County Durham 061C,Anti-social behaviour,,
,2011-03,Durham Constabulary,Durham Constabulary,-1.580986,54.624582,On or near Kestrel Court,E01020847,County Durham 061C,Anti-social behaviour,,
,2011-03,Durham Constabulary,Durham Constabulary,-1.580123,54.627239,On or near Bates Close,E01020847,County Durham 061C,Anti-social behaviour,,
,2011-03,Durham Constabulary,Durham Constabulary,-1.583146,54.623951,On or near Askrigg Close,E01020847,County Durham 061C,Anti-social behaviour,,
,2011-03,Durham Constabulary,Durham Constabulary,-1.580123,54.627239,On or near Bates Close,E01020847,County Durham 061C,Anti-social behaviour,,
,2011-03,Durham Constabulary,Durham Constabulary,-1.576968,54.626742,On or near Burn Lane,E01020847,County Durham 061C,Anti-social behaviour,,
,2011-03,Durham Constabulary,Durham Constabulary,-1.580123,54.627239,On or near Bates Close,E01020847,County Durham 061C,Anti-social behaviour,,
,2011-03,Durham Constabulary,Durham Constabulary,-1.576968,54.626742,On or near Burn Lane,E01020847,County Durham 061C,Anti-social behaviour,,
,2011-03,Durham Constabulary,Durham Constabulary,-1.576745,54.625825,On or near Brockett Close,E01020847,County Durham 061C,Violent crime,,
,2011-03,Durham Constabulary,Durham Constabulary,-1.580123,54.627239,On or near Bates Close,E01020847,County Durham 061C,Other crime,,
,2011-03,Durham Constabulary,Durham Constabulary,-1.583146,54.623951,On or near Askrigg Close,E01020847,County Durham 061C,Other crime,,
,2011-03,Durham Constabulary,Durham Constabulary,-1.580123,54.627239,On or near Bates Close,E01020847,County Durham 061C,Other crime,,
,2011-03,Durham Constabulary,Durham Constabulary,-1.576968,54.626742,On or near Burn Lane,E01020847,County Durham 061C,Other crime,,
,2011-03,Durham Constabulary,Durham Constabulary,-1.580123,54.627239,On or near Bates Close,E01020847,County Durham 061C,Other crime,,
,2011-03,Durham Constabulary,Durham Constabulary,-1.576968,54.626742,On or near Burn Lane,E01020847,County Durham 061C,Other crime,,
,2011-03,Durham Constabulary,Durham Constabulary,-1.580123,54.627239,On or near Bates Close,E01020847,County Durham 061C,Other crime,,
,2011-03,Durham Constabulary,Durham Constabulary,-1.572760,54.627788,On or near Heatherburn Court,E01020849,County Durham 061D,Anti-social behaviour,,
,2011-03,Durham Constabulary,Durham Constabulary,-1.573433,54.630046,On or near Tanfield Place,E01020849,County Durham 061D,Anti-social behaviour,,
,2011-03,Durham Constabulary,Durham Constabulary,-1.577566,54.630294,On or near Phoenix Place,E01020849,County Durham 061D,Anti-social behaviour,,
,2011-03,Durham Constabulary,Durham Constabulary,-1.573433,54.630046,On or near Tanfield Place,E01020849,County Durham 061D,Anti-social behaviour,,
,2011-03,Durham Constabulary,Durham Constabulary,-1.573433,54.630046,On or near Tanfield Place,E01020849,County Durham 061D,Anti-social behaviour,,
,2011-03,Durham Constabulary,Durham Constabulary,-1.573433,54.630046,On or near Tanfield Place,E01020849,County Durham 061D,Anti-social behaviour,,
,2011-03,Durham Constabulary,Durham Constabulary,-1.577499,54.629306,On or near Ida Place,E01020849,County Durham 061D,Anti-social behaviour,,
,2011-03,Durham Constabulary,Durham Constabulary,-1.577566,54.630294,On or near Phoenix Place,E01020849,County Durham 061D,Anti-social behaviour,,
,2011-03,Durham Constabulary,Durham Constabulary,-1.577499,54.629306,On or near Ida Place,E01020849,County Durham 061D,Anti-social behaviour,,
,2011-03,Durham Constabulary,Durham Constabulary,-1.573433,54.630046,On or near Tanfield Place,E01020849,County Durham 061D,Anti-social behaviour,,
,2011-03,Durham Constabulary,Durham Constabulary,-1.573433,54.630046,On or near Tanfield Place,E01020849,County Durham 061D,Anti-social behaviour,,
,2011-03,Durham Constabulary,Durham Constabulary,-1.577566,54.630294,On or near Phoenix Place,E01020849,County Durham 061D,Violent crime,,
,2011-03,Durham Constabulary,Durham Constabulary,-1.577566,54.630294,On or near Phoenix Place,E01020849,County Durham 061D,Other crime,,
,2011-03,Durham Constabulary,Durham Constabulary,-1.577499,54.629306,On or near Ida Place,E01020849,County Durham 061D,Other crime,,
,2011-03,Durham Constabulary,Durham Constabulary,-1.564584,54.615896,On or near Neville Parade,E01020825,County Durham 062A,Anti-social behaviour,,
,2011-03,Durham Constabulary,Durham Constabulary,-1.564584,54.615896,On or near Neville Parade,E01020825,County Durham 062A,Anti-social behaviour,,
,2011-03,Durham Constabulary,Durham Constabulary,-1.564584,54.615896,On or near Neville Parade,E01020825,County Durham 062A,Anti-social behaviour,,
,2011-03,Durham Constabulary,Durham Constabulary,-1.572910,54.617903,On or near Isherwood Close,E01020825,County Durham 062A,Anti-social behaviour,,
,2011-03,Durham Constabulary,Durham Constabulary,-1.564584,54.615896,On or near Neville Parade,E01020825,County Durham 062A,Anti-social behaviour,,
,2011-03,Durham Constabulary,Durham Constabulary,-1.569109,54.617036,On or near Lumley Close,E01020825,County Durham 062A,Anti-social behaviour,,
,2011-03,Durham Constabulary,Durham Constabulary,-1.561860,54.617190,On or near Greathead Crescent,E01020825,County Durham 062A,Anti-social behaviour,,
,2011-03,Durham Constabulary,Durham Constabulary,-1.569109,54.617036,On or near Lumley Close,E01020825,County Durham 062A,Anti-social behaviour,,
,2011-03,Durham Constabulary,Durham Constabulary,-1.561506,54.614169,On or near Gilpin Road,E01020825,County Durham 062A,Anti-social behaviour,,
,2011-03,Durham Constabulary,Durham Constabulary,-1.561747,54.616246,On or near Van Mildert Road,E01020825,County Durham 062A,Anti-social behaviour,,
,2011-03,Durham Constabulary,Durham Constabulary,-1.561860,54.617190,On or near Greathead Crescent,E01020825,County Durham 062A,Anti-social behaviour,,
,2011-03,Durham Constabulary,Durham Constabulary,-1.569109,54.617036,On or near Lumley Close,E01020825,County Durham 062A,Anti-social behaviour,,
,2011-03,Durham Constabulary,Durham Constabulary,-1.561860,54.617190,On or near Greathead Crescent,E01020825,County Durham 062A,Anti-social behaviour,,
,2011-03,Durham Constabulary,Durham Constabulary,-1.564584,54.615896,On or near Neville Parade,E01020825,County Durham 062A,Anti-social behaviour,,
,2011-03,Durham Constabulary,Durham Constabulary,-1.569109,54.617036,On or near Lumley Close,E01020825,County Durham 062A,Anti-social behaviour,,
,2011-03,Durham Constabulary,Durham Constabulary,-1.561506,54.614169,On or near Gilpin Road,E01020825,County Durham 062A,Violent crime,,
,2011-03,Durham Constabulary,Durham Constabulary,-1.564584,54.615896,On or near Neville Parade,E01020825,County Durham 062A,Violent crime,,
,2011-03,Durham Constabulary,Durham Constabulary,-1.564584,54.615896,On or near Neville Parade,E01020825,County Durham 062A,Other crime,,
,2011-03,Durham Constabulary,Durham Constabulary,-1.569109,54.617036,On or near Lumley Close,E01020825,County Durham 062A,Other crime,,
,2011-03,Durham Constabulary,Durham Constabulary,-1.569109,54.617036,On or near Lumley Close,E01020825,County Durham 062A,Other crime,,
,2011-03,Durham Constabulary,Durham Constabulary,-1.562964,54.616789,On or near Bury Road,E01020825,County Durham 062A,Other crime,,
,2011-03,Durham Constabulary,Durham Constabulary,-1.572910,54.617903,On or near Isherwood Close,E01020825,County Durham 062A,Other crime,,
,2011-03,Durham Constabulary,Durham Constabulary,-1.561860,54.617190,On or near Greathead Crescent,E01020825,County Durham 062A,Other crime,,
,2011-03,Durham Constabulary,Durham Constabulary,-1.562964,54.616789,On or near Bury Road,E01020825,County Durham 062A,Other crime,,
,2011-03,Durham Constabulary,Durham Constabulary,-1.561506,54.614169,On or near Gilpin Road,E01020825,County Durham 062A,Other crime,,
,2011-03,Durham Constabulary,Durham Constabulary,-1.567939,54.620752,On or near Central Avenue,E01020831,County Durham 062B,Anti-social behaviour,,
,2011-03,Durham Constabulary,Durham Constabulary,-1.567939,54.620752,On or near Central Avenue,E01020831,County Durham 062B,Anti-social behaviour,,
,2011-03,Durham Constabulary,Durham Constabulary,-1.567939,54.620752,On or near Central Avenue,E01020831,County Durham 062B,Anti-social behaviour,,
,2011-03,Durham Constabulary,Durham Constabulary,-1.567939,54.620752,On or near Central Avenue,E01020831,County Durham 062B,Anti-social behaviour,,
,2011-03,Durham Constabulary,Durham Constabulary,-1.567939,54.620752,On or near Central Avenue,E01020831,County Durham 062B,Anti-social behaviour,,
,2011-03,Durham Constabulary,Durham Constabulary,-1.564813,54.622026,On or near Shield Walk,E01020831,County Durham 062B,Anti-social behaviour,,
,2011-03,Durham Constabulary,Durham Constabulary,-1.567498,54.620032,On or near Eldon Close,E01020831,County Durham 062B,Anti-social behaviour,,
,2011-03,Durham Constabulary,Durham Constabulary,-1.563911,54.623847,On or near Defoe Crescent,E01020831,County Durham 062B,Anti-social behaviour,,
,2011-03,Durham Constabulary,Durham Constabulary,-1.567939,54.620752,On or near Central Avenue,E01020831,County Durham 062B,Anti-social behaviour,,
,2011-03,Durham Constabulary,Durham Constabulary,-1.567939,54.620752,On or near Central Avenue,E01020831,County Durham 062B,Anti-social behaviour,,
,2011-03,Durham Constabulary,Durham Constabulary,-1.567939,54.620752,On or near Central Avenue,E01020831,County Durham 062B,Anti-social behaviour,,
,2011-03,Durham Constabulary,Durham Constabulary,-1.567939,54.620752,On or near Central Avenue,E01020831,County Durham 062B,Anti-social behaviour,,
,2011-03,Durham Constabulary,Durham Constabulary,-1.564813,54.622026,On or near Shield Walk,E01020831,County Durham 062B,Anti-social behaviour,,
,2011-03,Durham Constabulary,Durham Constabulary,-1.567939,54.620752,On or near Central Avenue,E01020831,County Durham 062B,Anti-social behaviour,,
,2011-03,Durham Constabulary,Durham Constabulary,-1.567939,54.620752,On or near Central Avenue,E01020831,County Durham 062B,Anti-social behaviour,,
,2011-03,Durham Constabulary,Durham Constabulary,-1.567740,54.623511,On or near Chapman Close,E01020831,County Durham 062B,Anti-social behaviour,,
,2011-03,Durham Constabulary,Durham Constabulary,-1.567939,54.620752,On or near Central Avenue,E01020831,County Durham 062B,Anti-social behaviour,,
,2011-03,Durham Constabulary,Durham Constabulary,-1.567939,54.620752,On or near Central Avenue,E01020831,County Durham 062B,Anti-social behaviour,,
,2011-03,Durham Constabulary,Durham Constabulary,-1.567939,54.620752,On or near Central Avenue,E01020831,County Durham 062B,Violent crime,,
,2011-03,Durham Constabulary,Durham Constabulary,-1.567939,54.620752,On or near Central Avenue,E01020831,County Durham 062B,Violent crime,,
,2011-03,Durham Constabulary,Durham Constabulary,-1.567939,54.620752,On or near Central Avenue,E01020831,County Durham 062B,Other crime,,
,2011-03,Durham Constabulary,Durham Constabulary,-1.567939,54.620752,On or near Central Avenue,E01020831,County Durham 062B,Other crime,,
,2011-03,Durham Constabulary,Durham Constabulary,-1.563911,54.623847,On or near Defoe Crescent,E01020831,County Durham 062B,Other crime,,
,2011-03,Durham Constabulary,Durham Constabulary,-1.567939,54.620752,On or near Central Avenue,E01020831,County Durham 062B,Other crime,,
,2011-03,Durham Constabulary,Durham Constabulary,-1.567939,54.620752,On or near Central Avenue,E01020831,County Durham 062B,Other crime,,
,2011-03,Durham Constabulary,Durham Constabulary,-1.567939,54.620752,On or near Central Avenue,E01020831,County Durham 062B,Other crime,,
,2011-03,Durham Constabulary,Durham Constabulary,-1.567939,54.620752,On or near Central Avenue,E01020831,County Durham 062B,Other crime,,
,2011-03,Durham Constabulary,Durham Constabulary,-1.567939,54.620752,On or near Central Avenue,E01020831,County Durham 062B,Other crime,,
,2011-03,Durham Constabulary,Durham Constabulary,-1.567939,54.620752,On or near Central Avenue,E01020831,County Durham 062B,Other crime,,
,2011-03,Durham Constabulary,Durham Constabulary,-1.557615,54.624588,On or near Washington Crescent,E01020833,County Durham 062C,Anti-social behaviour,,
,2011-03,Durham Constabulary,Durham Constabulary,-1.556759,54.624918,On or near Wren Close,E01020833,County Durham 062C,Anti-social behaviour,,
,2011-03,Durham Constabulary,Durham Constabulary,-1.560165,54.626557,On or near Wolsey Close,E01020833,County Durham 062C,Anti-social behaviour,,
,2011-03,Durham Constabulary,Durham Constabulary,-1.560165,54.626557,On or near Wolsey Close,E01020833,County Durham 062C,Anti-social behaviour,,
,2011-03,Durham Constabulary,Durham Constabulary,-1.552299,54.622053,On or near Brough Close,E01020833,County Durham 062C,Anti-social behaviour,,
,2011-03,Durham Constabulary,Durham Constabulary,-1.560165,54.626557,On or near Wolsey Close,E01020833,County Durham 062C,Anti-social behaviour,,
,2011-03,Durham Constabulary,Durham Constabulary,-1.560458,54.622307,On or near Vane Road,E01020833,County Durham 062C,Anti-social behaviour,,
,2011-03,Durham Constabulary,Durham Constabulary,-1.560458,54.622307,On or near Vane Road,E01020833,County Durham 062C,Anti-social behaviour,,
,2011-03,Durham Constabulary,Durham Constabulary,-1.558903,54.624297,On or near Wycliffe Close,E01020833,County Durham 062C,Anti-social behaviour,,
,2011-03,Durham Constabulary,Durham Constabulary,-1.552299,54.622053,On or near Brough Close,E01020833,County Durham 062C,Anti-social behaviour,,
,2011-03,Durham Constabulary,Durham Constabulary,-1.552299,54.622053,On or near Brough Close,E01020833,County Durham 062C,Anti-social behaviour,,
,2011-03,Durham Constabulary,Durham Constabulary,-1.560165,54.626557,On or near Wolsey Close,E01020833,County Durham 062C,Anti-social behaviour,,
,2011-03,Durham Constabulary,Durham Constabulary,-1.556135,54.622516,On or near Welbury Grove,E01020833,County Durham 062C,Anti-social behaviour,,
,2011-03,Durham Constabulary,Durham Constabulary,-1.556759,54.624918,On or near Wren Close,E01020833,County Durham 062C,Anti-social behaviour,,
,2011-03,Durham Constabulary,Durham Constabulary,-1.556135,54.622516,On or near Welbury Grove,E01020833,County Durham 062C,Anti-social behaviour,,
,2011-03,Durham Constabulary,Durham Constabulary,-1.557615,54.624588,On or near Washington Crescent,E01020833,County Durham 062C,Vehicle crime,,
,2011-03,Durham Constabulary,Durham Constabulary,-1.560165,54.626557,On or near Wolsey Close,E01020833,County Durham 062C,Violent crime,,
,2011-03,Durham Constabulary,Durham Constabulary,-1.558903,54.624297,On or near Wycliffe Close,E01020833,County Durham 062C,Violent crime,,
,2011-03,Durham Constabulary,Durham Constabulary,-1.560165,54.626557,On or near Wolsey Close,E01020833,County Durham 062C,Other crime,,
,2011-03,Durham Constabulary,Durham Constabulary,-1.556135,54.622516,On or near Welbury Grove,E01020833,County Durham 062C,Other crime,,
,2011-03,Durham Constabulary,Durham Constabulary,-1.552299,54.622053,On or near Brough Close,E01020833,County Durham 062C,Other crime,,
,2011-03,Durham Constabulary,Durham Constabulary,-1.560165,54.626557,On or near Wolsey Close,E01020833,County Durham 062C,Other crime,,
,2011-03,Durham Constabulary,Durham Constabulary,-1.556135,54.622516,On or near Welbury Grove,E01020833,County Durham 062C,Other crime,,
,2011-03,Durham Constabulary,Durham Constabulary,-1.560458,54.622307,On or near Vane Road,E01020833,County Durham 062C,Other crime,,
,2011-03,Durham Constabulary,Durham Constabulary,-1.559349,54.620281,On or near Warburton Close,E01020834,County Durham 062D,Anti-social behaviour,,
,2011-03,Durham Constabulary,Durham Constabulary,-1.560115,54.618217,On or near Swan Walk,E01020834,County Durham 062D,Anti-social behaviour,,
,2011-03,Durham Constabulary,Durham Constabulary,-1.558402,54.619100,On or near Liddell Close,E01020834,County Durham 062D,Anti-social behaviour,,
,2011-03,Durham Constabulary,Durham Constabulary,-1.560115,54.618217,On or near Swan Walk,E01020834,County Durham 062D,Anti-social behaviour,,
,2011-03,Durham Constabulary,Durham Constabulary,-1.559349,54.620281,On or near Warburton Close,E01020834,County Durham 062D,Anti-social behaviour,,
,2011-03,Durham Constabulary,Durham Constabulary,-1.564026,54.618851,On or near Skirlaw Road,E01020834,County Durham 062D,Anti-social behaviour,,
,2011-03,Durham Constabulary,Durham Constabulary,-1.558402,54.619100,On or near Liddell Close,E01020834,County Durham 062D,Anti-social behaviour,,
,2011-03,Durham Constabulary,Durham Constabulary,-1.560115,54.618217,On or near Swan Walk,E01020834,County Durham 062D,Anti-social behaviour,,
,2011-03,Durham Constabulary,Durham Constabulary,-1.560115,54.618217,On or near Swan Walk,E01020834,County Durham 062D,Anti-social behaviour,,
,2011-03,Durham Constabulary,Durham Constabulary,-1.562631,54.618981,On or near Flynn Court,E01020834,County Durham 062D,Anti-social behaviour,,
,2011-03,Durham Constabulary,Durham Constabulary,-1.558138,54.620609,On or near Mellanby Crescent,E01020834,County Durham 062D,Vehicle crime,,
,2011-03,Durham Constabulary,Durham Constabulary,-1.564901,54.618108,On or near Jenkins Court,E01020834,County Durham 062D,Other crime,,
,2011-03,Durham Constabulary,Durham Constabulary,-1.559349,54.620281,On or near Warburton Close,E01020834,County Durham 062D,Other crime,,
,2011-03,Durham Constabulary,Durham Constabulary,-1.581583,54.614716,On or near Crosby Road,E01020824,County Durham 063A,Anti-social behaviour,,
,2011-03,Durham Constabulary,Durham Constabulary,-1.581583,54.614716,On or near Crosby Road,E01020824,County Durham 063A,Anti-social behaviour,,
,2011-03,Durham Constabulary,Durham Constabulary,-1.581583,54.614716,On or near Crosby Road,E01020824,County Durham 063A,Anti-social behaviour,,
,2011-03,Durham Constabulary,Durham Constabulary,-1.580112,54.611727,On or near Northfield Way,E01020824,County Durham 063A,Anti-social behaviour,,
,2011-03,Durham Constabulary,Durham Constabulary,-1.581583,54.614716,On or near Crosby Road,E01020824,County Durham 063A,Anti-social behaviour,,
,2011-03,Durham Constabulary,Durham Constabulary,-1.576225,54.613323,On or near Moule Close,E01020824,County Durham 063A,Vehicle crime,,
,2011-03,Durham Constabulary,Durham Constabulary,-1.573195,54.615765,On or near Bewick Crescent,E01020824,County Durham 063A,Vehicle crime,,
,2011-03,Durham Constabulary,Durham Constabulary,-1.575258,54.616905,On or near Ritson Road,E01020824,County Durham 063A,Violent crime,,
,2011-03,Durham Constabulary,Durham Constabulary,-1.575258,54.616905,On or near Ritson Road,E01020824,County Durham 063A,Violent crime,,
,2011-03,Durham Constabulary,Durham Constabulary,-1.575258,54.616905,On or near Ritson Road,E01020824,County Durham 063A,Violent crime,,
,2011-03,Durham Constabulary,Durham Constabulary,-1.579826,54.613973,On or near Cumby Road,E01020824,County Durham 063A,Other crime,,
,2011-03,Durham Constabulary,Durham Constabulary,-1.579212,54.613441,On or near Watson Road,E01020824,County Durham 063A,Other crime,,
,2011-03,Durham Constabulary,Durham Constabulary,-1.573686,54.602853,On or near Whitworth Drive,E01020826,County Durham 063B,Anti-social behaviour,,
,2011-03,Durham Constabulary,Durham Constabulary,-1.562053,54.597815,On or near North Terrace,E01020826,County Durham 063B,Anti-social behaviour,,
,2011-03,Durham Constabulary,Durham Constabulary,-1.564273,54.595747,On or near Oaklea Mews,E01020826,County Durham 063B,Anti-social behaviour,,
,2011-03,Durham Constabulary,Durham Constabulary,-1.564198,54.612911,On or near Clarence Chare,E01020826,County Durham 063B,Anti-social behaviour,,
,2011-03,Durham Constabulary,Durham Constabulary,-1.565192,54.598132,On or near Congreve Terrace,E01020826,County Durham 063B,Anti-social behaviour,,
,2011-03,Durham Constabulary,Durham Constabulary,-1.562175,54.595083,On or near High Street,E01020826,County Durham 063B,Anti-social behaviour,,
,2011-03,Durham Constabulary,Durham Constabulary,-1.564273,54.595747,On or near Oaklea Mews,E01020826,County Durham 063B,Anti-social behaviour,,
,2011-03,Durham Constabulary,Durham Constabulary,-1.562175,54.595083,On or near High Street,E01020826,County Durham 063B,Anti-social behaviour,,
,2011-03,Durham Constabulary,Durham Constabulary,-1.560021,54.599686,On or near Atkinson Gardens,E01020826,County Durham 063B,Anti-social behaviour,,
,2011-03,Durham Constabulary,Durham Constabulary,-1.562175,54.595083,On or near High Street,E01020826,County Durham 063B,Anti-social behaviour,,
,2011-03,Durham Constabulary,Durham Constabulary,-1.572782,54.609401,On or near Leaside,E01020826,County Durham 063B,Burglary,,
,2011-03,Durham Constabulary,Durham Constabulary,-1.570929,54.600102,On or near Durham Way South,E01020826,County Durham 063B,Burglary,,
,2011-03,Durham Constabulary,Durham Constabulary,-1.562642,54.612178,On or near Travellers Green,E01020826,County Durham 063B,Burglary,,
,2011-03,Durham Constabulary,Durham Constabulary,-1.572782,54.609401,On or near Leaside,E01020826,County Durham 063B,Burglary,,
,2011-03,Durham Constabulary,Durham Constabulary,-1.569546,54.612373,On or near St. Cuthberts Way,E01020826,County Durham 063B,Burglary,,
,2011-03,Durham Constabulary,Durham Constabulary,-1.570929,54.600102,On or near Durham Way South,E01020826,County Durham 063B,Vehicle crime,,
,2011-03,Durham Constabulary,Durham Constabulary,-1.567665,54.596918,On or near Bickford Terrace,E01020826,County Durham 063B,Vehicle crime,,
,2011-03,Durham Constabulary,Durham Constabulary,-1.564277,54.596798,On or near Heighington Street,E01020826,County Durham 063B,Violent crime,,
,2011-03,Durham Constabulary,Durham Constabulary,-1.580641,54.606975,On or near Hurworth Road,E01020826,County Durham 063B,Other crime,,
,2011-03,Durham Constabulary,Durham Constabulary,-1.577471,54.605050,On or near Whinbank Road,E01020826,County Durham 063B,Other crime,,
,2011-03,Durham Constabulary,Durham Constabulary,-1.567665,54.596918,On or near Bickford Terrace,E01020826,County Durham 063B,Other crime,,
,2011-03,Durham Constabulary,Durham Constabulary,-1.570929,54.600102,On or near Durham Way South,E01020826,County Durham 063B,Other crime,,
,2011-03,Durham Constabulary,Durham Constabulary,-1.580641,54.606975,On or near Hurworth Road,E01020826,County Durham 063B,Other crime,,
,2011-03,Durham Constabulary,Durham Constabulary,-1.567665,54.596918,On or near Bickford Terrace,E01020826,County Durham 063B,Other crime,,
,2011-03,Durham Constabulary,Durham Constabulary,-1.572109,54.620444,On or near Greenwell Road,E01020832,County Durham 063C,Anti-social behaviour,,
,2011-03,Durham Constabulary,Durham Constabulary,-1.573501,54.620529,On or near Lilburne Crescent,E01020832,County Durham 063C,Anti-social behaviour,,
,2011-03,Durham Constabulary,Durham Constabulary,-1.578701,54.622462,On or near Newburn Court,E01020832,County Durham 063C,Anti-social behaviour,,
,2011-03,Durham Constabulary,Durham Constabulary,-1.572109,54.620444,On or near Greenwell Road,E01020832,County Durham 063C,Anti-social behaviour,,
,2011-03,Durham Constabulary,Durham Constabulary,-1.573501,54.620529,On or near Lilburne Crescent,E01020832,County Durham 063C,Anti-social behaviour,,
,2011-03,Durham Constabulary,Durham Constabulary,-1.572109,54.620444,On or near Greenwell Road,E01020832,County Durham 063C,Anti-social behaviour,,
,2011-03,Durham Constabulary,Durham Constabulary,-1.570225,54.625757,On or near Hamilton Close,E01020832,County Durham 063C,Anti-social behaviour,,
,2011-03,Durham Constabulary,Durham Constabulary,-1.572109,54.620444,On or near Greenwell Road,E01020832,County Durham 063C,Anti-social behaviour,,
,2011-03,Durham Constabulary,Durham Constabulary,-1.571807,54.622626,On or near Faulkner Road,E01020832,County Durham 063C,Anti-social behaviour,,
,2011-03,Durham Constabulary,Durham Constabulary,-1.572109,54.620444,On or near Greenwell Road,E01020832,County Durham 063C,Anti-social behaviour,,
,2011-03,Durham Constabulary,Durham Constabulary,-1.572109,54.620444,On or near Greenwell Road,E01020832,County Durham 063C,Anti-social behaviour,,
,2011-03,Durham Constabulary,Durham Constabulary,-1.572109,54.620444,On or near Greenwell Road,E01020832,County Durham 063C,Anti-social behaviour,,
,2011-03,Durham Constabulary,Durham Constabulary,-1.572109,54.620444,On or near Greenwell Road,E01020832,County Durham 063C,Anti-social behaviour,,
,2011-03,Durham Constabulary,Durham Constabulary,-1.573501,54.620529,On or near Lilburne Crescent,E01020832,County Durham 063C,Anti-social behaviour,,
,2011-03,Durham Constabulary,Durham Constabulary,-1.572109,54.620444,On or near Greenwell Road,E01020832,County Durham 063C,Anti-social behaviour,,
,2011-03,Durham Constabulary,Durham Constabulary,-1.572109,54.620444,On or near Greenwell Road,E01020832,County Durham 063C,Anti-social behaviour,,
,2011-03,Durham Constabulary,Durham Constabulary,-1.572109,54.620444,On or near Greenwell Road,E01020832,County Durham 063C,Anti-social behaviour,,
,2011-03,Durham Constabulary,Durham Constabulary,-1.571807,54.622626,On or near Faulkner Road,E01020832,County Durham 063C,Anti-social behaviour,,
,2011-03,Durham Constabulary,Durham Constabulary,-1.571807,54.622626,On or near Faulkner Road,E01020832,County Durham 063C,Anti-social behaviour,,
,2011-03,Durham Constabulary,Durham Constabulary,-1.573501,54.620529,On or near Lilburne Crescent,E01020832,County Durham 063C,Anti-social behaviour,,
,2011-03,Durham Constabulary,Durham Constabulary,-1.570225,54.625757,On or near Hamilton Close,E01020832,County Durham 063C,Violent crime,,
,2011-03,Durham Constabulary,Durham Constabulary,-1.568197,54.625714,On or near Kendrew Close,E01020832,County Durham 063C,Violent crime,,
,2011-03,Durham Constabulary,Durham Constabulary,-1.576478,54.623254,On or near Aylmer Grove,E01020832,County Durham 063C,Other crime,,
,2011-03,Durham Constabulary,Durham Constabulary,-1.572109,54.620444,On or near Greenwell Road,E01020832,County Durham 063C,Other crime,,
,2011-03,Durham Constabulary,Durham Constabulary,-1.573501,54.620529,On or near Lilburne Crescent,E01020832,County Durham 063C,Other crime,,
,2011-03,Durham Constabulary,Durham Constabulary,-1.572109,54.620444,On or near Greenwell Road,E01020832,County Durham 063C,Other crime,,
,2011-03,Durham Constabulary,Durham Constabulary,-1.579383,54.619400,On or near Wright Close,E01020845,County Durham 063D,Anti-social behaviour,,
,2011-03,Durham Constabulary,Durham Constabulary,-1.579063,54.621843,On or near Humphrey Close,E01020845,County Durham 063D,Anti-social behaviour,,
,2011-03,Durham Constabulary,Durham Constabulary,-1.578265,54.618129,On or near Carileph Close,E01020845,County Durham 063D,Anti-social behaviour,,
,2011-03,Durham Constabulary,Durham Constabulary,-1.581239,54.619586,On or near Stead Close,E01020845,County Durham 063D,Anti-social behaviour,,
,2011-03,Durham Constabulary,Durham Constabulary,-1.583081,54.619691,On or near Stephenson Way,E01020845,County Durham 063D,Anti-social behaviour,,
,2011-03,Durham Constabulary,Durham Constabulary,-1.578265,54.618129,On or near Carileph Close,E01020845,County Durham 063D,Anti-social behaviour,,
,2011-03,Durham Constabulary,Durham Constabulary,-1.580363,54.617435,On or near Barrington Road,E01020845,County Durham 063D,Anti-social behaviour,,
,2011-03,Durham Constabulary,Durham Constabulary,-1.579063,54.621843,On or near Humphrey Close,E01020845,County Durham 063D,Burglary,,
,2011-03,Durham Constabulary,Durham Constabulary,-1.578659,54.617465,On or near Paulinus Road,E01020845,County Durham 063D,Violent crime,,
,2011-03,Durham Constabulary,Durham Constabulary,-1.578265,54.618129,On or near Carileph Close,E01020845,County Durham 063D,Other crime,,
,2011-03,Durham Constabulary,Durham Constabulary,-1.586238,54.615298,On or near Beechfield,E01020846,County Durham 063E,Anti-social behaviour,,
,2011-03,Durham Constabulary,Durham Constabulary,-1.586238,54.615298,On or near Beechfield,E01020846,County Durham 063E,Anti-social behaviour,,
,2011-03,Durham Constabulary,Durham Constabulary,-1.586238,54.615298,On or near Beechfield,E01020846,County Durham 063E,Anti-social behaviour,,
,2011-03,Durham Constabulary,Durham Constabulary,-1.591623,54.615694,On or near Linden Place,E01020846,County Durham 063E,Anti-social behaviour,,
,2011-03,Durham Constabulary,Durham Constabulary,-1.591623,54.615694,On or near Linden Place,E01020846,County Durham 063E,Anti-social behaviour,,
,2011-03,Durham Constabulary,Durham Constabulary,-1.591623,54.615694,On or near Linden Place,E01020846,County Durham 063E,Anti-social behaviour,,
,2011-03,Durham Constabulary,Durham Constabulary,-1.591623,54.615694,On or near Linden Place,E01020846,County Durham 063E,Anti-social behaviour,,
,2011-03,Durham Constabulary,Durham Constabulary,-1.601982,54.610876,On or near Burnynghill Close,E01020846,County Durham 063E,Other crime,,
,2011-03,Durham Constabulary,Durham Constabulary,-1.806563,54.612939,On or near Front Street,E01020856,County Durham 064A,Anti-social behaviour,,
,2011-03,Durham Constabulary,Durham Constabulary,-1.807995,54.614496,On or near Manor Grove,E01020856,County Durham 064A,Anti-social behaviour,,
,2011-03,Durham Constabulary,Durham Constabulary,-1.810021,54.611794,On or near Hazelgrove Crescent,E01020856,County Durham 064A,Anti-social behaviour,,
,2011-03,Durham Constabulary,Durham Constabulary,-1.806563,54.612939,On or near Front Street,E01020856,County Durham 064A,Anti-social behaviour,,
,2011-03,Durham Constabulary,Durham Constabulary,-1.810021,54.611794,On or near Hazelgrove Crescent,E01020856,County Durham 064A,Anti-social behaviour,,
,2011-03,Durham Constabulary,Durham Constabulary,-1.806563,54.612939,On or near Front Street,E01020856,County Durham 064A,Anti-social behaviour,,
,2011-03,Durham Constabulary,Durham Constabulary,-1.806563,54.612939,On or near Front Street,E01020856,County Durham 064A,Anti-social behaviour,,
,2011-03,Durham Constabulary,Durham Constabulary,-1.810067,54.615209,On or near Meadowcroft,E01020856,County Durham 064A,Anti-social behaviour,,
,2011-03,Durham Constabulary,Durham Constabulary,-1.810021,54.611794,On or near Hazelgrove Crescent,E01020856,County Durham 064A,Anti-social behaviour,,
,2011-03,Durham Constabulary,Durham Constabulary,-1.806563,54.612939,On or near Front Street,E01020856,County Durham 064A,Anti-social behaviour,,
,2011-03,Durham Constabulary,Durham Constabulary,-1.806563,54.612939,On or near Front Street,E01020856,County Durham 064A,Anti-social behaviour,,
,2011-03,Durham Constabulary,Durham Constabulary,-1.807995,54.614496,On or near Manor Grove,E01020856,County Durham 064A,Burglary,,
,2011-03,Durham Constabulary,Durham Constabulary,-1.807995,54.614496,On or near Manor Grove,E01020856,County Durham 064A,Violent crime,,
,2011-03,Durham Constabulary,Durham Constabulary,-1.806563,54.612939,On or near Front Street,E01020856,County Durham 064A,Other crime,,
,2011-03,Durham Constabulary,Durham Constabulary,-1.810021,54.611794,On or near Hazelgrove Crescent,E01020856,County Durham 064A,Other crime,,
,2011-03,Durham Constabulary,Durham Constabulary,-1.804834,54.611884,On or near Staindrop Road,E01020856,County Durham 064A,Other crime,,
,2011-03,Durham Constabulary,Durham Constabulary,-1.745052,54.651683,On or near Rudland Way,E01020858,County Durham 064B,Anti-social behaviour,,
,2011-03,Durham Constabulary,Durham Constabulary,-1.745052,54.651683,On or near Rudland Way,E01020858,County Durham 064B,Anti-social behaviour,,
,2011-03,Durham Constabulary,Durham Constabulary,-1.745052,54.651683,On or near Rudland Way,E01020858,County Durham 064B,Anti-social behaviour,,
,2011-03,Durham Constabulary,Durham Constabulary,-1.745052,54.651683,On or near Rudland Way,E01020858,County Durham 064B,Anti-social behaviour,,
,2011-03,Durham Constabulary,Durham Constabulary,-1.751775,54.649738,On or near Chestnut Court,E01020858,County Durham 064B,Anti-social behaviour,,
,2011-03,Durham Constabulary,Durham Constabulary,-1.745427,54.653787,On or near Bankwell Drive,E01020858,County Durham 064B,Anti-social behaviour,,
,2011-03,Durham Constabulary,Durham Constabulary,-1.751775,54.649738,On or near Chestnut Court,E01020858,County Durham 064B,Anti-social behaviour,,
,2011-03,Durham Constabulary,Durham Constabulary,-1.748959,54.651485,On or near Dale View,E01020858,County Durham 064B,Anti-social behaviour,,
,2011-03,Durham Constabulary,Durham Constabulary,-1.751775,54.649738,On or near Chestnut Court,E01020858,County Durham 064B,Anti-social behaviour,,
,2011-03,Durham Constabulary,Durham Constabulary,-1.748959,54.651485,On or near Dale View,E01020858,County Durham 064B,Anti-social behaviour,,
,2011-03,Durham Constabulary,Durham Constabulary,-1.748959,54.651485,On or near Dale View,E01020858,County Durham 064B,Burglary,,
,2011-03,Durham Constabulary,Durham Constabulary,-1.745052,54.651683,On or near Rudland Way,E01020858,County Durham 064B,Vehicle crime,,
,2011-03,Durham Constabulary,Durham Constabulary,-1.751775,54.649738,On or near Chestnut Court,E01020858,County Durham 064B,Other crime,,
,2011-03,Durham Constabulary,Durham Constabulary,-1.751775,54.649738,On or near Chestnut Court,E01020858,County Durham 064B,Other crime,,
,2011-03,Durham Constabulary,Durham Constabulary,-1.744153,54.649300,On or near St. Cuthberts Avenue,E01020858,County Durham 064B,Other crime,,
,2011-03,Durham Constabulary,Durham Constabulary,-1.751775,54.649738,On or near Chestnut Court,E01020858,County Durham 064B,Other crime,,
,2011-03,Durham Constabulary,Durham Constabulary,-1.751775,54.649738,On or near Chestnut Court,E01020858,County Durham 064B,Other crime,,
,2011-03,Durham Constabulary,Durham Constabulary,-1.748959,54.651485,On or near Dale View,E01020858,County Durham 064B,Other crime,,
,2011-03,Durham Constabulary,Durham Constabulary,-1.738735,54.636141,On or near Etherley Bank,E01020859,County Durham 064C,Anti-social behaviour,,
,2011-03,Durham Constabulary,Durham Constabulary,-1.749316,54.648942,On or near Willow Court,E01020859,County Durham 064C,Anti-social behaviour,,
,2011-03,Durham Constabulary,Durham Constabulary,-1.750671,54.650257,On or near Maple Court,E01020859,County Durham 064C,Anti-social behaviour,,
,2011-03,Durham Constabulary,Durham Constabulary,-1.738735,54.636141,On or near Etherley Bank,E01020859,County Durham 064C,Anti-social behaviour,,
,2011-03,Durham Constabulary,Durham Constabulary,-1.738735,54.636141,On or near Etherley Bank,E01020859,County Durham 064C,Anti-social behaviour,,
,2011-03,Durham Constabulary,Durham Constabulary,-1.745313,54.644656,On or near South Road,E01020859,County Durham 064C,Burglary,,
,2011-03,Durham Constabulary,Durham Constabulary,-1.750671,54.650257,On or near Maple Court,E01020859,County Durham 064C,Burglary,,
,2011-03,Durham Constabulary,Durham Constabulary,-1.744971,54.647280,On or near Auckland View,E01020859,County Durham 064C,Other crime,,
,2011-03,Durham Constabulary,Durham Constabulary,-1.738735,54.636141,On or near Etherley Bank,E01020859,County Durham 064C,Other crime,,
,2011-03,Durham Constabulary,Durham Constabulary,-1.764019,54.622767,On or near Swan Street,E01020860,County Durham 064D,Anti-social behaviour,,
,2011-03,Durham Constabulary,Durham Constabulary,-1.759754,54.618436,On or near Raby Street,E01020860,County Durham 064D,Anti-social behaviour,,
,2011-03,Durham Constabulary,Durham Constabulary,-1.764019,54.622767,On or near Swan Street,E01020860,County Durham 064D,Anti-social behaviour,,
,2011-03,Durham Constabulary,Durham Constabulary,-1.759230,54.618003,On or near Victoria Street,E01020860,County Durham 064D,Anti-social behaviour,,
,2011-03,Durham Constabulary,Durham Constabulary,-1.761001,54.622446,On or near Shirley Close,E01020860,County Durham 064D,Anti-social behaviour,,
,2011-03,Durham Constabulary,Durham Constabulary,-1.759230,54.618003,On or near Victoria Street,E01020860,County Durham 064D,Anti-social behaviour,,
,2011-03,Durham Constabulary,Durham Constabulary,-1.763325,54.619656,On or near Chapel Street,E01020860,County Durham 064D,Anti-social behaviour,,
,2011-03,Durham Constabulary,Durham Constabulary,-1.761529,54.619562,On or near South View,E01020860,County Durham 064D,Anti-social behaviour,,
,2011-03,Durham Constabulary,Durham Constabulary,-1.764019,54.622767,On or near Swan Street,E01020860,County Durham 064D,Burglary,,
,2011-03,Durham Constabulary,Durham Constabulary,-1.759269,54.619315,On or near Manor Street,E01020860,County Durham 064D,Violent crime,,
,2011-03,Durham Constabulary,Durham Constabulary,-1.761001,54.622446,On or near Shirley Close,E01020860,County Durham 064D,Violent crime,,
,2011-03,Durham Constabulary,Durham Constabulary,-1.759230,54.618003,On or near Victoria Street,E01020860,County Durham 064D,Violent crime,,
,2011-03,Durham Constabulary,Durham Constabulary,-1.763020,54.618721,On or near Alpine Terrace,E01020860,County Durham 064D,Other crime,,
,2011-03,Durham Constabulary,Durham Constabulary,-1.762418,54.623671,On or near Newholme Crescent,E01020860,County Durham 064D,Other crime,,
,2011-03,Durham Constabulary,Durham Constabulary,-1.761529,54.619562,On or near South View,E01020860,County Durham 064D,Other crime,,
,2011-03,Durham Constabulary,Durham Constabulary,-1.761529,54.619562,On or near South View,E01020860,County Durham 064D,Other crime,,
,2011-03,Durham Constabulary,Durham Constabulary,-1.761529,54.619562,On or near South View,E01020860,County Durham 064D,Other crime,,
,2011-03,Durham Constabulary,Durham Constabulary,-1.761001,54.622446,On or near Shirley Close,E01020860,County Durham 064D,Other crime,,
,2011-03,Durham Constabulary,Durham Constabulary,-1.769963,54.628835,On or near Gordon Lane,E01020861,County Durham 064E,Anti-social behaviour,,
,2011-03,Durham Constabulary,Durham Constabulary,-1.769963,54.628835,On or near Gordon Lane,E01020861,County Durham 064E,Anti-social behaviour,,
,2011-03,Durham Constabulary,Durham Constabulary,-1.765404,54.624306,On or near Rochdale Street,E01020861,County Durham 064E,Anti-social behaviour,,
,2011-03,Durham Constabulary,Durham Constabulary,-1.765947,54.626877,On or near Oaks Bank,E01020861,County Durham 064E,Anti-social behaviour,,
,2011-03,Durham Constabulary,Durham Constabulary,-1.765404,54.624306,On or near Rochdale Street,E01020861,County Durham 064E,Anti-social behaviour,,
,2011-03,Durham Constabulary,Durham Constabulary,-1.758139,54.616608,On or near Alexandra Terrace,E01020861,County Durham 064E,Anti-social behaviour,,
,2011-03,Durham Constabulary,Durham Constabulary,-1.758188,54.616168,On or near Fairfield,E01020861,County Durham 064E,Anti-social behaviour,,
,2011-03,Durham Constabulary,Durham Constabulary,-1.765404,54.624306,On or near Rochdale Street,E01020861,County Durham 064E,Vehicle crime,,
,2011-03,Durham Constabulary,Durham Constabulary,-1.765947,54.626877,On or near Oaks Bank,E01020861,County Durham 064E,Vehicle crime,,
,2011-03,Durham Constabulary,Durham Constabulary,-1.758188,54.616168,On or near Fairfield,E01020861,County Durham 064E,Violent crime,,
,2011-03,Durham Constabulary,Durham Constabulary,-1.769963,54.628835,On or near Gordon Lane,E01020861,County Durham 064E,Violent crime,,
,2011-03,Durham Constabulary,Durham Constabulary,-1.765947,54.626877,On or near Oaks Bank,E01020861,County Durham 064E,Other crime,,
,2011-03,Durham Constabulary,Durham Constabulary,-1.737849,54.549857,On or near Balmer Hill,E01020862,County Durham 064F,Anti-social behaviour,,
,2011-03,Durham Constabulary,Durham Constabulary,-1.734161,54.546452,On or near Main Road,E01020862,County Durham 064F,Anti-social behaviour,,
,2011-03,Durham Constabulary,Durham Constabulary,-1.790653,54.544927,On or near Highcliffe Edge,E01020862,County Durham 064F,Anti-social behaviour,,
,2011-03,Durham Constabulary,Durham Constabulary,-1.737380,54.548301,On or near North Terrace,E01020862,County Durham 064F,Anti-social behaviour,,
,2011-03,Durham Constabulary,Durham Constabulary,-1.790653,54.544927,On or near Highcliffe Edge,E01020862,County Durham 064F,Anti-social behaviour,,
,2011-03,Durham Constabulary,Durham Constabulary,-1.790653,54.544927,On or near Highcliffe Edge,E01020862,County Durham 064F,Burglary,,
,2011-03,Durham Constabulary,Durham Constabulary,-1.735172,54.545447,On or near Waters End,E01020862,County Durham 064F,Vehicle crime,,
,2011-03,Durham Constabulary,Durham Constabulary,-1.732311,54.548038,On or near Neville Close,E01020862,County Durham 064F,Violent crime,,
,2011-03,Durham Constabulary,Durham Constabulary,-1.790653,54.544927,On or near Highcliffe Edge,E01020862,County Durham 064F,Violent crime,,
,2011-03,Durham Constabulary,Durham Constabulary,-1.737380,54.548301,On or near North Terrace,E01020862,County Durham 064F,Other crime,,
,2011-03,Durham Constabulary,Durham Constabulary,-1.790653,54.544927,On or near Highcliffe Edge,E01020862,County Durham 064F,Other crime,,
,2011-03,Durham Constabulary,Durham Constabulary,-1.732311,54.548038,On or near Neville Close,E01020862,County Durham 064F,Other crime,,
,2011-03,Durham Constabulary,Durham Constabulary,-1.813317,54.673178,On or near Ladywell,E01020864,County Durham 064G,Anti-social behaviour,,
,2011-03,Durham Constabulary,Durham Constabulary,-1.813317,54.673178,On or near Ladywell,E01020864,County Durham 064G,Anti-social behaviour,,
,2011-03,Durham Constabulary,Durham Constabulary,-1.856044,54.622749,On or near Copley Lane,E01020864,County Durham 064G,Anti-social behaviour,,
,2011-03,Durham Constabulary,Durham Constabulary,-1.902504,54.630263,On or near Middleton Road,E01020864,County Durham 064G,Other crime,,
,2011-03,Durham Constabulary,Durham Constabulary,-1.809695,54.578587,On or near Coronation Gardens,E01020867,County Durham 064H,Anti-social behaviour,,
,2011-03,Durham Constabulary,Durham Constabulary,-1.891762,54.556868,On or near The Green,E01020867,County Durham 064H,Anti-social behaviour,,
,2011-03,Durham Constabulary,Durham Constabulary,-1.813565,54.578261,On or near St. Gregory Close,E01020867,County Durham 064H,Anti-social behaviour,,
,2011-03,Durham Constabulary,Durham Constabulary,-1.804320,54.580115,On or near South Green,E01020867,County Durham 064H,Anti-social behaviour,,
,2011-03,Durham Constabulary,Durham Constabulary,-1.793649,54.579361,On or near Winston Road,E01020867,County Durham 064H,Anti-social behaviour,,
,2011-03,Durham Constabulary,Durham Constabulary,-1.796955,54.580283,On or near Hartley Close,E01020867,County Durham 064H,Burglary,,
,2011-03,Durham Constabulary,Durham Constabulary,-1.891762,54.556868,On or near The Green,E01020867,County Durham 064H,Burglary,,
,2011-03,Durham Constabulary,Durham Constabulary,-1.805633,54.580567,On or near North Green,E01020867,County Durham 064H,Violent crime,,
,2011-03,Durham Constabulary,Durham Constabulary,-2.082848,54.626706,On or near Town Head,E01020866,County Durham 065D,Anti-social behaviour,,
,2011-03,Durham Constabulary,Durham Constabulary,-2.073300,54.622893,On or near Meadow Close,E01020866,County Durham 065D,Anti-social behaviour,,
,2011-03,Durham Constabulary,Durham Constabulary,-2.073300,54.622893,On or near Meadow Close,E01020866,County Durham 065D,Vehicle crime,,
,2011-03,Durham Constabulary,Durham Constabulary,-2.073300,54.622893,On or near Meadow Close,E01020866,County Durham 065D,Other crime,,
,2011-03,Durham Constabulary,Durham Constabulary,-2.074338,54.622964,On or near Leekworth Gardens,E01020866,County Durham 065D,Other crime,,
,2011-03,Durham Constabulary,Durham Constabulary,-1.913803,54.546254,On or near Sherwood Close,E01020852,County Durham 066A,Anti-social behaviour,,
,2011-03,Durham Constabulary,Durham Constabulary,-1.924272,54.544069,On or near Horsemarket,E01020852,County Durham 066A,Anti-social behaviour,,
,2011-03,Durham Constabulary,Durham Constabulary,-1.914719,54.544323,On or near Kalafat,E01020852,County Durham 066A,Anti-social behaviour,,
,2011-03,Durham Constabulary,Durham Constabulary,-1.924272,54.544069,On or near Horsemarket,E01020852,County Durham 066A,Anti-social behaviour,,
,2011-03,Durham Constabulary,Durham Constabulary,-1.924272,54.544069,On or near Horsemarket,E01020852,County Durham 066A,Anti-social behaviour,,
,2011-03,Durham Constabulary,Durham Constabulary,-1.924272,54.544069,On or near Horsemarket,E01020852,County Durham 066A,Anti-social behaviour,,
,2011-03,Durham Constabulary,Durham Constabulary,-1.922789,54.543501,On or near Hall Street,E01020852,County Durham 066A,Anti-social behaviour,,
,2011-03,Durham Constabulary,Durham Constabulary,-1.924272,54.544069,On or near Horsemarket,E01020852,County Durham 066A,Anti-social behaviour,,
,2011-03,Durham Constabulary,Durham Constabulary,-1.924272,54.544069,On or near Horsemarket,E01020852,County Durham 066A,Anti-social behaviour,,
,2011-03,Durham Constabulary,Durham Constabulary,-1.915478,54.543353,On or near Crook Lane,E01020852,County Durham 066A,Anti-social behaviour,,
,2011-03,Durham Constabulary,Durham Constabulary,-1.922124,54.543869,On or near Ware Street,E01020852,County Durham 066A,Anti-social behaviour,,
,2011-03,Durham Constabulary,Durham Constabulary,-1.924272,54.544069,On or near Horsemarket,E01020852,County Durham 066A,Anti-social behaviour,,
,2011-03,Durham Constabulary,Durham Constabulary,-1.916558,54.544540,On or near Dawson Road,E01020852,County Durham 066A,Anti-social behaviour,,
,2011-03,Durham Constabulary,Durham Constabulary,-1.916558,54.544540,On or near Dawson Road,E01020852,County Durham 066A,Burglary,,
,2011-03,Durham Constabulary,Durham Constabulary,-1.924272,54.544069,On or near Horsemarket,E01020852,County Durham 066A,Vehicle crime,,
,2011-03,Durham Constabulary,Durham Constabulary,-1.922124,54.543869,On or near Ware Street,E01020852,County Durham 066A,Violent crime,,
,2011-03,Durham Constabulary,Durham Constabulary,-1.924272,54.544069,On or near Horsemarket,E01020852,County Durham 066A,Violent crime,,
,2011-03,Durham Constabulary,Durham Constabulary,-1.922124,54.543869,On or near Ware Street,E01020852,County Durham 066A,Violent crime,,
,2011-03,Durham Constabulary,Durham Constabulary,-1.922124,54.543869,On or near Ware Street,E01020852,County Durham 066A,Violent crime,,
,2011-03,Durham Constabulary,Durham Constabulary,-1.922124,54.543869,On or near Ware Street,E01020852,County Durham 066A,Violent crime,,
,2011-03,Durham Constabulary,Durham Constabulary,-1.915478,54.543353,On or near Crook Lane,E01020852,County Durham 066A,Other crime,,
,2011-03,Durham Constabulary,Durham Constabulary,-1.922789,54.543501,On or near Hall Street,E01020852,County Durham 066A,Other crime,,
,2011-03,Durham Constabulary,Durham Constabulary,-1.915478,54.543353,On or near Crook Lane,E01020852,County Durham 066A,Other crime,,
,2011-03,Durham Constabulary,Durham Constabulary,-1.916558,54.544540,On or near Dawson Road,E01020852,County Durham 066A,Other crime,,
,2011-03,Durham Constabulary,Durham Constabulary,-1.915478,54.543353,On or near Crook Lane,E01020852,County Durham 066A,Other crime,,
,2011-03,Durham Constabulary,Durham Constabulary,-1.922124,54.543869,On or near Ware Street,E01020852,County Durham 066A,Other crime,,
,2011-03,Durham Constabulary,Durham Constabulary,-1.910625,54.550107,On or near Prospect Place,E01020853,County Durham 066B,Anti-social behaviour,,
,2011-03,Durham Constabulary,Durham Constabulary,-1.910625,54.550107,On or near Prospect Place,E01020853,County Durham 066B,Anti-social behaviour,,
,2011-03,Durham Constabulary,Durham Constabulary,-1.915174,54.548421,On or near Bede Road,E01020853,County Durham 066B,Burglary,,
,2011-03,Durham Constabulary,Durham Constabulary,-1.915174,54.548421,On or near Bede Road,E01020853,County Durham 066B,Burglary,,
,2011-03,Durham Constabulary,Durham Constabulary,-1.915174,54.548421,On or near Bede Road,E01020853,County Durham 066B,Burglary,,
,2011-03,Durham Constabulary,Durham Constabulary,-1.915174,54.548421,On or near Bede Road,E01020853,County Durham 066B,Violent crime,,
,2011-03,Durham Constabulary,Durham Constabulary,-1.910812,54.549559,On or near Dickens Road,E01020853,County Durham 066B,Violent crime,,
,2011-03,Durham Constabulary,Durham Constabulary,-1.917898,54.547093,On or near Beaconsfield Court,E01020853,County Durham 066B,Other crime,,
,2011-03,Durham Constabulary,Durham Constabulary,-1.915142,54.549140,On or near Kirk View,E01020853,County Durham 066B,Other crime,,
,2011-03,Durham Constabulary,Durham Constabulary,-1.915174,54.548421,On or near Bede Road,E01020853,County Durham 066B,Other crime,,
,2011-03,Durham Constabulary,Durham Constabulary,-1.933737,54.540695,On or near Stainmore Close,E01020854,County Durham 066C,Anti-social behaviour,,
,2011-03,Durham Constabulary,Durham Constabulary,-1.924682,54.539495,On or near Thorngate Place,E01020854,County Durham 066C,Anti-social behaviour,,
,2011-03,Durham Constabulary,Durham Constabulary,-1.921218,54.540499,On or near Old School Close,E01020854,County Durham 066C,Anti-social behaviour,,
,2011-03,Durham Constabulary,Durham Constabulary,-1.923418,54.546126,On or near Marshall Street,E01020854,County Durham 066C,Anti-social behaviour,,
,2011-03,Durham Constabulary,Durham Constabulary,-1.923738,54.540402,On or near Priory Yard,E01020854,County Durham 066C,Anti-social behaviour,,
,2011-03,Durham Constabulary,Durham Constabulary,-1.923919,54.542747,On or near Market Place,E01020854,County Durham 066C,Anti-social behaviour,,
,2011-03,Durham Constabulary,Durham Constabulary,-1.944345,54.537474,On or near Bowes Road,E01020854,County Durham 066C,Anti-social behaviour,,
,2011-03,Durham Constabulary,Durham Constabulary,-1.925692,54.545130,On or near Flatts Road,E01020854,County Durham 066C,Anti-social behaviour,,
,2011-03,Durham Constabulary,Durham Constabulary,-1.923919,54.542747,On or near Market Place,E01020854,County Durham 066C,Anti-social behaviour,,
,2011-03,Durham Constabulary,Durham Constabulary,-1.930877,54.541610,On or near Low Startforth Road,E01020854,County Durham 066C,Anti-social behaviour,,
,2011-03,Durham Constabulary,Durham Constabulary,-1.932610,54.540227,On or near Boldron Lane,E01020854,County Durham 066C,Anti-social behaviour,,
,2011-03,Durham Constabulary,Durham Constabulary,-1.933737,54.540695,On or near Stainmore Close,E01020854,County Durham 066C,Anti-social behaviour,,
,2011-03,Durham Constabulary,Durham Constabulary,-1.919409,54.540929,On or near Park Terrace,E01020854,County Durham 066C,Anti-social behaviour,,
,2011-03,Durham Constabulary,Durham Constabulary,-1.919409,54.540929,On or near Park Terrace,E01020854,County Durham 066C,Anti-social behaviour,,
,2011-03,Durham Constabulary,Durham Constabulary,-1.925692,54.545130,On or near Flatts Road,E01020854,County Durham 066C,Anti-social behaviour,,
,2011-03,Durham Constabulary,Durham Constabulary,-1.925692,54.545130,On or near Flatts Road,E01020854,County Durham 066C,Anti-social behaviour,,
,2011-03,Durham Constabulary,Durham Constabulary,-1.944345,54.537474,On or near Bowes Road,E01020854,County Durham 066C,Anti-social behaviour,,
,2011-03,Durham Constabulary,Durham Constabulary,-1.944345,54.537474,On or near Bowes Road,E01020854,County Durham 066C,Burglary,,
,2011-03,Durham Constabulary,Durham Constabulary,-1.916304,54.532794,On or near Abbey Lane,E01020854,County Durham 066C,Burglary,,
,2011-03,Durham Constabulary,Durham Constabulary,-1.916304,54.532794,On or near Abbey Lane,E01020854,County Durham 066C,Burglary,,
,2011-03,Durham Constabulary,Durham Constabulary,-1.924682,54.539495,On or near Thorngate Place,E01020854,County Durham 066C,Vehicle crime,,
,2011-03,Durham Constabulary,Durham Constabulary,-1.944345,54.537474,On or near Bowes Road,E01020854,County Durham 066C,Vehicle crime,,
,2011-03,Durham Constabulary,Durham Constabulary,-1.925692,54.545130,On or near Flatts Road,E01020854,County Durham 066C,Violent crime,,
,2011-03,Durham Constabulary,Durham Constabulary,-1.923919,54.542747,On or near Market Place,E01020854,County Durham 066C,Violent crime,,
,2011-03,Durham Constabulary,Durham Constabulary,-1.923919,54.542747,On or near Market Place,E01020854,County Durham 066C,Violent crime,,
,2011-03,Durham Constabulary,Durham Constabulary,-1.933737,54.540695,On or near Stainmore Close,E01020854,County Durham 066C,Violent crime,,
,2011-03,Durham Constabulary,Durham Constabulary,-1.933737,54.540695,On or near Stainmore Close,E01020854,County Durham 066C,Violent crime,,
,2011-03,Durham Constabulary,Durham Constabulary,-1.923919,54.542747,On or near Market Place,E01020854,County Durham 066C,Violent crime,,
,2011-03,Durham Constabulary,Durham Constabulary,-1.925692,54.545130,On or near Flatts Road,E01020854,County Durham 066C,Violent crime,,
,2011-03,Durham Constabulary,Durham Constabulary,-1.933737,54.540695,On or near Stainmore Close,E01020854,County Durham 066C,Other crime,,
,2011-03,Durham Constabulary,Durham Constabulary,-1.925994,54.540376,On or near Thorngate Wynd,E01020854,County Durham 066C,Other crime,,
,2011-03,Durham Constabulary,Durham Constabulary,-1.933737,54.540695,On or near Stainmore Close,E01020854,County Durham 066C,Other crime,,
,2011-03,Durham Constabulary,Durham Constabulary,-1.933737,54.540695,On or near Stainmore Close,E01020854,County Durham 066C,Other crime,,
,2011-03,Durham Constabulary,Durham Constabulary,-1.933737,54.540695,On or near Stainmore Close,E01020854,County Durham 066C,Other crime,,
,2011-03,Durham Constabulary,Durham Constabulary,-1.933737,54.540695,On or near Stainmore Close,E01020854,County Durham 066C,Other crime,,
,2011-03,Durham Constabulary,Durham Constabulary,-1.923919,54.542747,On or near Market Place,E01020854,County Durham 066C,Other crime,,
,2011-03,Durham Constabulary,Durham Constabulary,-1.933737,54.540695,On or near Stainmore Close,E01020854,County Durham 066C,Other crime,,
,2011-03,Durham Constabulary,Durham Constabulary,-1.925994,54.540376,On or near Thorngate Wynd,E01020854,County Durham 066C,Other crime,,
,2011-03,Durham Constabulary,Durham Constabulary,-1.930877,54.541610,On or near Low Startforth Road,E01020854,County Durham 066C,Other crime,,
,2011-03,Durham Constabulary,Durham Constabulary,-1.922253,54.549217,On or near Hawthorn Drive,E01020855,County Durham 066D,Anti-social behaviour,,
,2011-03,Durham Constabulary,Durham Constabulary,-1.922355,54.552281,On or near Bouch Way,E01020855,County Durham 066D,Anti-social behaviour,,
,2011-03,Durham Constabulary,Durham Constabulary,-1.923132,54.550377,On or near Woodside,E01020855,County Durham 066D,Anti-social behaviour,,
,2011-03,Durham Constabulary,Durham Constabulary,-1.922355,54.552281,On or near Bouch Way,E01020855,County Durham 066D,Violent crime,,
,2011-03,Durham Constabulary,Durham Constabulary,-1.922355,54.552281,On or near Bouch Way,E01020855,County Durham 066D,Other crime,,
,2011-03,Durham Constabulary,Durham Constabulary,-1.922355,54.552281,On or near Bouch Way,E01020855,County Durham 066D,Other crime,,
,2011-03,Durham Constabulary,Durham Constabulary,-1.922355,54.552281,On or near Bouch Way,E01020855,County Durham 066D,Other crime,,
,2011-03,Durham Constabulary,Durham Constabulary,-1.616673,54.523768,On or near Nursery Lane,E01012334,Darlington 001B,Anti-social behaviour,,
,2011-03,Durham Constabulary,Durham Constabulary,-1.630607,54.604406,On or near High Road,E01012334,Darlington 001B,Anti-social behaviour,,
,2011-03,Durham Constabulary,Durham Constabulary,-1.630607,54.604406,On or near High Road,E01012334,Darlington 001B,Anti-social behaviour,,
,2011-03,Durham Constabulary,Durham Constabulary,-1.616673,54.523768,On or near Nursery Lane,E01012334,Darlington 001B,Anti-social behaviour,,
,2011-03,Durham Constabulary,Durham Constabulary,-1.630607,54.604406,On or near High Road,E01012334,Darlington 001B,Anti-social behaviour,,
,2011-03,Durham Constabulary,Durham Constabulary,-1.598851,54.603379,On or near Cherrytree Drive,E01012334,Darlington 001B,Violent crime,,
,2011-03,Durham Constabulary,Durham Constabulary,-1.595916,54.605913,On or near Cypress Grove,E01012334,Darlington 001B,Other crime,,
,2011-03,Durham Constabulary,Durham Constabulary,-1.616673,54.523768,On or near Nursery Lane,E01012334,Darlington 001B,Other crime,,
,2011-03,Durham Constabulary,Durham Constabulary,-1.615914,54.523955,On or near Merrybent Drive,E01012334,Darlington 001B,Other crime,,
,2011-03,Durham Constabulary,Durham Constabulary,-1.595916,54.605913,On or near Cypress Grove,E01012334,Darlington 001B,Other crime,,
,2011-03,Durham Constabulary,Durham Constabulary,-1.595916,54.605913,On or near Cypress Grove,E01012334,Darlington 001B,Other crime,,
,2011-03,Durham Constabulary,Durham Constabulary,-1.613891,54.595870,On or near Station Road,E01012335,Darlington 001C,Anti-social behaviour,,
,2011-03,Durham Constabulary,Durham Constabulary,-1.624338,54.594205,On or near Westwood Avenue,E01012335,Darlington 001C,Anti-social behaviour,,
,2011-03,Durham Constabulary,Durham Constabulary,-1.626596,54.596072,On or near Eden Close,E01012335,Darlington 001C,Anti-social behaviour,,
,2011-03,Durham Constabulary,Durham Constabulary,-1.620183,54.596699,On or near Hopelands,E01012335,Darlington 001C,Burglary,,
,2011-03,Durham Constabulary,Durham Constabulary,-1.624338,54.594205,On or near Westwood Avenue,E01012335,Darlington 001C,Burglary,,
,2011-03,Durham Constabulary,Durham Constabulary,-1.624338,54.594205,On or near Westwood Avenue,E01012335,Darlington 001C,Other crime,,
,2011-03,Durham Constabulary,Durham Constabulary,-1.503338,54.516877,On or near Pioneer Court,E01012366,Darlington 001D,Anti-social behaviour,,
,2011-03,Durham Constabulary,Durham Constabulary,-1.546892,54.562288,On or near Hartlea Avenue,E01012366,Darlington 001D,Anti-social behaviour,,
,2011-03,Durham Constabulary,Durham Constabulary,-1.435629,54.584342,On or near High Street,E01012366,Darlington 001D,Anti-social behaviour,,
,2011-03,Durham Constabulary,Durham Constabulary,-1.440376,54.585712,On or near The Green,E01012366,Darlington 001D,Anti-social behaviour,,
,2011-03,Durham Constabulary,Durham Constabulary,-1.435629,54.584342,On or near High Street,E01012366,Darlington 001D,Anti-social behaviour,,
,2011-03,Durham Constabulary,Durham Constabulary,-1.503338,54.516877,On or near Pioneer Court,E01012366,Darlington 001D,Anti-social behaviour,,
,2011-03,Durham Constabulary,Durham Constabulary,-1.554848,54.575816,On or near Durham Road,E01012366,Darlington 001D,Anti-social behaviour,,
,2011-03,Durham Constabulary,Durham Constabulary,-1.503338,54.516877,On or near Pioneer Court,E01012366,Darlington 001D,Anti-social behaviour,,
,2011-03,Durham Constabulary,Durham Constabulary,-1.554848,54.575816,On or near Durham Road,E01012366,Darlington 001D,Anti-social behaviour,,
,2011-03,Durham Constabulary,Durham Constabulary,-1.473679,54.546930,On or near East Close,E01012366,Darlington 001D,Anti-social behaviour,,
,2011-03,Durham Constabulary,Durham Constabulary,-1.546892,54.562288,On or near Hartlea Avenue,E01012366,Darlington 001D,Anti-social behaviour,,
,2011-03,Durham Constabulary,Durham Constabulary,-1.546892,54.562288,On or near Hartlea Avenue,E01012366,Darlington 001D,Anti-social behaviour,,
,2011-03,Durham Constabulary,Durham Constabulary,-1.554848,54.575816,On or near Durham Road,E01012366,Darlington 001D,Anti-social behaviour,,
,2011-03,Durham Constabulary,Durham Constabulary,-1.440376,54.585712,On or near The Green,E01012366,Darlington 001D,Anti-social behaviour,,
,2011-03,Durham Constabulary,Durham Constabulary,-1.440376,54.585712,On or near The Green,E01012366,Darlington 001D,Vehicle crime,,
,2011-03,Durham Constabulary,Durham Constabulary,-1.473578,54.546408,On or near The Orchard,E01012366,Darlington 001D,Vehicle crime,,
,2011-03,Durham Constabulary,Durham Constabulary,-1.554848,54.575816,On or near Durham Road,E01012366,Darlington 001D,Violent crime,,
,2011-03,Durham Constabulary,Durham Constabulary,-1.554848,54.575816,On or near Durham Road,E01012366,Darlington 001D,Violent crime,,
,2011-03,Durham Constabulary,Durham Constabulary,-1.435629,54.584342,On or near High Street,E01012366,Darlington 001D,Other crime,,
,2011-03,Durham Constabulary,Durham Constabulary,-1.503338,54.516877,On or near Pioneer Court,E01012366,Darlington 001D,Other crime,,
,2011-03,Durham Constabulary,Durham Constabulary,-1.503338,54.516877,On or near Pioneer Court,E01012366,Darlington 001D,Other crime,,
,2011-03,Durham Constabulary,Durham Constabulary,-1.554848,54.575816,On or near Durham Road,E01012366,Darlington 001D,Other crime,,
,2011-03,Durham Constabulary,Durham Constabulary,-1.440376,54.585712,On or near The Green,E01012366,Darlington 001D,Other crime,,
,2011-03,Durham Constabulary,Durham Constabulary,-1.503338,54.516877,On or near Pioneer Court,E01012366,Darlington 001D,Other crime,,
,2011-03,Durham Constabulary,Durham Constabulary,-1.471242,54.529754,On or near Sadberge Road,E01012366,Darlington 001D,Other crime,,
,2011-03,Durham Constabulary,Durham Constabulary,-1.469037,54.548464,On or near St. Andrews Park,E01012366,Darlington 001D,Other crime,,
,2011-03,Durham Constabulary,Durham Constabulary,-1.503338,54.516877,On or near Pioneer Court,E01012366,Darlington 001D,Other crime,,
,2011-03,Durham Constabulary,Durham Constabulary,-1.586020,54.549738,On or near Amberley Grove,E01033481,Darlington 001E,Anti-social behaviour,,
,2011-03,Durham Constabulary,Durham Constabulary,-1.585299,54.549152,On or near Abbotsfield Way,E01033481,Darlington 001E,Anti-social behaviour,,
,2011-03,Durham Constabulary,Durham Constabulary,-1.590411,54.545035,On or near Comets Garth,E01033481,Darlington 001E,Anti-social behaviour,,
,2011-03,Durham Constabulary,Durham Constabulary,-1.590411,54.545035,On or near Comets Garth,E01033481,Darlington 001E,Anti-social behaviour,,
,2011-03,Durham Constabulary,Durham Constabulary,-1.585299,54.549152,On or near Abbotsfield Way,E01033481,Darlington 001E,Anti-social behaviour,,
,2011-03,Durham Constabulary,Durham Constabulary,-1.590411,54.545035,On or near Comets Garth,E01033481,Darlington 001E,Anti-social behaviour,,
,2011-03,Durham Constabulary,Durham Constabulary,-1.583111,54.542413,On or near Timothy Hackworth Drive,E01033481,Darlington 001E,Burglary,,
,2011-03,Durham Constabulary,Durham Constabulary,-1.592837,54.546715,On or near Edward Pease Way,E01033481,Darlington 001E,Violent crime,,
,2011-03,Durham Constabulary,Durham Constabulary,-1.592837,54.546715,On or near Edward Pease Way,E01033481,Darlington 001E,Violent crime,,
,2011-03,Durham Constabulary,Durham Constabulary,-1.589240,54.546271,On or near Wildair Close,E01033481,Darlington 001E,Other crime,,
,2011-03,Durham Constabulary,Durham Constabulary,-1.589240,54.546271,On or near Wildair Close,E01033481,Darlington 001E,Other crime,,
,2011-03,Durham Constabulary,Durham Constabulary,-1.590411,54.545035,On or near Comets Garth,E01033481,Darlington 001E,Other crime,,
,2011-03,Durham Constabulary,Durham Constabulary,-1.580872,54.542181,On or near Locomotion Lane,E01033482,Darlington 001F,Anti-social behaviour,,
,2011-03,Durham Constabulary,Durham Constabulary,-1.580872,54.542181,On or near Locomotion Lane,E01033482,Darlington 001F,Anti-social behaviour,,
,2011-03,Durham Constabulary,Durham Constabulary,-1.581060,54.543458,On or near Swinbridge,E01033482,Darlington 001F,Anti-social behaviour,,
,2011-03,Durham Constabulary,Durham Constabulary,-1.581408,54.542641,On or near George Stephenson Drive,E01033482,Darlington 001F,Anti-social behaviour,,
,2011-03,Durham Constabulary,Durham Constabulary,-1.578288,54.549972,On or near Gilderdale Close,E01033482,Darlington 001F,Anti-social behaviour,,
,2011-03,Durham Constabulary,Durham Constabulary,-1.580872,54.542181,On or near Locomotion Lane,E01033482,Darlington 001F,Anti-social behaviour,,
,2011-03,Durham Constabulary,Durham Constabulary,-1.578244,54.542235,On or near West Auckland Road,E01033482,Darlington 001F,Anti-social behaviour,,
,2011-03,Durham Constabulary,Durham Constabulary,-1.580872,54.542181,On or near Locomotion Lane,E01033482,Darlington 001F,Anti-social behaviour,,
,2011-03,Durham Constabulary,Durham Constabulary,-1.580872,54.542181,On or near Locomotion Lane,E01033482,Darlington 001F,Anti-social behaviour,,
,2011-03,Durham Constabulary,Durham Constabulary,-1.581060,54.543458,On or near Swinbridge,E01033482,Darlington 001F,Other crime,,
,2011-03,Durham Constabulary,Durham Constabulary,-1.581060,54.543458,On or near Swinbridge,E01033482,Darlington 001F,Other crime,,
,2011-03,Durham Constabulary,Durham Constabulary,-1.578244,54.542235,On or near West Auckland Road,E01033482,Darlington 001F,Other crime,,
,2011-03,Durham Constabulary,Durham Constabulary,-1.580013,54.544559,On or near Westgate Crescent,E01033482,Darlington 001F,Other crime,,
,2011-03,Durham Constabulary,Durham Constabulary,-1.580013,54.544559,On or near Westgate Crescent,E01033482,Darlington 001F,Other crime,,
,2011-03,Durham Constabulary,Durham Constabulary,-1.558789,54.547494,On or near Mewburn Court,E01012323,Darlington 002C,Anti-social behaviour,,
,2011-03,Durham Constabulary,Durham Constabulary,-1.548969,54.547773,On or near Bowman Street,E01012323,Darlington 002C,Anti-social behaviour,,
,2011-03,Durham Constabulary,Durham Constabulary,-1.557566,54.547625,On or near Stockley Close,E01012323,Darlington 002C,Anti-social behaviour,,
,2011-03,Durham Constabulary,Durham Constabulary,-1.548969,54.547773,On or near Bowman Street,E01012323,Darlington 002C,Anti-social behaviour,,
,2011-03,Durham Constabulary,Durham Constabulary,-1.556143,54.547673,On or near Huntershaw Way,E01012323,Darlington 002C,Anti-social behaviour,,
,2011-03,Durham Constabulary,Durham Constabulary,-1.553345,54.547717,On or near Longfield Road,E01012323,Darlington 002C,Anti-social behaviour,,
,2011-03,Durham Constabulary,Durham Constabulary,-1.557451,54.546824,On or near Kitching Grove,E01012323,Darlington 002C,Anti-social behaviour,,
,2011-03,Durham Constabulary,Durham Constabulary,-1.557451,54.546824,On or near Kitching Grove,E01012323,Darlington 002C,Anti-social behaviour,,
,2011-03,Durham Constabulary,Durham Constabulary,-1.558789,54.547494,On or near Mewburn Court,E01012323,Darlington 002C,Anti-social behaviour,,
,2011-03,Durham Constabulary,Durham Constabulary,-1.557566,54.547625,On or near Stockley Close,E01012323,Darlington 002C,Anti-social behaviour,,
,2011-03,Durham Constabulary,Durham Constabulary,-1.556462,54.548232,On or near Drinkfield Crescent,E01012323,Darlington 002C,Anti-social behaviour,,
,2011-03,Durham Constabulary,Durham Constabulary,-1.556143,54.547673,On or near Huntershaw Way,E01012323,Darlington 002C,Anti-social behaviour,,
,2011-03,Durham Constabulary,Durham Constabulary,-1.556143,54.547673,On or near Huntershaw Way,E01012323,Darlington 002C,Anti-social behaviour,,
,2011-03,Durham Constabulary,Durham Constabulary,-1.553345,54.547717,On or near Longfield Road,E01012323,Darlington 002C,Anti-social behaviour,,
,2011-03,Durham Constabulary,Durham Constabulary,-1.553345,54.547717,On or near Longfield Road,E01012323,Darlington 002C,Anti-social behaviour,,
,2011-03,Durham Constabulary,Durham Constabulary,-1.548969,54.547773,On or near Bowman Street,E01012323,Darlington 002C,Anti-social behaviour,,
,2011-03,Durham Constabulary,Durham Constabulary,-1.548969,54.547773,On or near Bowman Street,E01012323,Darlington 002C,Vehicle crime,,
,2011-03,Durham Constabulary,Durham Constabulary,-1.556143,54.547673,On or near Huntershaw Way,E01012323,Darlington 002C,Other crime,,
,2011-03,Durham Constabulary,Durham Constabulary,-1.548969,54.547773,On or near Bowman Street,E01012323,Darlington 002C,Other crime,,
,2011-03,Durham Constabulary,Durham Constabulary,-1.553345,54.547717,On or near Longfield Road,E01012323,Darlington 002C,Other crime,,
,2011-03,Durham Constabulary,Durham Constabulary,-1.552802,54.550690,On or near Botham Grove,E01012323,Darlington 002C,Other crime,,
,2011-03,Durham Constabulary,Durham Constabulary,-1.542219,54.547298,On or near Coatham Crescent,E01012324,Darlington 002D,Anti-social behaviour,,
,2011-03,Durham Constabulary,Durham Constabulary,-1.545604,54.547311,On or near The Leas,E01012324,Darlington 002D,Anti-social behaviour,,
,2011-03,Durham Constabulary,Durham Constabulary,-1.545604,54.547311,On or near The Leas,E01012324,Darlington 002D,Anti-social behaviour,,
,2011-03,Durham Constabulary,Durham Constabulary,-1.542687,54.548333,On or near Lytham Road,E01012324,Darlington 002D,Anti-social behaviour,,
,2011-03,Durham Constabulary,Durham Constabulary,-1.543942,54.548077,On or near Middleham Road,E01012324,Darlington 002D,Burglary,,
,2011-03,Durham Constabulary,Durham Constabulary,-1.543144,54.550294,On or near Salters Lane North,E01032545,Darlington 002E,Anti-social behaviour,,
,2011-03,Durham Constabulary,Durham Constabulary,-1.545800,54.551994,On or near Mayfair Road,E01032545,Darlington 002E,Anti-social behaviour,,
,2011-03,Durham Constabulary,Durham Constabulary,-1.545311,54.551417,On or near Oakland Gardens,E01032545,Darlington 002E,Anti-social behaviour,,
,2011-03,Durham Constabulary,Durham Constabulary,-1.543144,54.550294,On or near Salters Lane North,E01032545,Darlington 002E,Anti-social behaviour,,
,2011-03,Durham Constabulary,Durham Constabulary,-1.545800,54.551994,On or near Mayfair Road,E01032545,Darlington 002E,Anti-social behaviour,,
,2011-03,Durham Constabulary,Durham Constabulary,-1.545311,54.551417,On or near Oakland Gardens,E01032545,Darlington 002E,Anti-social behaviour,,
,2011-03,Durham Constabulary,Durham Constabulary,-1.545972,54.553181,On or near Lime Avenue,E01032545,Darlington 002E,Anti-social behaviour,,
,2011-03,Durham Constabulary,Durham Constabulary,-1.544404,54.552357,On or near Myrtle Gardens,E01032545,Darlington 002E,Anti-social behaviour,,
,2011-03,Durham Constabulary,Durham Constabulary,-1.543144,54.550294,On or near Salters Lane North,E01032545,Darlington 002E,Anti-social behaviour,,
,2011-03,Durham Constabulary,Durham Constabulary,-1.546309,54.552112,On or near Holmwood Grove,E01032545,Darlington 002E,Other crime,,
,2011-03,Durham Constabulary,Durham Constabulary,-1.545311,54.551417,On or near Oakland Gardens,E01032545,Darlington 002E,Other crime,,
,2011-03,Durham Constabulary,Durham Constabulary,-1.545947,54.552659,On or near Baytree Road,E01032545,Darlington 002E,Other crime,,
,2011-03,Durham Constabulary,Durham Constabulary,-1.555639,54.552812,On or near Marazion Drive,E01032546,Darlington 002F,Anti-social behaviour,,
,2011-03,Durham Constabulary,Durham Constabulary,-1.550842,54.554610,On or near Portreath Court,E01032546,Darlington 002F,Anti-social behaviour,,
,2011-03,Durham Constabulary,Durham Constabulary,-1.555639,54.552812,On or near Marazion Drive,E01032546,Darlington 002F,Anti-social behaviour,,
,2011-03,Durham Constabulary,Durham Constabulary,-1.555639,54.552812,On or near Marazion Drive,E01032546,Darlington 002F,Burglary,,
,2011-03,Durham Constabulary,Durham Constabulary,-1.555884,54.554467,On or near Newquay Close,E01032546,Darlington 002F,Burglary,,
,2011-03,Durham Constabulary,Durham Constabulary,-1.550842,54.554610,On or near Portreath Court,E01032546,Darlington 002F,Violent crime,,
,2011-03,Durham Constabulary,Durham Constabulary,-1.552541,54.554742,On or near Camborne Drive,E01032546,Darlington 002F,Violent crime,,
,2011-03,Durham Constabulary,Durham Constabulary,-1.552541,54.554742,On or near Camborne Drive,E01032546,Darlington 002F,Violent crime,,
,2011-03,Durham Constabulary,Durham Constabulary,-1.550842,54.554610,On or near Portreath Court,E01032546,Darlington 002F,Other crime,,
,2011-03,Durham Constabulary,Durham Constabulary,-1.553815,54.555654,On or near Tintagel Court,E01032546,Darlington 002F,Other crime,,
,2011-03,Durham Constabulary,Durham Constabulary,-1.550842,54.554610,On or near Portreath Court,E01032546,Darlington 002F,Other crime,,
,2011-03,Durham Constabulary,Durham Constabulary,-1.525295,54.548356,On or near Kilmarnock Road,E01012328,Darlington 003A,Anti-social behaviour,,
,2011-03,Durham Constabulary,Durham Constabulary,-1.522898,54.548455,On or near Lismore Drive,E01012328,Darlington 003A,Anti-social behaviour,,
,2011-03,Durham Constabulary,Durham Constabulary,-1.526402,54.548873,On or near Argyll Close,E01012328,Darlington 003A,Anti-social behaviour,,
,2011-03,Durham Constabulary,Durham Constabulary,-1.519195,54.547820,On or near Nairn Close,E01012328,Darlington 003A,Anti-social behaviour,,
,2011-03,Durham Constabulary,Durham Constabulary,-1.519311,54.548432,On or near Elgin Court,E01012328,Darlington 003A,Anti-social behaviour,,
,2011-03,Durham Constabulary,Durham Constabulary,-1.520280,54.550188,On or near Dunrobin Close,E01012328,Darlington 003A,Anti-social behaviour,,
,2011-03,Durham Constabulary,Durham Constabulary,-1.523397,54.549346,On or near Ardmore Drive,E01012328,Darlington 003A,Anti-social behaviour,,
,2011-03,Durham Constabulary,Durham Constabulary,-1.518818,54.548295,On or near Stonehaven Way,E01012328,Darlington 003A,Anti-social behaviour,,
,2011-03,Durham Constabulary,Durham Constabulary,-1.522290,54.548884,On or near Shetland Drive,E01012328,Darlington 003A,Violent crime,,
,2011-03,Durham Constabulary,Durham Constabulary,-1.525295,54.548356,On or near Kilmarnock Road,E01012328,Darlington 003A,Violent crime,,
,2011-03,Durham Constabulary,Durham Constabulary,-1.522290,54.548884,On or near Shetland Drive,E01012328,Darlington 003A,Violent crime,,
,2011-03,Durham Constabulary,Durham Constabulary,-1.525295,54.548356,On or near Kilmarnock Road,E01012328,Darlington 003A,Violent crime,,
,2011-03,Durham Constabulary,Durham Constabulary,-1.519110,54.545798,On or near Cloverdale,E01012328,Darlington 003A,Other crime,,
,2011-03,Durham Constabulary,Durham Constabulary,-1.526402,54.548873,On or near Argyll Close,E01012328,Darlington 003A,Other crime,,
,2011-03,Durham Constabulary,Durham Constabulary,-1.516715,54.543137,On or near Harley Grove,E01012329,Darlington 003B,Anti-social behaviour,,
,2011-03,Durham Constabulary,Durham Constabulary,-1.516227,54.546487,On or near Beech Rise,E01012329,Darlington 003B,Anti-social behaviour,,
,2011-03,Durham Constabulary,Durham Constabulary,-1.515705,54.550125,On or near Annandale,E01012329,Darlington 003B,Anti-social behaviour,,
,2011-03,Durham Constabulary,Durham Constabulary,-1.522026,54.545018,On or near Sunningdale Green,E01012329,Darlington 003B,Anti-social behaviour,,
,2011-03,Durham Constabulary,Durham Constabulary,-1.515705,54.550125,On or near Annandale,E01012329,Darlington 003B,Anti-social behaviour,,
,2011-03,Durham Constabulary,Durham Constabulary,-1.522026,54.545018,On or near Sunningdale Green,E01012329,Darlington 003B,Anti-social behaviour,,
,2011-03,Durham Constabulary,Durham Constabulary,-1.522026,54.545018,On or near Sunningdale Green,E01012329,Darlington 003B,Anti-social behaviour,,
,2011-03,Durham Constabulary,Durham Constabulary,-1.519715,54.543014,On or near Whinfield Road,E01012329,Darlington 003B,Anti-social behaviour,,
,2011-03,Durham Constabulary,Durham Constabulary,-1.522026,54.545018,On or near Sunningdale Green,E01012329,Darlington 003B,Anti-social behaviour,,
,2011-03,Durham Constabulary,Durham Constabulary,-1.519715,54.543014,On or near Whinfield Road,E01012329,Darlington 003B,Anti-social behaviour,,
,2011-03,Durham Constabulary,Durham Constabulary,-1.517231,54.549178,On or near Gordon Close,E01012329,Darlington 003B,Other crime,,
,2011-03,Durham Constabulary,Durham Constabulary,-1.522026,54.545018,On or near Sunningdale Green,E01012329,Darlington 003B,Other crime,,
,2011-03,Durham Constabulary,Durham Constabulary,-1.516167,54.548949,On or near Rossway,E01012329,Darlington 003B,Other crime,,
,2011-03,Durham Constabulary,Durham Constabulary,-1.522026,54.545018,On or near Sunningdale Green,E01012329,Darlington 003B,Other crime,,
,2011-03,Durham Constabulary,Durham Constabulary,-1.522026,54.545018,On or near Sunningdale Green,E01012329,Darlington 003B,Other crime,,
,2011-03,Durham Constabulary,Durham Constabulary,-1.522026,54.545018,On or near Sunningdale Green,E01012329,Darlington 003B,Other crime,,
,2011-03,Durham Constabulary,Durham Constabulary,-1.522026,54.545018,On or near Sunningdale Green,E01012329,Darlington 003B,Other crime,,
,2011-03,Durham Constabulary,Durham Constabulary,-1.522026,54.545018,On or near Sunningdale Green,E01012329,Darlington 003B,Other crime,,
,2011-03,Durham Constabulary,Durham Constabulary,-1.534796,54.548878,On or near Helmsdale Close,E01012330,Darlington 003C,Anti-social behaviour,,
,2011-03,Durham Constabulary,Durham Constabulary,-1.534699,54.549273,On or near Beauly Drive,E01012330,Darlington 003C,Anti-social behaviour,,
,2011-03,Durham Constabulary,Durham Constabulary,-1.536325,54.550394,On or near Whitebridge Drive,E01012330,Darlington 003C,Anti-social behaviour,,
,2011-03,Durham Constabulary,Durham Constabulary,-1.537336,54.545779,On or near Thompson Street East,E01012330,Darlington 003C,Other crime,,
,2011-03,Durham Constabulary,Durham Constabulary,-1.530887,54.547354,On or near Moray Close,E01012331,Darlington 003D,Anti-social behaviour,,
,2011-03,Durham Constabulary,Durham Constabulary,-1.530887,54.547354,On or near Moray Close,E01012331,Darlington 003D,Anti-social behaviour,,
,2011-03,Durham Constabulary,Durham Constabulary,-1.533688,54.545738,On or near Warkworth Way,E01012331,Darlington 003D,Anti-social behaviour,,
,2011-03,Durham Constabulary,Durham Constabulary,-1.529407,54.546979,On or near Balmoral Road,E01012331,Darlington 003D,Anti-social behaviour,,
,2011-03,Durham Constabulary,Durham Constabulary,-1.533688,54.545738,On or near Warkworth Way,E01012331,Darlington 003D,Anti-social behaviour,,
,2011-03,Durham Constabulary,Durham Constabulary,-1.535272,54.547820,On or near Largo Gardens,E01012331,Darlington 003D,Anti-social behaviour,,
,2011-03,Durham Constabulary,Durham Constabulary,-1.533688,54.545738,On or near Warkworth Way,E01012331,Darlington 003D,Vehicle crime,,
,2011-03,Durham Constabulary,Durham Constabulary,-1.534995,54.545024,On or near Hercules Street,E01012331,Darlington 003D,Other crime,,
,2011-03,Durham Constabulary,Durham Constabulary,-1.534995,54.545024,On or near Hercules Street,E01012331,Darlington 003D,Other crime,,
,2011-03,Durham Constabulary,Durham Constabulary,-1.530887,54.547354,On or near Moray Close,E01012331,Darlington 003D,Other crime,,
,2011-03,Durham Constabulary,Durham Constabulary,-1.534995,54.545024,On or near Hercules Street,E01012331,Darlington 003D,Other crime,,
,2011-03,Durham Constabulary,Durham Constabulary,-1.551336,54.537752,On or near Aldam Street,E01012349,Darlington 004A,Anti-social behaviour,,
,2011-03,Durham Constabulary,Durham Constabulary,-1.552003,54.541790,On or near Zetland Street,E01012349,Darlington 004A,Anti-social behaviour,,
,2011-03,Durham Constabulary,Durham Constabulary,-1.548886,54.538543,On or near Close Street,E01012349,Darlington 004A,Anti-social behaviour,,
,2011-03,Durham Constabulary,Durham Constabulary,-1.551008,54.538110,On or near Charles Street,E01012349,Darlington 004A,Anti-social behaviour,,
,2011-03,Durham Constabulary,Durham Constabulary,-1.551292,54.536170,On or near George Short Close,E01012349,Darlington 004A,Anti-social behaviour,,
,2011-03,Durham Constabulary,Durham Constabulary,-1.551336,54.537752,On or near Aldam Street,E01012349,Darlington 004A,Anti-social behaviour,,
,2011-03,Durham Constabulary,Durham Constabulary,-1.552489,54.539734,On or near Wales Street,E01012349,Darlington 004A,Anti-social behaviour,,
,2011-03,Durham Constabulary,Durham Constabulary,-1.556471,54.538867,On or near Meynell Road,E01012349,Darlington 004A,Anti-social behaviour,,
,2011-03,Durham Constabulary,Durham Constabulary,-1.552003,54.541790,On or near Zetland Street,E01012349,Darlington 004A,Anti-social behaviour,,
,2011-03,Durham Constabulary,Durham Constabulary,-1.551336,54.537752,On or near Aldam Street,E01012349,Darlington 004A,Anti-social behaviour,,
,2011-03,Durham Constabulary,Durham Constabulary,-1.551336,54.537752,On or near Aldam Street,E01012349,Darlington 004A,Anti-social behaviour,,
,2011-03,Durham Constabulary,Durham Constabulary,-1.551336,54.537752,On or near Aldam Street,E01012349,Darlington 004A,Anti-social behaviour,,
,2011-03,Durham Constabulary,Durham Constabulary,-1.551619,54.537367,On or near Katherine Street,E01012349,Darlington 004A,Anti-social behaviour,,
,2011-03,Durham Constabulary,Durham Constabulary,-1.551336,54.537752,On or near Aldam Street,E01012349,Darlington 004A,Anti-social behaviour,,
,2011-03,Durham Constabulary,Durham Constabulary,-1.550253,54.537847,On or near Gurney Street,E01012349,Darlington 004A,Anti-social behaviour,,
,2011-03,Durham Constabulary,Durham Constabulary,-1.550648,54.538469,On or near Shildon Street,E01012349,Darlington 004A,Anti-social behaviour,,
,2011-03,Durham Constabulary,Durham Constabulary,-1.551008,54.538110,On or near Charles Street,E01012349,Darlington 004A,Anti-social behaviour,,
,2011-03,Durham Constabulary,Durham Constabulary,-1.552003,54.541790,On or near Zetland Street,E01012349,Darlington 004A,Anti-social behaviour,,
,2011-03,Durham Constabulary,Durham Constabulary,-1.552003,54.541790,On or near Zetland Street,E01012349,Darlington 004A,Anti-social behaviour,,
,2011-03,Durham Constabulary,Durham Constabulary,-1.552003,54.541790,On or near Zetland Street,E01012349,Darlington 004A,Anti-social behaviour,,
,2011-03,Durham Constabulary,Durham Constabulary,-1.552881,54.539241,On or near Denmark Street,E01012349,Darlington 004A,Anti-social behaviour,,
,2011-03,Durham Constabulary,Durham Constabulary,-1.550648,54.538469,On or near Shildon Street,E01012349,Darlington 004A,Anti-social behaviour,,
,2011-03,Durham Constabulary,Durham Constabulary,-1.551273,54.540745,On or near Mellor Court,E01012349,Darlington 004A,Anti-social behaviour,,
,2011-03,Durham Constabulary,Durham Constabulary,-1.548886,54.538543,On or near Close Street,E01012349,Darlington 004A,Anti-social behaviour,,
,2011-03,Durham Constabulary,Durham Constabulary,-1.550648,54.538469,On or near Shildon Street,E01012349,Darlington 004A,Anti-social behaviour,,
,2011-03,Durham Constabulary,Durham Constabulary,-1.551638,54.536971,On or near Havelock Street,E01012349,Darlington 004A,Burglary,,
,2011-03,Durham Constabulary,Durham Constabulary,-1.551336,54.537752,On or near Aldam Street,E01012349,Darlington 004A,Burglary,,
,2011-03,Durham Constabulary,Durham Constabulary,-1.552881,54.539241,On or near Denmark Street,E01012349,Darlington 004A,Burglary,,
,2011-03,Durham Constabulary,Durham Constabulary,-1.551292,54.536170,On or near George Short Close,E01012349,Darlington 004A,Vehicle crime,,
,2011-03,Durham Constabulary,Durham Constabulary,-1.552671,54.541478,On or near Lansdowne Street,E01012349,Darlington 004A,Vehicle crime,,
,2011-03,Durham Constabulary,Durham Constabulary,-1.551619,54.537367,On or near Katherine Street,E01012349,Darlington 004A,Violent crime,,
,2011-03,Durham Constabulary,Durham Constabulary,-1.551336,54.537752,On or near Aldam Street,E01012349,Darlington 004A,Violent crime,,
,2011-03,Durham Constabulary,Durham Constabulary,-1.550253,54.537847,On or near Gurney Street,E01012349,Darlington 004A,Violent crime,,
,2011-03,Durham Constabulary,Durham Constabulary,-1.548886,54.538543,On or near Close Street,E01012349,Darlington 004A,Other crime,,
,2011-03,Durham Constabulary,Durham Constabulary,-1.550648,54.538469,On or near Shildon Street,E01012349,Darlington 004A,Other crime,,
,2011-03,Durham Constabulary,Durham Constabulary,-1.550253,54.537847,On or near Gurney Street,E01012349,Darlington 004A,Other crime,,
,2011-03,Durham Constabulary,Durham Constabulary,-1.551292,54.536170,On or near George Short Close,E01012349,Darlington 004A,Other crime,,
,2011-03,Durham Constabulary,Durham Constabulary,-1.551638,54.536971,On or near Havelock Street,E01012349,Darlington 004A,Other crime,,
,2011-03,Durham Constabulary,Durham Constabulary,-1.551638,54.536971,On or near Havelock Street,E01012349,Darlington 004A,Other crime,,
,2011-03,Durham Constabulary,Durham Constabulary,-1.551619,54.537367,On or near Katherine Street,E01012349,Darlington 004A,Other crime,,
,2011-03,Durham Constabulary,Durham Constabulary,-1.551336,54.537752,On or near Aldam Street,E01012349,Darlington 004A,Other crime,,
,2011-03,Durham Constabulary,Durham Constabulary,-1.551336,54.537752,On or near Aldam Street,E01012349,Darlington 004A,Other crime,,
,2011-03,Durham Constabulary,Durham Constabulary,-1.552003,54.541790,On or near Zetland Street,E01012349,Darlington 004A,Other crime,,
,2011-03,Durham Constabulary,Durham Constabulary,-1.551638,54.536971,On or near Havelock Street,E01012349,Darlington 004A,Other crime,,
,2011-03,Durham Constabulary,Durham Constabulary,-1.551638,54.536971,On or near Havelock Street,E01012349,Darlington 004A,Other crime,,
,2011-03,Durham Constabulary,Durham Constabulary,-1.551292,54.536170,On or near George Short Close,E01012349,Darlington 004A,Other crime,,
,2011-03,Durham Constabulary,Durham Constabulary,-1.551638,54.536971,On or near Havelock Street,E01012349,Darlington 004A,Other crime,,
,2011-03,Durham Constabulary,Durham Constabulary,-1.551273,54.540745,On or near Mellor Court,E01012349,Darlington 004A,Other crime,,
,2011-03,Durham Constabulary,Durham Constabulary,-1.551292,54.536170,On or near George Short Close,E01012349,Darlington 004A,Other crime,,
,2011-03,Durham Constabulary,Durham Constabulary,-1.551638,54.536971,On or near Havelock Street,E01012349,Darlington 004A,Other crime,,
,2011-03,Durham Constabulary,Durham Constabulary,-1.551292,54.536170,On or near George Short Close,E01012349,Darlington 004A,Other crime,,
,2011-03,Durham Constabulary,Durham Constabulary,-1.551751,54.542211,On or near Brougham Street,E01012350,Darlington 004B,Anti-social behaviour,,
,2011-03,Durham Constabulary,Durham Constabulary,-1.548934,54.543971,On or near Aquinas Court,E01012350,Darlington 004B,Anti-social behaviour,,
,2011-03,Durham Constabulary,Durham Constabulary,-1.548581,54.540905,On or near Askrigg Street,E01012350,Darlington 004B,Anti-social behaviour,,
,2011-03,Durham Constabulary,Durham Constabulary,-1.548193,54.538298,On or near Grass Street,E01012350,Darlington 004B,Anti-social behaviour,,
,2011-03,Durham Constabulary,Durham Constabulary,-1.547235,54.541080,On or near Redmire Close,E01012350,Darlington 004B,Anti-social behaviour,,
,2011-03,Durham Constabulary,Durham Constabulary,-1.549531,54.537494,On or near Stephen Court,E01012350,Darlington 004B,Anti-social behaviour,,
,2011-03,Durham Constabulary,Durham Constabulary,-1.548843,54.545211,On or near Peabody Street,E01012350,Darlington 004B,Anti-social behaviour,,
,2011-03,Durham Constabulary,Durham Constabulary,-1.551530,54.542633,On or near Cumberland Street,E01012350,Darlington 004B,Anti-social behaviour,,
,2011-03,Durham Constabulary,Durham Constabulary,-1.548809,54.545525,On or near Ruby Street,E01012350,Darlington 004B,Anti-social behaviour,,
,2011-03,Durham Constabulary,Durham Constabulary,-1.548968,54.542300,On or near North Road,E01012350,Darlington 004B,Burglary,,
,2011-03,Durham Constabulary,Durham Constabulary,-1.547235,54.541080,On or near Redmire Close,E01012350,Darlington 004B,Vehicle crime,,
,2011-03,Durham Constabulary,Durham Constabulary,-1.551530,54.542633,On or near Cumberland Street,E01012350,Darlington 004B,Vehicle crime,,
,2011-03,Durham Constabulary,Durham Constabulary,-1.548581,54.540905,On or near Askrigg Street,E01012350,Darlington 004B,Violent crime,,
,2011-03,Durham Constabulary,Durham Constabulary,-1.551751,54.542211,On or near Brougham Street,E01012350,Darlington 004B,Other crime,,
,2011-03,Durham Constabulary,Durham Constabulary,-1.548934,54.543971,On or near Aquinas Court,E01012350,Darlington 004B,Other crime,,
,2011-03,Durham Constabulary,Durham Constabulary,-1.551751,54.542211,On or near Brougham Street,E01012350,Darlington 004B,Other crime,,
,2011-03,Durham Constabulary,Durham Constabulary,-1.552045,54.546400,On or near Fulford Place,E01012350,Darlington 004B,Other crime,,
,2011-03,Durham Constabulary,Durham Constabulary,-1.549531,54.537494,On or near Stephen Court,E01012350,Darlington 004B,Other crime,,
,2011-03,Durham Constabulary,Durham Constabulary,-1.543184,54.542566,On or near Girton Walk,E01012351,Darlington 004C,Anti-social behaviour,,
,2011-03,Durham Constabulary,Durham Constabulary,-1.545967,54.543879,On or near Pendleton Road,E01012351,Darlington 004C,Anti-social behaviour,,
,2011-03,Durham Constabulary,Durham Constabulary,-1.545029,54.544837,On or near Cavendish Drive,E01012351,Darlington 004C,Vehicle crime,,
,2011-03,Durham Constabulary,Durham Constabulary,-1.558451,54.542982,On or near Spring Hill,E01012352,Darlington 004D,Anti-social behaviour,,
,2011-03,Durham Constabulary,Durham Constabulary,-1.558451,54.542982,On or near Spring Hill,E01012352,Darlington 004D,Anti-social behaviour,,
,2011-03,Durham Constabulary,Durham Constabulary,-1.556002,54.540726,On or near Marske Grove,E01012352,Darlington 004D,Anti-social behaviour,,
,2011-03,Durham Constabulary,Durham Constabulary,-1.558337,54.543494,On or near I'Anson Street,E01012352,Darlington 004D,Anti-social behaviour,,
,2011-03,Durham Constabulary,Durham Constabulary,-1.554362,54.542374,On or near Haig Street,E01012352,Darlington 004D,Anti-social behaviour,,
,2011-03,Durham Constabulary,Durham Constabulary,-1.558451,54.542982,On or near Spring Hill,E01012352,Darlington 004D,Anti-social behaviour,,
,2011-03,Durham Constabulary,Durham Constabulary,-1.553589,54.540888,On or near Derby Street,E01012352,Darlington 004D,Anti-social behaviour,,
,2011-03,Durham Constabulary,Durham Constabulary,-1.558451,54.542982,On or near Spring Hill,E01012352,Darlington 004D,Anti-social behaviour,,
,2011-03,Durham Constabulary,Durham Constabulary,-1.557518,54.540660,On or near Sheraton Street,E01012352,Darlington 004D,Anti-social behaviour,,
,2011-03,Durham Constabulary,Durham Constabulary,-1.558337,54.543494,On or near I'Anson Street,E01012352,Darlington 004D,Anti-social behaviour,,
,2011-03,Durham Constabulary,Durham Constabulary,-1.557518,54.540660,On or near Sheraton Street,E01012352,Darlington 004D,Anti-social behaviour,,
,2011-03,Durham Constabulary,Durham Constabulary,-1.558451,54.542982,On or near Spring Hill,E01012352,Darlington 004D,Anti-social behaviour,,
,2011-03,Durham Constabulary,Durham Constabulary,-1.558451,54.542982,On or near Spring Hill,E01012352,Darlington 004D,Anti-social behaviour,,
,2011-03,Durham Constabulary,Durham Constabulary,-1.558451,54.542982,On or near Spring Hill,E01012352,Darlington 004D,Anti-social behaviour,,
,2011-03,Durham Constabulary,Durham Constabulary,-1.558479,54.541805,On or near Whessoe Road,E01012352,Darlington 004D,Anti-social behaviour,,
,2011-03,Durham Constabulary,Durham Constabulary,-1.554157,54.541285,On or near Eldon Street,E01012352,Darlington 004D,Anti-social behaviour,,
,2011-03,Durham Constabulary,Durham Constabulary,-1.557518,54.540660,On or near Sheraton Street,E01012352,Darlington 004D,Anti-social behaviour,,
,2011-03,Durham Constabulary,Durham Constabulary,-1.554157,54.541285,On or near Eldon Street,E01012352,Darlington 004D,Anti-social behaviour,,
,2011-03,Durham Constabulary,Durham Constabulary,-1.556002,54.540726,On or near Marske Grove,E01012352,Darlington 004D,Anti-social behaviour,,
,2011-03,Durham Constabulary,Durham Constabulary,-1.558479,54.541805,On or near Whessoe Road,E01012352,Darlington 004D,Anti-social behaviour,,
,2011-03,Durham Constabulary,Durham Constabulary,-1.554157,54.541285,On or near Eldon Street,E01012352,Darlington 004D,Anti-social behaviour,,
,2011-03,Durham Constabulary,Durham Constabulary,-1.554362,54.542374,On or near Haig Street,E01012352,Darlington 004D,Anti-social behaviour,,
,2011-03,Durham Constabulary,Durham Constabulary,-1.554157,54.541285,On or near Eldon Street,E01012352,Darlington 004D,Anti-social behaviour,,
,2011-03,Durham Constabulary,Durham Constabulary,-1.554157,54.541285,On or near Eldon Street,E01012352,Darlington 004D,Anti-social behaviour,,
,2011-03,Durham Constabulary,Durham Constabulary,-1.554157,54.541285,On or near Eldon Street,E01012352,Darlington 004D,Anti-social behaviour,,
,2011-03,Durham Constabulary,Durham Constabulary,-1.557518,54.540660,On or near Sheraton Street,E01012352,Darlington 004D,Burglary,,
,2011-03,Durham Constabulary,Durham Constabulary,-1.558451,54.542982,On or near Spring Hill,E01012352,Darlington 004D,Burglary,,
,2011-03,Durham Constabulary,Durham Constabulary,-1.556002,54.540726,On or near Marske Grove,E01012352,Darlington 004D,Burglary,,
,2011-03,Durham Constabulary,Durham Constabulary,-1.558337,54.543494,On or near I'Anson Street,E01012352,Darlington 004D,Vehicle crime,,
,2011-03,Durham Constabulary,Durham Constabulary,-1.554409,54.540855,On or near Westmoreland Street,E01012352,Darlington 004D,Vehicle crime,,
,2011-03,Durham Constabulary,Durham Constabulary,-1.557518,54.540660,On or near Sheraton Street,E01012352,Darlington 004D,Vehicle crime,,
,2011-03,Durham Constabulary,Durham Constabulary,-1.553589,54.540888,On or near Derby Street,E01012352,Darlington 004D,Violent crime,,
,2011-03,Durham Constabulary,Durham Constabulary,-1.558479,54.541805,On or near Whessoe Road,E01012352,Darlington 004D,Other crime,,
,2011-03,Durham Constabulary,Durham Constabulary,-1.558479,54.541805,On or near Whessoe Road,E01012352,Darlington 004D,Other crime,,
,2011-03,Durham Constabulary,Durham Constabulary,-1.558479,54.541805,On or near Whessoe Road,E01012352,Darlington 004D,Other crime,,
,2011-03,Durham Constabulary,Durham Constabulary,-1.557518,54.540660,On or near Sheraton Street,E01012352,Darlington 004D,Other crime,,
,2011-03,Durham Constabulary,Durham Constabulary,-1.558479,54.541805,On or near Whessoe Road,E01012352,Darlington 004D,Other crime,,
,2011-03,Durham Constabulary,Durham Constabulary,-1.554362,54.542374,On or near Haig Street,E01012352,Darlington 004D,Other crime,,
,2011-03,Durham Constabulary,Durham Constabulary,-1.557518,54.540660,On or near Sheraton Street,E01012352,Darlington 004D,Other crime,,
,2011-03,Durham Constabulary,Durham Constabulary,-1.554157,54.541285,On or near Eldon Street,E01012352,Darlington 004D,Other crime,,
,2011-03,Durham Constabulary,Durham Constabulary,-1.558451,54.542982,On or near Spring Hill,E01012352,Darlington 004D,Other crime,,
,2011-03,Durham Constabulary,Durham Constabulary,-1.557518,54.540660,On or near Sheraton Street,E01012352,Darlington 004D,Other crime,,
,2011-03,Durham Constabulary,Durham Constabulary,-1.554409,54.540855,On or near Westmoreland Street,E01012352,Darlington 004D,Other crime,,
,2011-03,Durham Constabulary,Durham Constabulary,-1.556002,54.540726,On or near Marske Grove,E01012352,Darlington 004D,Other crime,,
,2011-03,Durham Constabulary,Durham Constabulary,-1.556002,54.540726,On or near Marske Grove,E01012352,Darlington 004D,Other crime,,
,2011-03,Durham Constabulary,Durham Constabulary,-1.558337,54.543494,On or near I'Anson Street,E01012352,Darlington 004D,Other crime,,
,2011-03,Durham Constabulary,Durham Constabulary,-1.522212,54.538279,On or near Rymers Court,E01012325,Darlington 005A,Anti-social behaviour,,
,2011-03,Durham Constabulary,Durham Constabulary,-1.517869,54.538315,On or near Leicester Grove,E01012325,Darlington 005A,Anti-social behaviour,,
,2011-03,Durham Constabulary,Durham Constabulary,-1.522212,54.538279,On or near Rymers Court,E01012325,Darlington 005A,Anti-social behaviour,,
,2011-03,Durham Constabulary,Durham Constabulary,-1.517991,54.537130,On or near Southwell Green,E01012325,Darlington 005A,Anti-social behaviour,,
,2011-03,Durham Constabulary,Durham Constabulary,-1.517869,54.538315,On or near Leicester Grove,E01012325,Darlington 005A,Anti-social behaviour,,
,2011-03,Durham Constabulary,Durham Constabulary,-1.522212,54.538279,On or near Rymers Court,E01012325,Darlington 005A,Anti-social behaviour,,
,2011-03,Durham Constabulary,Durham Constabulary,-1.517448,54.539967,On or near Stockton Road,E01012325,Darlington 005A,Vehicle crime,,
,2011-03,Durham Constabulary,Durham Constabulary,-1.522507,54.539556,On or near Welbeck Avenue,E01012325,Darlington 005A,Violent crime,,
,2011-03,Durham Constabulary,Durham Constabulary,-1.517991,54.537130,On or near Southwell Green,E01012325,Darlington 005A,Other crime,,
,2011-03,Durham Constabulary,Durham Constabulary,-1.522212,54.538279,On or near Rymers Court,E01012325,Darlington 005A,Other crime,,
,2011-03,Durham Constabulary,Durham Constabulary,-1.514845,54.539184,On or near Winchester Way,E01012325,Darlington 005A,Other crime,,
,2011-03,Durham Constabulary,Durham Constabulary,-1.522212,54.538279,On or near Rymers Court,E01012325,Darlington 005A,Other crime,,
,2011-03,Durham Constabulary,Durham Constabulary,-1.525520,54.539577,On or near Dunelm Walk,E01012326,Darlington 005B,Anti-social behaviour,,
,2011-03,Durham Constabulary,Durham Constabulary,-1.527060,54.537426,On or near Cottage Mews,E01012326,Darlington 005B,Anti-social behaviour,,
,2011-03,Durham Constabulary,Durham Constabulary,-1.525520,54.539577,On or near Dunelm Walk,E01012326,Darlington 005B,Anti-social behaviour,,
,2011-03,Durham Constabulary,Durham Constabulary,-1.525520,54.539577,On or near Dunelm Walk,E01012326,Darlington 005B,Anti-social behaviour,,
,2011-03,Durham Constabulary,Durham Constabulary,-1.525520,54.539577,On or near Dunelm Walk,E01012326,Darlington 005B,Anti-social behaviour,,
,2011-03,Durham Constabulary,Durham Constabulary,-1.525520,54.539577,On or near Dunelm Walk,E01012326,Darlington 005B,Anti-social behaviour,,
,2011-03,Durham Constabulary,Durham Constabulary,-1.525520,54.539577,On or near Dunelm Walk,E01012326,Darlington 005B,Anti-social behaviour,,
,2011-03,Durham Constabulary,Durham Constabulary,-1.519778,54.540282,On or near Feetham Avenue,E01012326,Darlington 005B,Anti-social behaviour,,
,2011-03,Durham Constabulary,Durham Constabulary,-1.527060,54.537426,On or near Cottage Mews,E01012326,Darlington 005B,Anti-social behaviour,,
,2011-03,Durham Constabulary,Durham Constabulary,-1.525520,54.539577,On or near Dunelm Walk,E01012326,Darlington 005B,Anti-social behaviour,,
,2011-03,Durham Constabulary,Durham Constabulary,-1.525520,54.539577,On or near Dunelm Walk,E01012326,Darlington 005B,Anti-social behaviour,,
,2011-03,Durham Constabulary,Durham Constabulary,-1.519778,54.540282,On or near Feetham Avenue,E01012326,Darlington 005B,Anti-social behaviour,,
,2011-03,Durham Constabulary,Durham Constabulary,-1.528709,54.537855,On or near Salters Avenue,E01012326,Darlington 005B,Burglary,,
,2011-03,Durham Constabulary,Durham Constabulary,-1.519778,54.540282,On or near Feetham Avenue,E01012326,Darlington 005B,Vehicle crime,,
,2011-03,Durham Constabulary,Durham Constabulary,-1.525520,54.539577,On or near Dunelm Walk,E01012326,Darlington 005B,Violent crime,,
,2011-03,Durham Constabulary,Durham Constabulary,-1.525520,54.539577,On or near Dunelm Walk,E01012326,Darlington 005B,Other crime,,
,2011-03,Durham Constabulary,Durham Constabulary,-1.519778,54.540282,On or near Feetham Avenue,E01012326,Darlington 005B,Other crime,,
,2011-03,Durham Constabulary,Durham Constabulary,-1.525520,54.539577,On or near Dunelm Walk,E01012326,Darlington 005B,Other crime,,
,2011-03,Durham Constabulary,Durham Constabulary,-1.525520,54.539577,On or near Dunelm Walk,E01012326,Darlington 005B,Other crime,,
,2011-03,Durham Constabulary,Durham Constabulary,-1.519778,54.540282,On or near Feetham Avenue,E01012326,Darlington 005B,Other crime,,
,2011-03,Durham Constabulary,Durham Constabulary,-1.533047,54.545052,On or near Gilsland Crescent,E01012332,Darlington 005C,Anti-social behaviour,,
,2011-03,Durham Constabulary,Durham Constabulary,-1.533948,54.544633,On or near Otterburn Close,E01012332,Darlington 005C,Anti-social behaviour,,
,2011-03,Durham Constabulary,Durham Constabulary,-1.525019,54.545470,On or near Whinbush Way,E01012332,Darlington 005C,Anti-social behaviour,,
,2011-03,Durham Constabulary,Durham Constabulary,-1.534837,54.543945,On or near Springfield Road,E01012332,Darlington 005C,Anti-social behaviour,,
,2011-03,Durham Constabulary,Durham Constabulary,-1.531793,54.542531,On or near Corbridge Crescent,E01012332,Darlington 005C,Anti-social behaviour,,
,2011-03,Durham Constabulary,Durham Constabulary,-1.527967,54.543199,On or near Nightingale Avenue,E01012332,Darlington 005C,Anti-social behaviour,,
,2011-03,Durham Constabulary,Durham Constabulary,-1.526919,54.544256,On or near Hardwick Close,E01012332,Darlington 005C,Anti-social behaviour,,
,2011-03,Durham Constabulary,Durham Constabulary,-1.534837,54.543945,On or near Springfield Road,E01012332,Darlington 005C,Violent crime,,
,2011-03,Durham Constabulary,Durham Constabulary,-1.531886,54.543835,On or near Belford Gardens,E01012332,Darlington 005C,Other crime,,
,2011-03,Durham Constabulary,Durham Constabulary,-1.531793,54.542531,On or near Corbridge Crescent,E01012332,Darlington 005C,Other crime,,
,2011-03,Durham Constabulary,Durham Constabulary,-1.527967,54.543199,On or near Nightingale Avenue,E01012332,Darlington 005C,Other crime,,
,2011-03,Durham Constabulary,Durham Constabulary,-1.537988,54.541378,On or near Inglewood Close,E01012333,Darlington 005D,Anti-social behaviour,,
,2011-03,Durham Constabulary,Durham Constabulary,-1.537988,54.541378,On or near Inglewood Close,E01012333,Darlington 005D,Anti-social behaviour,,
,2011-03,Durham Constabulary,Durham Constabulary,-1.536099,54.541676,On or near Martindale Road,E01012333,Darlington 005D,Anti-social behaviour,,
,2011-03,Durham Constabulary,Durham Constabulary,-1.537988,54.541378,On or near Inglewood Close,E01012333,Darlington 005D,Anti-social behaviour,,
,2011-03,Durham Constabulary,Durham Constabulary,-1.531983,54.540734,On or near Bamburgh Place,E01012333,Darlington 005D,Anti-social behaviour,,
,2011-03,Durham Constabulary,Durham Constabulary,-1.531983,54.540734,On or near Bamburgh Place,E01012333,Darlington 005D,Anti-social behaviour,,
,2011-03,Durham Constabulary,Durham Constabulary,-1.537988,54.541378,On or near Inglewood Close,E01012333,Darlington 005D,Burglary,,
,2011-03,Durham Constabulary,Durham Constabulary,-1.534231,54.541516,On or near Mossbank Grove,E01012333,Darlington 005D,Burglary,,
,2011-03,Durham Constabulary,Durham Constabulary,-1.534231,54.541516,On or near Mossbank Grove,E01012333,Darlington 005D,Burglary,,
,2011-03,Durham Constabulary,Durham Constabulary,-1.534231,54.541516,On or near Mossbank Grove,E01012333,Darlington 005D,Burglary,,
,2011-03,Durham Constabulary,Durham Constabulary,-1.533251,54.539301,On or near Wheeldale Close,E01012333,Darlington 005D,Burglary,,
,2011-03,Durham Constabulary,Durham Constabulary,-1.534231,54.541516,On or near Mossbank Grove,E01012333,Darlington 005D,Burglary,,
,2011-03,Durham Constabulary,Durham Constabulary,-1.537988,54.541378,On or near Inglewood Close,E01012333,Darlington 005D,Vehicle crime,,
,2011-03,Durham Constabulary,Durham Constabulary,-1.537988,54.541378,On or near Inglewood Close,E01012333,Darlington 005D,Vehicle crime,,
,2011-03,Durham Constabulary,Durham Constabulary,-1.533044,54.538546,On or near Riverside Way,E01012333,Darlington 005D,Vehicle crime,,
,2011-03,Durham Constabulary,Durham Constabulary,-1.537988,54.541378,On or near Inglewood Close,E01012333,Darlington 005D,Other crime,,
,2011-03,Durham Constabulary,Durham Constabulary,-1.570001,54.539734,On or near Marwood Crescent,E01012309,Darlington 006A,Anti-social behaviour,,
,2011-03,Durham Constabulary,Durham Constabulary,-1.566039,54.540196,On or near Hartington Way,E01012309,Darlington 006A,Anti-social behaviour,,
,2011-03,Durham Constabulary,Durham Constabulary,-1.568633,54.537563,On or near Milkwood Court,E01012309,Darlington 006A,Anti-social behaviour,,
,2011-03,Durham Constabulary,Durham Constabulary,-1.566039,54.540196,On or near Hartington Way,E01012309,Darlington 006A,Anti-social behaviour,,
,2011-03,Durham Constabulary,Durham Constabulary,-1.568633,54.537563,On or near Milkwood Court,E01012309,Darlington 006A,Anti-social behaviour,,
,2011-03,Durham Constabulary,Durham Constabulary,-1.564497,54.538393,On or near Mansley Court,E01012309,Darlington 006A,Anti-social behaviour,,
,2011-03,Durham Constabulary,Durham Constabulary,-1.562227,54.539670,On or near Therby Close,E01012309,Darlington 006A,Anti-social behaviour,,
,2011-03,Durham Constabulary,Durham Constabulary,-1.564497,54.538393,On or near Mansley Court,E01012309,Darlington 006A,Anti-social behaviour,,
,2011-03,Durham Constabulary,Durham Constabulary,-1.563367,54.540043,On or near Aldgrove Way,E01012309,Darlington 006A,Anti-social behaviour,,
,2011-03,Durham Constabulary,Durham Constabulary,-1.564497,54.538393,On or near Mansley Court,E01012309,Darlington 006A,Anti-social behaviour,,
,2011-03,Durham Constabulary,Durham Constabulary,-1.563367,54.540043,On or near Aldgrove Way,E01012309,Darlington 006A,Violent crime,,
,2011-03,Durham Constabulary,Durham Constabulary,-1.561765,54.539480,On or near Hensfield Grove,E01012309,Darlington 006A,Other crime,,
,2011-03,Durham Constabulary,Durham Constabulary,-1.561765,54.539480,On or near Hensfield Grove,E01012309,Darlington 006A,Other crime,,
,2011-03,Durham Constabulary,Durham Constabulary,-1.561765,54.539480,On or near Hensfield Grove,E01012309,Darlington 006A,Other crime,,
,2011-03,Durham Constabulary,Durham Constabulary,-1.566039,54.540196,On or near Hartington Way,E01012309,Darlington 006A,Other crime,,
,2011-03,Durham Constabulary,Durham Constabulary,-1.568633,54.537563,On or near Milkwood Court,E01012309,Darlington 006A,Other crime,,
,2011-03,Durham Constabulary,Durham Constabulary,-1.570001,54.539734,On or near Marwood Crescent,E01012309,Darlington 006A,Other crime,,
,2011-03,Durham Constabulary,Durham Constabulary,-1.563367,54.540043,On or near Aldgrove Way,E01012309,Darlington 006A,Other crime,,
,2011-03,Durham Constabulary,Durham Constabulary,-1.570001,54.539734,On or near Marwood Crescent,E01012309,Darlington 006A,Other crime,,
,2011-03,Durham Constabulary,Durham Constabulary,-1.585610,54.536760,On or near Berrybank Crest,E01012310,Darlington 006B,Anti-social behaviour,,
,2011-03,Durham Constabulary,Durham Constabulary,-1.585690,54.538027,On or near Elvet Place,E01012310,Darlington 006B,Anti-social behaviour,,
,2011-03,Durham Constabulary,Durham Constabulary,-1.585835,54.540544,On or near Meadowfield Road,E01012310,Darlington 006B,Anti-social behaviour,,
,2011-03,Durham Constabulary,Durham Constabulary,-1.579433,54.536298,On or near Prior Dene,E01012310,Darlington 006B,Anti-social behaviour,,
,2011-03,Durham Constabulary,Durham Constabulary,-1.582393,54.540083,On or near Walworth Crescent,E01012310,Darlington 006B,Anti-social behaviour,,
,2011-03,Durham Constabulary,Durham Constabulary,-1.584429,54.535911,On or near Marycourt,E01012310,Darlington 006B,Anti-social behaviour,,
,2011-03,Durham Constabulary,Durham Constabulary,-1.582710,54.539257,On or near Bates Avenue,E01012310,Darlington 006B,Anti-social behaviour,,
,2011-03,Durham Constabulary,Durham Constabulary,-1.584819,54.537108,On or near Redworth Road,E01012310,Darlington 006B,Anti-social behaviour,,
,2011-03,Durham Constabulary,Durham Constabulary,-1.580828,54.540491,On or near Crossfield Road,E01012310,Darlington 006B,Anti-social behaviour,,
,2011-03,Durham Constabulary,Durham Constabulary,-1.584438,54.538041,On or near Cottingham Court,E01012310,Darlington 006B,Anti-social behaviour,,
,2011-03,Durham Constabulary,Durham Constabulary,-1.584438,54.538041,On or near Cottingham Court,E01012310,Darlington 006B,Anti-social behaviour,,
,2011-03,Durham Constabulary,Durham Constabulary,-1.580828,54.540491,On or near Crossfield Road,E01012310,Darlington 006B,Anti-social behaviour,,
,2011-03,Durham Constabulary,Durham Constabulary,-1.587101,54.539174,On or near Nickstream Lane,E01012310,Darlington 006B,Burglary,,
,2011-03,Durham Constabulary,Durham Constabulary,-1.584429,54.535911,On or near Marycourt,E01012310,Darlington 006B,Vehicle crime,,
,2011-03,Durham Constabulary,Durham Constabulary,-1.584438,54.538041,On or near Cottingham Court,E01012310,Darlington 006B,Violent crime,,
,2011-03,Durham Constabulary,Durham Constabulary,-1.582872,54.541586,On or near Amiens Close,E01012310,Darlington 006B,Other crime,,
,2011-03,Durham Constabulary,Durham Constabulary,-1.584429,54.535911,On or near Marycourt,E01012310,Darlington 006B,Other crime,,
,2011-03,Durham Constabulary,Durham Constabulary,-1.578663,54.540564,On or near Bowen Road,E01012310,Darlington 006B,Other crime,,
,2011-03,Durham Constabulary,Durham Constabulary,-1.584452,54.536720,On or near Archdeacon Crescent,E01012310,Darlington 006B,Other crime,,
,2011-03,Durham Constabulary,Durham Constabulary,-1.568320,54.536457,On or near Brinkburn Road,E01012311,Darlington 006C,Anti-social behaviour,,
,2011-03,Durham Constabulary,Durham Constabulary,-1.576038,54.535882,On or near Brinkburn Road,E01012311,Darlington 006C,Anti-social behaviour,,
,2011-03,Durham Constabulary,Durham Constabulary,-1.576038,54.535882,On or near Brinkburn Road,E01012311,Darlington 006C,Anti-social behaviour,,
,2011-03,Durham Constabulary,Durham Constabulary,-1.576976,54.540756,On or near Spring Court,E01012311,Darlington 006C,Anti-social behaviour,,
,2011-03,Durham Constabulary,Durham Constabulary,-1.576038,54.535882,On or near Brinkburn Road,E01012311,Darlington 006C,Anti-social behaviour,,
,2011-03,Durham Constabulary,Durham Constabulary,-1.573507,54.539935,On or near Auckland Oval,E01012311,Darlington 006C,Anti-social behaviour,,
,2011-03,Durham Constabulary,Durham Constabulary,-1.573507,54.539935,On or near Auckland Oval,E01012311,Darlington 006C,Anti-social behaviour,,
,2011-03,Durham Constabulary,Durham Constabulary,-1.573507,54.539935,On or near Auckland Oval,E01012311,Darlington 006C,Anti-social behaviour,,
,2011-03,Durham Constabulary,Durham Constabulary,-1.575737,54.538011,On or near Auckland Avenue,E01012311,Darlington 006C,Violent crime,,
,2011-03,Durham Constabulary,Durham Constabulary,-1.575737,54.538011,On or near Auckland Avenue,E01012311,Darlington 006C,Violent crime,,
,2011-03,Durham Constabulary,Durham Constabulary,-1.572742,54.537749,On or near Bliss Close,E01012311,Darlington 006C,Other crime,,
,2011-03,Durham Constabulary,Durham Constabulary,-1.572742,54.537749,On or near Bliss Close,E01012311,Darlington 006C,Other crime,,
,2011-03,Durham Constabulary,Durham Constabulary,-1.568320,54.536457,On or near Brinkburn Road,E01012311,Darlington 006C,Other crime,,
,2011-03,Durham Constabulary,Durham Constabulary,-1.573507,54.539935,On or near Auckland Oval,E01012311,Darlington 006C,Other crime,,
,2011-03,Durham Constabulary,Durham Constabulary,-1.592823,54.538780,On or near Branksome Hall Drive,E01012312,Darlington 006D,Anti-social behaviour,,
,2011-03,Durham Constabulary,Durham Constabulary,-1.589223,54.540241,On or near Kenilworth Drive,E01012312,Darlington 006D,Anti-social behaviour,,
,2011-03,Durham Constabulary,Durham Constabulary,-1.589223,54.540241,On or near Kenilworth Drive,E01012312,Darlington 006D,Anti-social behaviour,,
,2011-03,Durham Constabulary,Durham Constabulary,-1.588052,54.541397,On or near Warwick Square,E01012312,Darlington 006D,Anti-social behaviour,,
,2011-03,Durham Constabulary,Durham Constabulary,-1.596351,54.539996,On or near Whitby Way,E01012312,Darlington 006D,Anti-social behaviour,,
,2011-03,Durham Constabulary,Durham Constabulary,-1.588052,54.541397,On or near Warwick Square,E01012312,Darlington 006D,Anti-social behaviour,,
,2011-03,Durham Constabulary,Durham Constabulary,-1.591249,54.541623,On or near Arundel Drive,E01012312,Darlington 006D,Anti-social behaviour,,
,2011-03,Durham Constabulary,Durham Constabulary,-1.590148,54.542015,On or near Minors Crescent,E01012312,Darlington 006D,Anti-social behaviour,,
,2011-03,Durham Constabulary,Durham Constabulary,-1.588052,54.541397,On or near Warwick Square,E01012312,Darlington 006D,Anti-social behaviour,,
,2011-03,Durham Constabulary,Durham Constabulary,-1.592823,54.538780,On or near Branksome Hall Drive,E01012312,Darlington 006D,Anti-social behaviour,,
,2011-03,Durham Constabulary,Durham Constabulary,-1.588305,54.540876,On or near Witton Crescent,E01012312,Darlington 006D,Anti-social behaviour,,
,2011-03,Durham Constabulary,Durham Constabulary,-1.591249,54.541623,On or near Arundel Drive,E01012312,Darlington 006D,Anti-social behaviour,,
,2011-03,Durham Constabulary,Durham Constabulary,-1.593213,54.541585,On or near Wentworth Way,E01012312,Darlington 006D,Anti-social behaviour,,
,2011-03,Durham Constabulary,Durham Constabulary,-1.592823,54.538780,On or near Branksome Hall Drive,E01012312,Darlington 006D,Anti-social behaviour,,
,2011-03,Durham Constabulary,Durham Constabulary,-1.596351,54.539996,On or near Whitby Way,E01012312,Darlington 006D,Anti-social behaviour,,
,2011-03,Durham Constabulary,Durham Constabulary,-1.592823,54.538780,On or near Branksome Hall Drive,E01012312,Darlington 006D,Violent crime,,
,2011-03,Durham Constabulary,Durham Constabulary,-1.596373,54.539340,On or near Selby Crescent,E01012312,Darlington 006D,Other crime,,
,2011-03,Durham Constabulary,Durham Constabulary,-1.588305,54.540876,On or near Witton Crescent,E01012312,Darlington 006D,Other crime,,
,2011-03,Durham Constabulary,Durham Constabulary,-1.596373,54.539340,On or near Selby Crescent,E01012312,Darlington 006D,Other crime,,
,2011-03,Durham Constabulary,Durham Constabulary,-1.588052,54.541397,On or near Warwick Square,E01012312,Darlington 006D,Other crime,,
,2011-03,Durham Constabulary,Durham Constabulary,-1.593213,54.541585,On or near Wentworth Way,E01012312,Darlington 006D,Other crime,,
,2011-03,Durham Constabulary,Durham Constabulary,-1.590558,54.538080,On or near Easby Place,E01012313,Darlington 006E,Anti-social behaviour,,
,2011-03,Durham Constabulary,Durham Constabulary,-1.588292,54.535969,On or near Dryburgh View,E01012313,Darlington 006E,Anti-social behaviour,,
,2011-03,Durham Constabulary,Durham Constabulary,-1.580876,54.534263,On or near Cockerton Green,E01012313,Darlington 006E,Anti-social behaviour,,
,2011-03,Durham Constabulary,Durham Constabulary,-1.593976,54.537867,On or near Bylands Way,E01012313,Darlington 006E,Anti-social behaviour,,
,2011-03,Durham Constabulary,Durham Constabulary,-1.587720,54.537558,On or near Newton Lane,E01012313,Darlington 006E,Anti-social behaviour,,
,2011-03,Durham Constabulary,Durham Constabulary,-1.589027,54.536673,On or near Kirkstall Crescent,E01012313,Darlington 006E,Anti-social behaviour,,
,2011-03,Durham Constabulary,Durham Constabulary,-1.593976,54.537867,On or near Bylands Way,E01012313,Darlington 006E,Anti-social behaviour,,
,2011-03,Durham Constabulary,Durham Constabulary,-1.590558,54.538080,On or near Easby Place,E01012313,Darlington 006E,Anti-social behaviour,,
,2011-03,Durham Constabulary,Durham Constabulary,-1.590558,54.538080,On or near Easby Place,E01012313,Darlington 006E,Anti-social behaviour,,
,2011-03,Durham Constabulary,Durham Constabulary,-1.580876,54.534263,On or near Cockerton Green,E01012313,Darlington 006E,Anti-social behaviour,,
,2011-03,Durham Constabulary,Durham Constabulary,-1.580876,54.534263,On or near Cockerton Green,E01012313,Darlington 006E,Anti-social behaviour,,
,2011-03,Durham Constabulary,Durham Constabulary,-1.590558,54.538080,On or near Easby Place,E01012313,Darlington 006E,Other crime,,
,2011-03,Durham Constabulary,Durham Constabulary,-1.590558,54.538080,On or near Easby Place,E01012313,Darlington 006E,Other crime,,
,2011-03,Durham Constabulary,Durham Constabulary,-1.580876,54.534263,On or near Cockerton Green,E01012313,Darlington 006E,Other crime,,
,2011-03,Durham Constabulary,Durham Constabulary,-1.587720,54.537558,On or near Newton Lane,E01012313,Darlington 006E,Other crime,,
,2011-03,Durham Constabulary,Durham Constabulary,-1.580876,54.534263,On or near Cockerton Green,E01012313,Darlington 006E,Other crime,,
,2011-03,Durham Constabulary,Durham Constabulary,-1.593976,54.537867,On or near Bylands Way,E01012313,Darlington 006E,Other crime,,
,2011-03,Durham Constabulary,Durham Constabulary,-1.591419,54.540105,On or near Berwick Road,E01012313,Darlington 006E,Other crime,,
,2011-03,Durham Constabulary,Durham Constabulary,-1.599644,54.541408,On or near Jedburgh Drive,E01012314,Darlington 006F,Anti-social behaviour,,
,2011-03,Durham Constabulary,Durham Constabulary,-1.600668,54.540998,On or near Tintern Avenue,E01012314,Darlington 006F,Anti-social behaviour,,
,2011-03,Durham Constabulary,Durham Constabulary,-1.601824,54.538180,On or near Sherborne Close,E01012314,Darlington 006F,Anti-social behaviour,,
,2011-03,Durham Constabulary,Durham Constabulary,-1.599037,54.538755,On or near Dunster Close,E01012314,Darlington 006F,Anti-social behaviour,,
,2011-03,Durham Constabulary,Durham Constabulary,-1.596750,54.538631,On or near Ampleforth Way,E01012314,Darlington 006F,Anti-social behaviour,,
,2011-03,Durham Constabulary,Durham Constabulary,-1.602553,54.539513,On or near Malvern Crescent,E01012314,Darlington 006F,Anti-social behaviour,,
,2011-03,Durham Constabulary,Durham Constabulary,-1.596750,54.538631,On or near Ampleforth Way,E01012314,Darlington 006F,Anti-social behaviour,,
,2011-03,Durham Constabulary,Durham Constabulary,-1.598397,54.539355,On or near Atherstone Way,E01012314,Darlington 006F,Anti-social behaviour,,
,2011-03,Durham Constabulary,Durham Constabulary,-1.596750,54.538631,On or near Ampleforth Way,E01012314,Darlington 006F,Anti-social behaviour,,
,2011-03,Durham Constabulary,Durham Constabulary,-1.601982,54.541057,On or near Marrick Avenue,E01012314,Darlington 006F,Anti-social behaviour,,
,2011-03,Durham Constabulary,Durham Constabulary,-1.601982,54.541057,On or near Marrick Avenue,E01012314,Darlington 006F,Burglary,,
,2011-03,Durham Constabulary,Durham Constabulary,-1.600668,54.540998,On or near Tintern Avenue,E01012314,Darlington 006F,Burglary,,
,2011-03,Durham Constabulary,Durham Constabulary,-1.596750,54.538631,On or near Ampleforth Way,E01012314,Darlington 006F,Burglary,,
,2011-03,Durham Constabulary,Durham Constabulary,-1.600287,54.538876,On or near Sawley Close,E01012314,Darlington 006F,Other crime,,
,2011-03,Durham Constabulary,Durham Constabulary,-1.600287,54.538876,On or near Sawley Close,E01012314,Darlington 006F,Other crime,,
,2011-03,Durham Constabulary,Durham Constabulary,-1.598440,54.541243,On or near Hexham Way,E01012314,Darlington 006F,Other crime,,
,2011-03,Durham Constabulary,Durham Constabulary,-1.601824,54.538180,On or near Sherborne Close,E01012314,Darlington 006F,Other crime,,
,2011-03,Durham Constabulary,Durham Constabulary,-1.596750,54.538631,On or near Ampleforth Way,E01012314,Darlington 006F,Other crime,,
,2011-03,Durham Constabulary,Durham Constabulary,-1.599493,54.541084,On or near Ellerton Close,E01012314,Darlington 006F,Other crime,,
,2011-03,Durham Constabulary,Durham Constabulary,-1.562178,54.535626,On or near Sedgwick Street,E01012362,Darlington 007A,Anti-social behaviour,,
,2011-03,Durham Constabulary,Durham Constabulary,-1.557733,54.536446,On or near Anns Terrace,E01012362,Darlington 007A,Anti-social behaviour,,
,2011-03,Durham Constabulary,Durham Constabulary,-1.562178,54.535626,On or near Sedgwick Street,E01012362,Darlington 007A,Anti-social behaviour,,
,2011-03,Durham Constabulary,Durham Constabulary,-1.557733,54.536446,On or near Anns Terrace,E01012362,Darlington 007A,Anti-social behaviour,,
,2011-03,Durham Constabulary,Durham Constabulary,-1.556249,54.535092,On or near Hopetown Lane,E01012362,Darlington 007A,Anti-social behaviour,,
,2011-03,Durham Constabulary,Durham Constabulary,-1.558913,54.535965,On or near Harcourt Street,E01012362,Darlington 007A,Anti-social behaviour,,
,2011-03,Durham Constabulary,Durham Constabulary,-1.557733,54.536446,On or near Anns Terrace,E01012362,Darlington 007A,Anti-social behaviour,,
,2011-03,Durham Constabulary,Durham Constabulary,-1.558765,54.535326,On or near Surtees Street,E01012362,Darlington 007A,Anti-social behaviour,,
,2011-03,Durham Constabulary,Durham Constabulary,-1.560352,54.535790,On or near Wilson Street,E01012362,Darlington 007A,Anti-social behaviour,,
,2011-03,Durham Constabulary,Durham Constabulary,-1.562178,54.535626,On or near Sedgwick Street,E01012362,Darlington 007A,Anti-social behaviour,,
,2011-03,Durham Constabulary,Durham Constabulary,-1.562107,54.536471,On or near Coronation Street,E01012362,Darlington 007A,Anti-social behaviour,,
,2011-03,Durham Constabulary,Durham Constabulary,-1.556249,54.535092,On or near Hopetown Lane,E01012362,Darlington 007A,Burglary,,
,2011-03,Durham Constabulary,Durham Constabulary,-1.558765,54.535326,On or near Surtees Street,E01012362,Darlington 007A,Burglary,,
,2011-03,Durham Constabulary,Durham Constabulary,-1.562107,54.536471,On or near Coronation Street,E01012362,Darlington 007A,Burglary,,
,2011-03,Durham Constabulary,Durham Constabulary,-1.556249,54.535092,On or near Hopetown Lane,E01012362,Darlington 007A,Robbery,,
,2011-03,Durham Constabulary,Durham Constabulary,-1.557733,54.536446,On or near Anns Terrace,E01012362,Darlington 007A,Violent crime,,
,2011-03,Durham Constabulary,Durham Constabulary,-1.562178,54.535626,On or near Sedgwick Street,E01012362,Darlington 007A,Violent crime,,
,2011-03,Durham Constabulary,Durham Constabulary,-1.562178,54.535626,On or near Sedgwick Street,E01012362,Darlington 007A,Violent crime,,
,2011-03,Durham Constabulary,Durham Constabulary,-1.557733,54.536446,On or near Anns Terrace,E01012362,Darlington 007A,Violent crime,,
,2011-03,Durham Constabulary,Durham Constabulary,-1.558765,54.535326,On or near Surtees Street,E01012362,Darlington 007A,Other crime,,
,2011-03,Durham Constabulary,Durham Constabulary,-1.561032,54.535802,On or near Chandos Street,E01012362,Darlington 007A,Other crime,,
,2011-03,Durham Constabulary,Durham Constabulary,-1.561032,54.535802,On or near Chandos Street,E01012362,Darlington 007A,Other crime,,
,2011-03,Durham Constabulary,Durham Constabulary,-1.562178,54.535626,On or near Sedgwick Street,E01012362,Darlington 007A,Other crime,,
,2011-03,Durham Constabulary,Durham Constabulary,-1.558765,54.535326,On or near Surtees Street,E01012362,Darlington 007A,Other crime,,
,2011-03,Durham Constabulary,Durham Constabulary,-1.559624,54.535958,On or near Barron Street,E01012362,Darlington 007A,Other crime,,
,2011-03,Durham Constabulary,Durham Constabulary,-1.561032,54.535802,On or near Chandos Street,E01012362,Darlington 007A,Other crime,,
,2011-03,Durham Constabulary,Durham Constabulary,-1.569133,54.535516,On or near Coniston Street,E01012363,Darlington 007B,Anti-social behaviour,,
,2011-03,Durham Constabulary,Durham Constabulary,-1.565519,54.535297,On or near Willow Road,E01012363,Darlington 007B,Anti-social behaviour,,
,2011-03,Durham Constabulary,Durham Constabulary,-1.563496,54.535199,On or near Willow Road East,E01012363,Darlington 007B,Anti-social behaviour,,
,2011-03,Durham Constabulary,Durham Constabulary,-1.563610,54.536045,On or near Harrison Terrace,E01012363,Darlington 007B,Anti-social behaviour,,
,2011-03,Durham Constabulary,Durham Constabulary,-1.563610,54.536045,On or near Harrison Terrace,E01012363,Darlington 007B,Burglary,,
,2011-03,Durham Constabulary,Durham Constabulary,-1.568360,54.535612,On or near Acacia Street,E01012363,Darlington 007B,Burglary,,
,2011-03,Durham Constabulary,Durham Constabulary,-1.568360,54.535612,On or near Acacia Street,E01012363,Darlington 007B,Vehicle crime,,
,2011-03,Durham Constabulary,Durham Constabulary,-1.567601,54.535717,On or near Hamsterley Street,E01012363,Darlington 007B,Vehicle crime,,
,2011-03,Durham Constabulary,Durham Constabulary,-1.563610,54.536045,On or near Harrison Terrace,E01012363,Darlington 007B,Violent crime,,
,2011-03,Durham Constabulary,Durham Constabulary,-1.565249,54.535979,On or near Major Street,E01012363,Darlington 007B,Violent crime,,
,2011-03,Durham Constabulary,Durham Constabulary,-1.571577,54.535291,On or near Cedar Road,E01012363,Darlington 007B,Other crime,,
,2011-03,Durham Constabulary,Durham Constabulary,-1.563610,54.536045,On or near Harrison Terrace,E01012363,Darlington 007B,Other crime,,
,2011-03,Durham Constabulary,Durham Constabulary,-1.565923,54.533644,On or near Craig Street,E01012364,Darlington 007C,Anti-social behaviour,,
,2011-03,Durham Constabulary,Durham Constabulary,-1.568955,54.531867,On or near Tower Road,E01012364,Darlington 007C,Anti-social behaviour,,
,2011-03,Durham Constabulary,Durham Constabulary,-1.565923,54.533644,On or near Craig Street,E01012364,Darlington 007C,Anti-social behaviour,,
,2011-03,Durham Constabulary,Durham Constabulary,-1.565923,54.533644,On or near Craig Street,E01012364,Darlington 007C,Anti-social behaviour,,
,2011-03,Durham Constabulary,Durham Constabulary,-1.563996,54.533242,On or near Reid Street,E01012364,Darlington 007C,Anti-social behaviour,,
,2011-03,Durham Constabulary,Durham Constabulary,-1.563996,54.533242,On or near Reid Street,E01012364,Darlington 007C,Anti-social behaviour,,
,2011-03,Durham Constabulary,Durham Constabulary,-1.563104,54.532852,On or near Rosebery Street,E01012364,Darlington 007C,Anti-social behaviour,,
,2011-03,Durham Constabulary,Durham Constabulary,-1.567973,54.531198,On or near Oakhurst Road,E01012364,Darlington 007C,Anti-social behaviour,,
,2011-03,Durham Constabulary,Durham Constabulary,-1.569225,54.532722,On or near Orchard Road,E01012364,Darlington 007C,Burglary,,
,2011-03,Durham Constabulary,Durham Constabulary,-1.568955,54.531867,On or near Tower Road,E01012364,Darlington 007C,Burglary,,
,2011-03,Durham Constabulary,Durham Constabulary,-1.565095,54.534477,On or near Newfoundland Street,E01012364,Darlington 007C,Burglary,,
,2011-03,Durham Constabulary,Durham Constabulary,-1.568462,54.533213,On or near Vine Street,E01012364,Darlington 007C,Burglary,,
,2011-03,Durham Constabulary,Durham Constabulary,-1.565923,54.533644,On or near Craig Street,E01012364,Darlington 007C,Vehicle crime,,
,2011-03,Durham Constabulary,Durham Constabulary,-1.567973,54.531198,On or near Oakhurst Road,E01012364,Darlington 007C,Violent crime,,
,2011-03,Durham Constabulary,Durham Constabulary,-1.568462,54.533213,On or near Vine Street,E01012364,Darlington 007C,Violent crime,,
,2011-03,Durham Constabulary,Durham Constabulary,-1.567973,54.531198,On or near Oakhurst Road,E01012364,Darlington 007C,Violent crime,,
,2011-03,Durham Constabulary,Durham Constabulary,-1.567973,54.531198,On or near Oakhurst Road,E01012364,Darlington 007C,Violent crime,,
,2011-03,Durham Constabulary,Durham Constabulary,-1.565923,54.533644,On or near Craig Street,E01012364,Darlington 007C,Other crime,,
,2011-03,Durham Constabulary,Durham Constabulary,-1.566342,54.533529,On or near Vancouver Street,E01012364,Darlington 007C,Other crime,,
,2011-03,Durham Constabulary,Durham Constabulary,-1.563104,54.532852,On or near Rosebery Street,E01012364,Darlington 007C,Other crime,,
,2011-03,Durham Constabulary,Durham Constabulary,-1.570515,54.533409,On or near Pierremont Road,E01012364,Darlington 007C,Other crime,,
,2011-03,Durham Constabulary,Durham Constabulary,-1.570515,54.533409,On or near Pierremont Road,E01012364,Darlington 007C,Other crime,,
,2011-03,Durham Constabulary,Durham Constabulary,-1.578413,54.534857,On or near West Auckland Road,E01012365,Darlington 007D,Anti-social behaviour,,
,2011-03,Durham Constabulary,Durham Constabulary,-1.573282,54.533329,On or near Deneside Road,E01012365,Darlington 007D,Anti-social behaviour,,
,2011-03,Durham Constabulary,Durham Constabulary,-1.573282,54.533329,On or near Deneside Road,E01012365,Darlington 007D,Anti-social behaviour,,
,2011-03,Durham Constabulary,Durham Constabulary,-1.573282,54.533329,On or near Deneside Road,E01012365,Darlington 007D,Burglary,,
,2011-03,Durham Constabulary,Durham Constabulary,-1.577574,54.535240,On or near Moorlands Road,E01012365,Darlington 007D,Violent crime,,
,2011-03,Durham Constabulary,Durham Constabulary,-1.573098,54.534730,On or near Banklands Road,E01012365,Darlington 007D,Other crime,,
,2011-03,Durham Constabulary,Durham Constabulary,-1.578413,54.534857,On or near West Auckland Road,E01012365,Darlington 007D,Other crime,,
,2011-03,Durham Constabulary,Durham Constabulary,-1.577574,54.535240,On or near Moorlands Road,E01012365,Darlington 007D,Other crime,,
,2011-03,Durham Constabulary,Durham Constabulary,-1.559472,54.532839,On or near Marshall Street,E01012353,Darlington 008B,Anti-social behaviour,,
,2011-03,Durham Constabulary,Durham Constabulary,-1.560889,54.531892,On or near Salisbury Terrace,E01012353,Darlington 008B,Anti-social behaviour,,
,2011-03,Durham Constabulary,Durham Constabulary,-1.558048,54.533068,On or near Bartlett Street,E01012353,Darlington 008B,Anti-social behaviour,,
,2011-03,Durham Constabulary,Durham Constabulary,-1.560889,54.531892,On or near Salisbury Terrace,E01012353,Darlington 008B,Anti-social behaviour,,
,2011-03,Durham Constabulary,Durham Constabulary,-1.561622,54.532631,On or near Beaconsfield Street,E01012353,Darlington 008B,Anti-social behaviour,,
,2011-03,Durham Constabulary,Durham Constabulary,-1.560889,54.531892,On or near Salisbury Terrace,E01012353,Darlington 008B,Anti-social behaviour,,
,2011-03,Durham Constabulary,Durham Constabulary,-1.560889,54.531892,On or near Salisbury Terrace,E01012353,Darlington 008B,Anti-social behaviour,,
,2011-03,Durham Constabulary,Durham Constabulary,-1.560889,54.531892,On or near Salisbury Terrace,E01012353,Darlington 008B,Anti-social behaviour,,
,2011-03,Durham Constabulary,Durham Constabulary,-1.559462,54.530934,On or near Oaklands Terrace,E01012353,Darlington 008B,Anti-social behaviour,,
,2011-03,Durham Constabulary,Durham Constabulary,-1.560199,54.532806,On or near Barningham Street,E01012353,Darlington 008B,Anti-social behaviour,,
,2011-03,Durham Constabulary,Durham Constabulary,-1.561622,54.532631,On or near Beaconsfield Street,E01012353,Darlington 008B,Anti-social behaviour,,
,2011-03,Durham Constabulary,Durham Constabulary,-1.560889,54.531892,On or near Salisbury Terrace,E01012353,Darlington 008B,Anti-social behaviour,,
,2011-03,Durham Constabulary,Durham Constabulary,-1.561622,54.532631,On or near Beaconsfield Street,E01012353,Darlington 008B,Anti-social behaviour,,
,2011-03,Durham Constabulary,Durham Constabulary,-1.561622,54.532631,On or near Beaconsfield Street,E01012353,Darlington 008B,Anti-social behaviour,,
,2011-03,Durham Constabulary,Durham Constabulary,-1.561622,54.532631,On or near Beaconsfield Street,E01012353,Darlington 008B,Anti-social behaviour,,
,2011-03,Durham Constabulary,Durham Constabulary,-1.561622,54.532631,On or near Beaconsfield Street,E01012353,Darlington 008B,Anti-social behaviour,,
,2011-03,Durham Constabulary,Durham Constabulary,-1.560199,54.532806,On or near Barningham Street,E01012353,Darlington 008B,Burglary,,
,2011-03,Durham Constabulary,Durham Constabulary,-1.560889,54.531892,On or near Salisbury Terrace,E01012353,Darlington 008B,Robbery,,
,2011-03,Durham Constabulary,Durham Constabulary,-1.560199,54.532806,On or near Barningham Street,E01012353,Darlington 008B,Violent crime,,
,2011-03,Durham Constabulary,Durham Constabulary,-1.559472,54.532839,On or near Marshall Street,E01012353,Darlington 008B,Violent crime,,
,2011-03,Durham Constabulary,Durham Constabulary,-1.560889,54.531892,On or near Salisbury Terrace,E01012353,Darlington 008B,Violent crime,,
,2011-03,Durham Constabulary,Durham Constabulary,-1.557319,54.533317,On or near Mildred Street,E01012353,Darlington 008B,Other crime,,
,2011-03,Durham Constabulary,Durham Constabulary,-1.560889,54.531892,On or near Salisbury Terrace,E01012353,Darlington 008B,Other crime,,
,2011-03,Durham Constabulary,Durham Constabulary,-1.559462,54.530934,On or near Oaklands Terrace,E01012353,Darlington 008B,Other crime,,
,2011-03,Durham Constabulary,Durham Constabulary,-1.560889,54.531892,On or near Salisbury Terrace,E01012353,Darlington 008B,Other crime,,
,2011-03,Durham Constabulary,Durham Constabulary,-1.558048,54.533068,On or near Bartlett Street,E01012353,Darlington 008B,Other crime,,
,2011-03,Durham Constabulary,Durham Constabulary,-1.560889,54.531892,On or near Salisbury Terrace,E01012353,Darlington 008B,Other crime,,
,2011-03,Durham Constabulary,Durham Constabulary,-1.560199,54.532806,On or near Barningham Street,E01012353,Darlington 008B,Other crime,,
,2011-03,Durham Constabulary,Durham Constabulary,-1.560889,54.531892,On or near Salisbury Terrace,E01012353,Darlington 008B,Other crime,,
,2011-03,Durham Constabulary,Durham Constabulary,-1.560889,54.531892,On or near Salisbury Terrace,E01012353,Darlington 008B,Other crime,,
,2011-03,Durham Constabulary,Durham Constabulary,-1.559272,54.531320,On or near Kingston Street,E01012353,Darlington 008B,Other crime,,
,2011-03,Durham Constabulary,Durham Constabulary,-1.560889,54.531892,On or near Salisbury Terrace,E01012353,Darlington 008B,Other crime,,
,2011-03,Durham Constabulary,Durham Constabulary,-1.560889,54.531892,On or near Salisbury Terrace,E01012353,Darlington 008B,Other crime,,
,2011-03,Durham Constabulary,Durham Constabulary,-1.560889,54.531892,On or near Salisbury Terrace,E01012353,Darlington 008B,Other crime,,
,2011-03,Durham Constabulary,Durham Constabulary,-1.560889,54.531892,On or near Salisbury Terrace,E01012353,Darlington 008B,Other crime,,
,2011-03,Durham Constabulary,Durham Constabulary,-1.561622,54.532631,On or near Beaconsfield Street,E01012353,Darlington 008B,Other crime,,
,2011-03,Durham Constabulary,Durham Constabulary,-1.560199,54.532806,On or near Barningham Street,E01012353,Darlington 008B,Other crime,,
,2011-03,Durham Constabulary,Durham Constabulary,-1.560889,54.531892,On or near Salisbury Terrace,E01012353,Darlington 008B,Other crime,,
,2011-03,Durham Constabulary,Durham Constabulary,-1.560889,54.531892,On or near Salisbury Terrace,E01012353,Darlington 008B,Other crime,,
,2011-03,Durham Constabulary,Durham Constabulary,-1.560889,54.531892,On or near Salisbury Terrace,E01012353,Darlington 008B,Other crime,,
,2011-03,Durham Constabulary,Durham Constabulary,-1.555843,54.531217,On or near Elmfield Terrace,E01012354,Darlington 008C,Anti-social behaviour,,
,2011-03,Durham Constabulary,Durham Constabulary,-1.553834,54.534059,On or near Arthur Street,E01012354,Darlington 008C,Anti-social behaviour,,
,2011-03,Durham Constabulary,Durham Constabulary,-1.554968,54.532122,On or near Mowden Terrace,E01012354,Darlington 008C,Anti-social behaviour,,
,2011-03,Durham Constabulary,Durham Constabulary,-1.553105,54.528592,On or near Northgate,E01012354,Darlington 008C,Anti-social behaviour,,
,2011-03,Durham Constabulary,Durham Constabulary,-1.553037,54.533454,On or near High Northgate,E01012354,Darlington 008C,Anti-social behaviour,,
,2011-03,Durham Constabulary,Durham Constabulary,-1.553105,54.528592,On or near Northgate,E01012354,Darlington 008C,Anti-social behaviour,,
,2011-03,Durham Constabulary,Durham Constabulary,-1.553105,54.528592,On or near Northgate,E01012354,Darlington 008C,Anti-social behaviour,,
,2011-03,Durham Constabulary,Durham Constabulary,-1.553105,54.528592,On or near Northgate,E01012354,Darlington 008C,Anti-social behaviour,,
,2011-03,Durham Constabulary,Durham Constabulary,-1.556687,54.531760,On or near Corporation Road,E01012354,Darlington 008C,Anti-social behaviour,,
,2011-03,Durham Constabulary,Durham Constabulary,-1.555843,54.531217,On or near Elmfield Terrace,E01012354,Darlington 008C,Anti-social behaviour,,
,2011-03,Durham Constabulary,Durham Constabulary,-1.554760,54.534179,On or near Station Road,E01012354,Darlington 008C,Anti-social behaviour,,
,2011-03,Durham Constabulary,Durham Constabulary,-1.554968,54.532122,On or near Mowden Terrace,E01012354,Darlington 008C,Anti-social behaviour,,
,2011-03,Durham Constabulary,Durham Constabulary,-1.555843,54.531217,On or near Elmfield Terrace,E01012354,Darlington 008C,Anti-social behaviour,,
,2011-03,Durham Constabulary,Durham Constabulary,-1.555843,54.531217,On or near Elmfield Terrace,E01012354,Darlington 008C,Anti-social behaviour,,
,2011-03,Durham Constabulary,Durham Constabulary,-1.553834,54.534059,On or near Arthur Street,E01012354,Darlington 008C,Anti-social behaviour,,
,2011-03,Durham Constabulary,Durham Constabulary,-1.554760,54.534179,On or near Station Road,E01012354,Darlington 008C,Anti-social behaviour,,
,2011-03,Durham Constabulary,Durham Constabulary,-1.553105,54.528592,On or near Northgate,E01012354,Darlington 008C,Anti-social behaviour,,
,2011-03,Durham Constabulary,Durham Constabulary,-1.553105,54.528592,On or near Northgate,E01012354,Darlington 008C,Anti-social behaviour,,
,2011-03,Durham Constabulary,Durham Constabulary,-1.553105,54.528592,On or near Northgate,E01012354,Darlington 008C,Anti-social behaviour,,
,2011-03,Durham Constabulary,Durham Constabulary,-1.554466,54.532785,On or near Westbrook,E01012354,Darlington 008C,Anti-social behaviour,,
,2011-03,Durham Constabulary,Durham Constabulary,-1.553037,54.533454,On or near High Northgate,E01012354,Darlington 008C,Anti-social behaviour,,
,2011-03,Durham Constabulary,Durham Constabulary,-1.553037,54.533454,On or near High Northgate,E01012354,Darlington 008C,Anti-social behaviour,,
,2011-03,Durham Constabulary,Durham Constabulary,-1.553105,54.528592,On or near Northgate,E01012354,Darlington 008C,Anti-social behaviour,,
,2011-03,Durham Constabulary,Durham Constabulary,-1.556334,54.530069,On or near North Lodge Terrace,E01012354,Darlington 008C,Anti-social behaviour,,
,2011-03,Durham Constabulary,Durham Constabulary,-1.553105,54.528592,On or near Northgate,E01012354,Darlington 008C,Anti-social behaviour,,
,2011-03,Durham Constabulary,Durham Constabulary,-1.553105,54.528592,On or near Northgate,E01012354,Darlington 008C,Anti-social behaviour,,
,2011-03,Durham Constabulary,Durham Constabulary,-1.554760,54.534179,On or near Station Road,E01012354,Darlington 008C,Anti-social behaviour,,
,2011-03,Durham Constabulary,Durham Constabulary,-1.553105,54.528592,On or near Northgate,E01012354,Darlington 008C,Anti-social behaviour,,
,2011-03,Durham Constabulary,Durham Constabulary,-1.554968,54.532122,On or near Mowden Terrace,E01012354,Darlington 008C,Anti-social behaviour,,
,2011-03,Durham Constabulary,Durham Constabulary,-1.553105,54.528592,On or near Northgate,E01012354,Darlington 008C,Anti-social behaviour,,
,2011-03,Durham Constabulary,Durham Constabulary,-1.556334,54.530069,On or near North Lodge Terrace,E01012354,Darlington 008C,Anti-social behaviour,,
,2011-03,Durham Constabulary,Durham Constabulary,-1.553105,54.528592,On or near Northgate,E01012354,Darlington 008C,Anti-social behaviour,,
,2011-03,Durham Constabulary,Durham Constabulary,-1.553037,54.533454,On or near High Northgate,E01012354,Darlington 008C,Anti-social behaviour,,
,2011-03,Durham Constabulary,Durham Constabulary,-1.553105,54.528592,On or near Northgate,E01012354,Darlington 008C,Anti-social behaviour,,
,2011-03,Durham Constabulary,Durham Constabulary,-1.556414,54.532657,On or near Pendower Street,E01012354,Darlington 008C,Burglary,,
,2011-03,Durham Constabulary,Durham Constabulary,-1.553037,54.533454,On or near High Northgate,E01012354,Darlington 008C,Burglary,,
,2011-03,Durham Constabulary,Durham Constabulary,-1.558000,54.530353,On or near Easson Road,E01012354,Darlington 008C,Vehicle crime,,
,2011-03,Durham Constabulary,Durham Constabulary,-1.553834,54.534059,On or near Arthur Street,E01012354,Darlington 008C,Vehicle crime,,
,2011-03,Durham Constabulary,Durham Constabulary,-1.553037,54.533454,On or near High Northgate,E01012354,Darlington 008C,Vehicle crime,,
,2011-03,Durham Constabulary,Durham Constabulary,-1.554760,54.534179,On or near Station Road,E01012354,Darlington 008C,Vehicle crime,,
,2011-03,Durham Constabulary,Durham Constabulary,-1.554968,54.532122,On or near Mowden Terrace,E01012354,Darlington 008C,Vehicle crime,,
,2011-03,Durham Constabulary,Durham Constabulary,-1.554968,54.532122,On or near Mowden Terrace,E01012354,Darlington 008C,Violent crime,,
,2011-03,Durham Constabulary,Durham Constabulary,-1.553105,54.528592,On or near Northgate,E01012354,Darlington 008C,Violent crime,,
,2011-03,Durham Constabulary,Durham Constabulary,-1.553037,54.533454,On or near High Northgate,E01012354,Darlington 008C,Violent crime,,
,2011-03,Durham Constabulary,Durham Constabulary,-1.553834,54.534059,On or near Arthur Street,E01012354,Darlington 008C,Violent crime,,
,2011-03,Durham Constabulary,Durham Constabulary,-1.553105,54.528592,On or near Northgate,E01012354,Darlington 008C,Violent crime,,
,2011-03,Durham Constabulary,Durham Constabulary,-1.555843,54.531217,On or near Elmfield Terrace,E01012354,Darlington 008C,Violent crime,,
,2011-03,Durham Constabulary,Durham Constabulary,-1.556687,54.531760,On or near Corporation Road,E01012354,Darlington 008C,Violent crime,,
,2011-03,Durham Constabulary,Durham Constabulary,-1.553037,54.533454,On or near High Northgate,E01012354,Darlington 008C,Other crime,,
,2011-03,Durham Constabulary,Durham Constabulary,-1.553105,54.528592,On or near Northgate,E01012354,Darlington 008C,Other crime,,
,2011-03,Durham Constabulary,Durham Constabulary,-1.553037,54.533454,On or near High Northgate,E01012354,Darlington 008C,Other crime,,
,2011-03,Durham Constabulary,Durham Constabulary,-1.556687,54.531760,On or near Corporation Road,E01012354,Darlington 008C,Other crime,,
,2011-03,Durham Constabulary,Durham Constabulary,-1.553105,54.528592,On or near Northgate,E01012354,Darlington 008C,Other crime,,
,2011-03,Durham Constabulary,Durham Constabulary,-1.553105,54.528592,On or near Northgate,E01012354,Darlington 008C,Other crime,,
,2011-03,Durham Constabulary,Durham Constabulary,-1.556687,54.531760,On or near Corporation Road,E01012354,Darlington 008C,Other crime,,
,2011-03,Durham Constabulary,Durham Constabulary,-1.553037,54.533454,On or near High Northgate,E01012354,Darlington 008C,Other crime,,
,2011-03,Durham Constabulary,Durham Constabulary,-1.556687,54.531760,On or near Corporation Road,E01012354,Darlington 008C,Other crime,,
,2011-03,Durham Constabulary,Durham Constabulary,-1.553037,54.533454,On or near High Northgate,E01012354,Darlington 008C,Other crime,,
,2011-03,Durham Constabulary,Durham Constabulary,-1.553105,54.528592,On or near Northgate,E01012354,Darlington 008C,Other crime,,
,2011-03,Durham Constabulary,Durham Constabulary,-1.560142,54.530882,On or near Chelmsford Street,E01012355,Darlington 008D,Anti-social behaviour,,
,2011-03,Durham Constabulary,Durham Constabulary,-1.565752,54.532260,On or near Hollyhurst Road,E01012355,Darlington 008D,Anti-social behaviour,,
,2011-03,Durham Constabulary,Durham Constabulary,-1.560142,54.530882,On or near Chelmsford Street,E01012355,Darlington 008D,Anti-social behaviour,,
,2011-03,Durham Constabulary,Durham Constabulary,-1.558098,54.528485,On or near Sun Street,E01012355,Darlington 008D,Anti-social behaviour,,
,2011-03,Durham Constabulary,Durham Constabulary,-1.557092,54.528634,On or near Grace Court,E01012355,Darlington 008D,Anti-social behaviour,,
,2011-03,Durham Constabulary,Durham Constabulary,-1.558098,54.528485,On or near Sun Street,E01012355,Darlington 008D,Anti-social behaviour,,
,2011-03,Durham Constabulary,Durham Constabulary,-1.565752,54.532260,On or near Hollyhurst Road,E01012355,Darlington 008D,Anti-social behaviour,,
,2011-03,Durham Constabulary,Durham Constabulary,-1.559308,54.529469,On or near Selbourne Terrace,E01012355,Darlington 008D,Anti-social behaviour,,
,2011-03,Durham Constabulary,Durham Constabulary,-1.565752,54.532260,On or near Hollyhurst Road,E01012355,Darlington 008D,Anti-social behaviour,,
,2011-03,Durham Constabulary,Durham Constabulary,-1.558537,54.529295,On or near Lowe Street,E01012355,Darlington 008D,Anti-social behaviour,,
,2011-03,Durham Constabulary,Durham Constabulary,-1.565752,54.532260,On or near Hollyhurst Road,E01012355,Darlington 008D,Anti-social behaviour,,
,2011-03,Durham Constabulary,Durham Constabulary,-1.560142,54.530882,On or near Chelmsford Street,E01012355,Darlington 008D,Anti-social behaviour,,
,2011-03,Durham Constabulary,Durham Constabulary,-1.565752,54.532260,On or near Hollyhurst Road,E01012355,Darlington 008D,Anti-social behaviour,,
,2011-03,Durham Constabulary,Durham Constabulary,-1.565752,54.532260,On or near Hollyhurst Road,E01012355,Darlington 008D,Anti-social behaviour,,
,2011-03,Durham Constabulary,Durham Constabulary,-1.565752,54.532260,On or near Hollyhurst Road,E01012355,Darlington 008D,Anti-social behaviour,,
,2011-03,Durham Constabulary,Durham Constabulary,-1.559308,54.529469,On or near Selbourne Terrace,E01012355,Darlington 008D,Anti-social behaviour,,
,2011-03,Durham Constabulary,Durham Constabulary,-1.560142,54.530882,On or near Chelmsford Street,E01012355,Darlington 008D,Anti-social behaviour,,
,2011-03,Durham Constabulary,Durham Constabulary,-1.560142,54.530882,On or near Chelmsford Street,E01012355,Darlington 008D,Anti-social behaviour,,
,2011-03,Durham Constabulary,Durham Constabulary,-1.560589,54.528107,On or near Maude Street,E01012355,Darlington 008D,Anti-social behaviour,,
,2011-03,Durham Constabulary,Durham Constabulary,-1.559208,54.530106,On or near Dodds Street,E01012355,Darlington 008D,Anti-social behaviour,,
,2011-03,Durham Constabulary,Durham Constabulary,-1.558098,54.528485,On or near Sun Street,E01012355,Darlington 008D,Anti-social behaviour,,
,2011-03,Durham Constabulary,Durham Constabulary,-1.557092,54.528634,On or near Grace Court,E01012355,Darlington 008D,Anti-social behaviour,,
,2011-03,Durham Constabulary,Durham Constabulary,-1.565752,54.532260,On or near Hollyhurst Road,E01012355,Darlington 008D,Anti-social behaviour,,
,2011-03,Durham Constabulary,Durham Constabulary,-1.565752,54.532260,On or near Hollyhurst Road,E01012355,Darlington 008D,Burglary,,
,2011-03,Durham Constabulary,Durham Constabulary,-1.565752,54.532260,On or near Hollyhurst Road,E01012355,Darlington 008D,Violent crime,,
,2011-03,Durham Constabulary,Durham Constabulary,-1.565752,54.532260,On or near Hollyhurst Road,E01012355,Darlington 008D,Violent crime,,
,2011-03,Durham Constabulary,Durham Constabulary,-1.560589,54.528107,On or near Maude Street,E01012355,Darlington 008D,Other crime,,
,2011-03,Durham Constabulary,Durham Constabulary,-1.565752,54.532260,On or near Hollyhurst Road,E01012355,Darlington 008D,Other crime,,
,2011-03,Durham Constabulary,Durham Constabulary,-1.557092,54.528634,On or near Grace Court,E01012355,Darlington 008D,Other crime,,
,2011-03,Durham Constabulary,Durham Constabulary,-1.565752,54.532260,On or near Hollyhurst Road,E01012355,Darlington 008D,Other crime,,
,2011-03,Durham Constabulary,Durham Constabulary,-1.560142,54.530882,On or near Chelmsford Street,E01012355,Darlington 008D,Other crime,,
,2011-03,Durham Constabulary,Durham Constabulary,-1.559208,54.530106,On or near Dodds Street,E01012355,Darlington 008D,Other crime,,
,2011-03,Durham Constabulary,Durham Constabulary,-1.560589,54.528107,On or near Maude Street,E01012355,Darlington 008D,Other crime,,
,2011-03,Durham Constabulary,Durham Constabulary,-1.547071,54.522378,On or near Pensbury Street,E01033483,Darlington 008E,Anti-social behaviour,,
,2011-03,Durham Constabulary,Durham Constabulary,-1.547071,54.522378,On or near Pensbury Street,E01033483,Darlington 008E,Anti-social behaviour,,
,2011-03,Durham Constabulary,Durham Constabulary,-1.547071,54.522378,On or near Pensbury Street,E01033483,Darlington 008E,Anti-social behaviour,,
,2011-03,Durham Constabulary,Durham Constabulary,-1.548670,54.523049,On or near Swan Street,E01033483,Darlington 008E,Anti-social behaviour,,
,2011-03,Durham Constabulary,Durham Constabulary,-1.547133,54.525101,On or near Sanderson Street,E01033483,Darlington 008E,Anti-social behaviour,,
,2011-03,Durham Constabulary,Durham Constabulary,-1.547071,54.522378,On or near Pensbury Street,E01033483,Darlington 008E,Anti-social behaviour,,
,2011-03,Durham Constabulary,Durham Constabulary,-1.551215,54.530508,On or near Oxford Street,E01033483,Darlington 008E,Anti-social behaviour,,
,2011-03,Durham Constabulary,Durham Constabulary,-1.551215,54.530508,On or near Oxford Street,E01033483,Darlington 008E,Anti-social behaviour,,
,2011-03,Durham Constabulary,Durham Constabulary,-1.547808,54.524196,On or near Parkgate,E01033483,Darlington 008E,Anti-social behaviour,,
,2011-03,Durham Constabulary,Durham Constabulary,-1.547615,54.526244,On or near Borough Road,E01033483,Darlington 008E,Anti-social behaviour,,
,2011-03,Durham Constabulary,Durham Constabulary,-1.547133,54.525101,On or near Sanderson Street,E01033483,Darlington 008E,Anti-social behaviour,,
,2011-03,Durham Constabulary,Durham Constabulary,-1.551215,54.530508,On or near Oxford Street,E01033483,Darlington 008E,Anti-social behaviour,,
,2011-03,Durham Constabulary,Durham Constabulary,-1.547071,54.522378,On or near Pensbury Street,E01033483,Darlington 008E,Anti-social behaviour,,
,2011-03,Durham Constabulary,Durham Constabulary,-1.546954,54.524588,On or near Melland Street,E01033483,Darlington 008E,Anti-social behaviour,,
,2011-03,Durham Constabulary,Durham Constabulary,-1.547071,54.522378,On or near Pensbury Street,E01033483,Darlington 008E,Anti-social behaviour,,
,2011-03,Durham Constabulary,Durham Constabulary,-1.547071,54.522378,On or near Pensbury Street,E01033483,Darlington 008E,Anti-social behaviour,,
,2011-03,Durham Constabulary,Durham Constabulary,-1.547071,54.522378,On or near Pensbury Street,E01033483,Darlington 008E,Anti-social behaviour,,
,2011-03,Durham Constabulary,Durham Constabulary,-1.547071,54.522378,On or near Pensbury Street,E01033483,Darlington 008E,Anti-social behaviour,,
,2011-03,Durham Constabulary,Durham Constabulary,-1.550086,54.527745,On or near Russell Street,E01033483,Darlington 008E,Anti-social behaviour,,
,2011-03,Durham Constabulary,Durham Constabulary,-1.547133,54.525101,On or near Sanderson Street,E01033483,Darlington 008E,Anti-social behaviour,,
,2011-03,Durham Constabulary,Durham Constabulary,-1.547071,54.522378,On or near Pensbury Street,E01033483,Darlington 008E,Anti-social behaviour,,
,2011-03,Durham Constabulary,Durham Constabulary,-1.547808,54.524196,On or near Parkgate,E01033483,Darlington 008E,Anti-social behaviour,,
,2011-03,Durham Constabulary,Durham Constabulary,-1.548271,54.528376,On or near Lodge Street,E01033483,Darlington 008E,Anti-social behaviour,,
,2011-03,Durham Constabulary,Durham Constabulary,-1.547133,54.525101,On or near Sanderson Street,E01033483,Darlington 008E,Anti-social behaviour,,
,2011-03,Durham Constabulary,Durham Constabulary,-1.546954,54.524588,On or near Melland Street,E01033483,Darlington 008E,Anti-social behaviour,,
,2011-03,Durham Constabulary,Durham Constabulary,-1.547190,54.525604,On or near Middleton Street,E01033483,Darlington 008E,Anti-social behaviour,,
,2011-03,Durham Constabulary,Durham Constabulary,-1.547071,54.522378,On or near Pensbury Street,E01033483,Darlington 008E,Anti-social behaviour,,
,2011-03,Durham Constabulary,Durham Constabulary,-1.547071,54.522378,On or near Pensbury Street,E01033483,Darlington 008E,Anti-social behaviour,,
,2011-03,Durham Constabulary,Durham Constabulary,-1.547808,54.524196,On or near Parkgate,E01033483,Darlington 008E,Anti-social behaviour,,
,2011-03,Durham Constabulary,Durham Constabulary,-1.550086,54.527745,On or near Russell Street,E01033483,Darlington 008E,Burglary,,
,2011-03,Durham Constabulary,Durham Constabulary,-1.548053,54.527180,On or near Hilda Street,E01033483,Darlington 008E,Vehicle crime,,
,2011-03,Durham Constabulary,Durham Constabulary,-1.547808,54.524196,On or near Parkgate,E01033483,Darlington 008E,Violent crime,,
,2011-03,Durham Constabulary,Durham Constabulary,-1.547808,54.524196,On or near Parkgate,E01033483,Darlington 008E,Violent crime,,
,2011-03,Durham Constabulary,Durham Constabulary,-1.547133,54.525101,On or near Sanderson Street,E01033483,Darlington 008E,Other crime,,
,2011-03,Durham Constabulary,Durham Constabulary,-1.551215,54.530508,On or near Oxford Street,E01033483,Darlington 008E,Other crime,,
,2011-03,Durham Constabulary,Durham Constabulary,-1.548053,54.527180,On or near Hilda Street,E01033483,Darlington 008E,Other crime,,
,2011-03,Durham Constabulary,Durham Constabulary,-1.547133,54.525101,On or near Sanderson Street,E01033483,Darlington 008E,Other crime,,
,2011-03,Durham Constabulary,Durham Constabulary,-1.547190,54.525604,On or near Middleton Street,E01033483,Darlington 008E,Other crime,,
,2011-03,Durham Constabulary,Durham Constabulary,-1.548670,54.523049,On or near Swan Street,E01033483,Darlington 008E,Other crime,,
,2011-03,Durham Constabulary,Durham Constabulary,-1.548053,54.527180,On or near Hilda Street,E01033483,Darlington 008E,Other crime,,
,2011-03,Durham Constabulary,Durham Constabulary,-1.551215,54.530508,On or near Oxford Street,E01033483,Darlington 008E,Other crime,,
,2011-03,Durham Constabulary,Durham Constabulary,-1.551215,54.530508,On or near Oxford Street,E01033483,Darlington 008E,Other crime,,
,2011-03,Durham Constabulary,Durham Constabulary,-1.551215,54.530508,On or near Oxford Street,E01033483,Darlington 008E,Other crime,,
,2011-03,Durham Constabulary,Durham Constabulary,-1.550086,54.527745,On or near Russell Street,E01033483,Darlington 008E,Other crime,,
,2011-03,Durham Constabulary,Durham Constabulary,-1.547190,54.525604,On or near Middleton Street,E01033483,Darlington 008E,Other crime,,
,2011-03,Durham Constabulary,Durham Constabulary,-1.547808,54.524196,On or near Parkgate,E01033483,Darlington 008E,Other crime,,
,2011-03,Durham Constabulary,Durham Constabulary,-1.547133,54.525101,On or near Sanderson Street,E01033483,Darlington 008E,Other crime,,
,2011-03,Durham Constabulary,Durham Constabulary,-1.546588,54.531084,On or near Eastmount Road,E01033483,Darlington 008E,Other crime,,
,2011-03,Durham Constabulary,Durham Constabulary,-1.547071,54.522378,On or near Pensbury Street,E01033483,Darlington 008E,Other crime,,
,2011-03,Durham Constabulary,Durham Constabulary,-1.548670,54.523049,On or near Swan Street,E01033483,Darlington 008E,Other crime,,
,2011-03,Durham Constabulary,Durham Constabulary,-1.548271,54.528376,On or near Lodge Street,E01033483,Darlington 008E,Other crime,,
,2011-03,Durham Constabulary,Durham Constabulary,-1.548053,54.527180,On or near Hilda Street,E01033483,Darlington 008E,Other crime,,
,2011-03,Durham Constabulary,Durham Constabulary,-1.557224,54.526387,On or near Bondgate,E01033484,Darlington 008F,Anti-social behaviour,,
,2011-03,Durham Constabulary,Durham Constabulary,-1.553656,54.524873,On or near Tubwell Row,E01033484,Darlington 008F,Anti-social behaviour,,
,2011-03,Durham Constabulary,Durham Constabulary,-1.557290,54.526010,On or near Skinnergate,E01033484,Darlington 008F,Anti-social behaviour,,
,2011-03,Durham Constabulary,Durham Constabulary,-1.557224,54.526387,On or near Bondgate,E01033484,Darlington 008F,Anti-social behaviour,,
,2011-03,Durham Constabulary,Durham Constabulary,-1.552732,54.526020,On or near Crown Street,E01033484,Darlington 008F,Anti-social behaviour,,
,2011-03,Durham Constabulary,Durham Constabulary,-1.559635,54.524922,On or near East Raby Street,E01033484,Darlington 008F,Anti-social behaviour,,
,2011-03,Durham Constabulary,Durham Constabulary,-1.552732,54.526020,On or near Crown Street,E01033484,Darlington 008F,Anti-social behaviour,,
,2011-03,Durham Constabulary,Durham Constabulary,-1.553656,54.524873,On or near Tubwell Row,E01033484,Darlington 008F,Anti-social behaviour,,
,2011-03,Durham Constabulary,Durham Constabulary,-1.553656,54.524873,On or near Tubwell Row,E01033484,Darlington 008F,Anti-social behaviour,,
,2011-03,Durham Constabulary,Durham Constabulary,-1.555571,54.523532,On or near Houndgate,E01033484,Darlington 008F,Anti-social behaviour,,
,2011-03,Durham Constabulary,Durham Constabulary,-1.561555,54.525963,On or near Napier Street,E01033484,Darlington 008F,Anti-social behaviour,,
,2011-03,Durham Constabulary,Durham Constabulary,-1.554451,54.524175,On or near Horse Market,E01033484,Darlington 008F,Anti-social behaviour,,
,2011-03,Durham Constabulary,Durham Constabulary,-1.554451,54.524175,On or near Horse Market,E01033484,Darlington 008F,Anti-social behaviour,,
,2011-03,Durham Constabulary,Durham Constabulary,-1.559568,54.525380,On or near Duke Street,E01033484,Darlington 008F,Anti-social behaviour,,
,2011-03,Durham Constabulary,Durham Constabulary,-1.557290,54.526010,On or near Skinnergate,E01033484,Darlington 008F,Anti-social behaviour,,
,2011-03,Durham Constabulary,Durham Constabulary,-1.552732,54.526020,On or near Crown Street,E01033484,Darlington 008F,Anti-social behaviour,,
,2011-03,Durham Constabulary,Durham Constabulary,-1.554451,54.524175,On or near Horse Market,E01033484,Darlington 008F,Anti-social behaviour,,
,2011-03,Durham Constabulary,Durham Constabulary,-1.557290,54.526010,On or near Skinnergate,E01033484,Darlington 008F,Anti-social behaviour,,
,2011-03,Durham Constabulary,Durham Constabulary,-1.554451,54.524175,On or near Horse Market,E01033484,Darlington 008F,Anti-social behaviour,,
,2011-03,Durham Constabulary,Durham Constabulary,-1.554451,54.524175,On or near Horse Market,E01033484,Darlington 008F,Anti-social behaviour,,
,2011-03,Durham Constabulary,Durham Constabulary,-1.554451,54.524175,On or near Horse Market,E01033484,Darlington 008F,Anti-social behaviour,,
,2011-03,Durham Constabulary,Durham Constabulary,-1.557224,54.526387,On or near Bondgate,E01033484,Darlington 008F,Anti-social behaviour,,
,2011-03,Durham Constabulary,Durham Constabulary,-1.557290,54.526010,On or near Skinnergate,E01033484,Darlington 008F,Anti-social behaviour,,
,2011-03,Durham Constabulary,Durham Constabulary,-1.561555,54.525963,On or near Napier Street,E01033484,Darlington 008F,Anti-social behaviour,,
,2011-03,Durham Constabulary,Durham Constabulary,-1.562646,54.527962,On or near Woodland Road,E01033484,Darlington 008F,Anti-social behaviour,,
,2011-03,Durham Constabulary,Durham Constabulary,-1.557224,54.526387,On or near Bondgate,E01033484,Darlington 008F,Anti-social behaviour,,
,2011-03,Durham Constabulary,Durham Constabulary,-1.557290,54.526010,On or near Skinnergate,E01033484,Darlington 008F,Anti-social behaviour,,
,2011-03,Durham Constabulary,Durham Constabulary,-1.558111,54.522967,On or near Grange Road,E01033484,Darlington 008F,Anti-social behaviour,,
,2011-03,Durham Constabulary,Durham Constabulary,-1.557290,54.526010,On or near Skinnergate,E01033484,Darlington 008F,Anti-social behaviour,,
,2011-03,Durham Constabulary,Durham Constabulary,-1.557290,54.526010,On or near Skinnergate,E01033484,Darlington 008F,Anti-social behaviour,,
,2011-03,Durham Constabulary,Durham Constabulary,-1.562646,54.527962,On or near Woodland Road,E01033484,Darlington 008F,Anti-social behaviour,,
,2011-03,Durham Constabulary,Durham Constabulary,-1.559635,54.524922,On or near East Raby Street,E01033484,Darlington 008F,Anti-social behaviour,,
,2011-03,Durham Constabulary,Durham Constabulary,-1.557224,54.526387,On or near Bondgate,E01033484,Darlington 008F,Anti-social behaviour,,
,2011-03,Durham Constabulary,Durham Constabulary,-1.555571,54.523532,On or near Houndgate,E01033484,Darlington 008F,Anti-social behaviour,,
,2011-03,Durham Constabulary,Durham Constabulary,-1.557290,54.526010,On or near Skinnergate,E01033484,Darlington 008F,Anti-social behaviour,,
,2011-03,Durham Constabulary,Durham Constabulary,-1.555571,54.523532,On or near Houndgate,E01033484,Darlington 008F,Anti-social behaviour,,
,2011-03,Durham Constabulary,Durham Constabulary,-1.552562,54.521769,On or near Victoria Road,E01033484,Darlington 008F,Anti-social behaviour,,
,2011-03,Durham Constabulary,Durham Constabulary,-1.553656,54.524873,On or near Tubwell Row,E01033484,Darlington 008F,Anti-social behaviour,,
,2011-03,Durham Constabulary,Durham Constabulary,-1.555571,54.523532,On or near Houndgate,E01033484,Darlington 008F,Anti-social behaviour,,
,2011-03,Durham Constabulary,Durham Constabulary,-1.557224,54.526387,On or near Bondgate,E01033484,Darlington 008F,Anti-social behaviour,,
,2011-03,Durham Constabulary,Durham Constabulary,-1.557290,54.526010,On or near Skinnergate,E01033484,Darlington 008F,Anti-social behaviour,,
,2011-03,Durham Constabulary,Durham Constabulary,-1.555571,54.523532,On or near Houndgate,E01033484,Darlington 008F,Anti-social behaviour,,
,2011-03,Durham Constabulary,Durham Constabulary,-1.557224,54.526387,On or near Bondgate,E01033484,Darlington 008F,Anti-social behaviour,,
,2011-03,Durham Constabulary,Durham Constabulary,-1.557290,54.526010,On or near Skinnergate,E01033484,Darlington 008F,Anti-social behaviour,,
,2011-03,Durham Constabulary,Durham Constabulary,-1.554451,54.524175,On or near Horse Market,E01033484,Darlington 008F,Anti-social behaviour,,
,2011-03,Durham Constabulary,Durham Constabulary,-1.557224,54.526387,On or near Bondgate,E01033484,Darlington 008F,Anti-social behaviour,,
,2011-03,Durham Constabulary,Durham Constabulary,-1.562646,54.527962,On or near Woodland Road,E01033484,Darlington 008F,Anti-social behaviour,,
,2011-03,Durham Constabulary,Durham Constabulary,-1.554451,54.524175,On or near Horse Market,E01033484,Darlington 008F,Anti-social behaviour,,
,2011-03,Durham Constabulary,Durham Constabulary,-1.560230,54.527072,On or near Portland Place,E01033484,Darlington 008F,Anti-social behaviour,,
,2011-03,Durham Constabulary,Durham Constabulary,-1.552562,54.521769,On or near Victoria Road,E01033484,Darlington 008F,Anti-social behaviour,,
,2011-03,Durham Constabulary,Durham Constabulary,-1.557224,54.526387,On or near Bondgate,E01033484,Darlington 008F,Anti-social behaviour,,
,2011-03,Durham Constabulary,Durham Constabulary,-1.553656,54.524873,On or near Tubwell Row,E01033484,Darlington 008F,Anti-social behaviour,,
,2011-03,Durham Constabulary,Durham Constabulary,-1.554451,54.524175,On or near Horse Market,E01033484,Darlington 008F,Anti-social behaviour,,
,2011-03,Durham Constabulary,Durham Constabulary,-1.557290,54.526010,On or near Skinnergate,E01033484,Darlington 008F,Anti-social behaviour,,
,2011-03,Durham Constabulary,Durham Constabulary,-1.557290,54.526010,On or near Skinnergate,E01033484,Darlington 008F,Anti-social behaviour,,
,2011-03,Durham Constabulary,Durham Constabulary,-1.557224,54.526387,On or near Bondgate,E01033484,Darlington 008F,Anti-social behaviour,,
,2011-03,Durham Constabulary,Durham Constabulary,-1.557290,54.526010,On or near Skinnergate,E01033484,Darlington 008F,Anti-social behaviour,,
,2011-03,Durham Constabulary,Durham Constabulary,-1.557290,54.526010,On or near Skinnergate,E01033484,Darlington 008F,Anti-social behaviour,,
,2011-03,Durham Constabulary,Durham Constabulary,-1.553656,54.524873,On or near Tubwell Row,E01033484,Darlington 008F,Anti-social behaviour,,
,2011-03,Durham Constabulary,Durham Constabulary,-1.552732,54.526020,On or near Crown Street,E01033484,Darlington 008F,Anti-social behaviour,,
,2011-03,Durham Constabulary,Durham Constabulary,-1.552732,54.526020,On or near Crown Street,E01033484,Darlington 008F,Anti-social behaviour,,
,2011-03,Durham Constabulary,Durham Constabulary,-1.555571,54.523532,On or near Houndgate,E01033484,Darlington 008F,Anti-social behaviour,,
,2011-03,Durham Constabulary,Durham Constabulary,-1.557224,54.526387,On or near Bondgate,E01033484,Darlington 008F,Anti-social behaviour,,
,2011-03,Durham Constabulary,Durham Constabulary,-1.552732,54.526020,On or near Crown Street,E01033484,Darlington 008F,Anti-social behaviour,,
,2011-03,Durham Constabulary,Durham Constabulary,-1.553656,54.524873,On or near Tubwell Row,E01033484,Darlington 008F,Anti-social behaviour,,
,2011-03,Durham Constabulary,Durham Constabulary,-1.557224,54.526387,On or near Bondgate,E01033484,Darlington 008F,Anti-social behaviour,,
,2011-03,Durham Constabulary,Durham Constabulary,-1.554451,54.524175,On or near Horse Market,E01033484,Darlington 008F,Anti-social behaviour,,
,2011-03,Durham Constabulary,Durham Constabulary,-1.557224,54.526387,On or near Bondgate,E01033484,Darlington 008F,Anti-social behaviour,,
,2011-03,Durham Constabulary,Durham Constabulary,-1.557224,54.526387,On or near Bondgate,E01033484,Darlington 008F,Anti-social behaviour,,
,2011-03,Durham Constabulary,Durham Constabulary,-1.554451,54.524175,On or near Horse Market,E01033484,Darlington 008F,Anti-social behaviour,,
,2011-03,Durham Constabulary,Durham Constabulary,-1.561555,54.525963,On or near Napier Street,E01033484,Darlington 008F,Anti-social behaviour,,
,2011-03,Durham Constabulary,Durham Constabulary,-1.552732,54.526020,On or near Crown Street,E01033484,Darlington 008F,Anti-social behaviour,,
,2011-03,Durham Constabulary,Durham Constabulary,-1.552732,54.526020,On or near Crown Street,E01033484,Darlington 008F,Anti-social behaviour,,
,2011-03,Durham Constabulary,Durham Constabulary,-1.555571,54.523532,On or near Houndgate,E01033484,Darlington 008F,Anti-social behaviour,,
,2011-03,Durham Constabulary,Durham Constabulary,-1.561555,54.525963,On or near Napier Street,E01033484,Darlington 008F,Anti-social behaviour,,
,2011-03,Durham Constabulary,Durham Constabulary,-1.560230,54.527072,On or near Portland Place,E01033484,Darlington 008F,Anti-social behaviour,,
,2011-03,Durham Constabulary,Durham Constabulary,-1.557290,54.526010,On or near Skinnergate,E01033484,Darlington 008F,Anti-social behaviour,,
,2011-03,Durham Constabulary,Durham Constabulary,-1.557290,54.526010,On or near Skinnergate,E01033484,Darlington 008F,Anti-social behaviour,,
,2011-03,Durham Constabulary,Durham Constabulary,-1.555571,54.523532,On or near Houndgate,E01033484,Darlington 008F,Anti-social behaviour,,
,2011-03,Durham Constabulary,Durham Constabulary,-1.559635,54.524922,On or near East Raby Street,E01033484,Darlington 008F,Anti-social behaviour,,
,2011-03,Durham Constabulary,Durham Constabulary,-1.553656,54.524873,On or near Tubwell Row,E01033484,Darlington 008F,Anti-social behaviour,,
,2011-03,Durham Constabulary,Durham Constabulary,-1.557224,54.526387,On or near Bondgate,E01033484,Darlington 008F,Anti-social behaviour,,
,2011-03,Durham Constabulary,Durham Constabulary,-1.555571,54.523532,On or near Houndgate,E01033484,Darlington 008F,Anti-social behaviour,,
,2011-03,Durham Constabulary,Durham Constabulary,-1.552732,54.526020,On or near Crown Street,E01033484,Darlington 008F,Anti-social behaviour,,
,2011-03,Durham Constabulary,Durham Constabulary,-1.560230,54.527072,On or near Portland Place,E01033484,Darlington 008F,Anti-social behaviour,,
,2011-03,Durham Constabulary,Durham Constabulary,-1.553656,54.524873,On or near Tubwell Row,E01033484,Darlington 008F,Anti-social behaviour,,
,2011-03,Durham Constabulary,Durham Constabulary,-1.553656,54.524873,On or near Tubwell Row,E01033484,Darlington 008F,Anti-social behaviour,,
,2011-03,Durham Constabulary,Durham Constabulary,-1.561489,54.524884,On or near Raby Street,E01033484,Darlington 008F,Anti-social behaviour,,
,2011-03,Durham Constabulary,Durham Constabulary,-1.561109,54.522879,On or near Coniscliffe Road,E01033484,Darlington 008F,Anti-social behaviour,,
,2011-03,Durham Constabulary,Durham Constabulary,-1.554451,54.524175,On or near Horse Market,E01033484,Darlington 008F,Anti-social behaviour,,
,2011-03,Durham Constabulary,Durham Constabulary,-1.553656,54.524873,On or near Tubwell Row,E01033484,Darlington 008F,Anti-social behaviour,,
,2011-03,Durham Constabulary,Durham Constabulary,-1.557290,54.526010,On or near Skinnergate,E01033484,Darlington 008F,Anti-social behaviour,,
,2011-03,Durham Constabulary,Durham Constabulary,-1.558960,54.522979,On or near Northumberland Street,E01033484,Darlington 008F,Anti-social behaviour,,
,2011-03,Durham Constabulary,Durham Constabulary,-1.554451,54.524175,On or near Horse Market,E01033484,Darlington 008F,Burglary,,
,2011-03,Durham Constabulary,Durham Constabulary,-1.561555,54.525963,On or near Napier Street,E01033484,Darlington 008F,Robbery,,
,2011-03,Durham Constabulary,Durham Constabulary,-1.554451,54.524175,On or near Horse Market,E01033484,Darlington 008F,Vehicle crime,,
,2011-03,Durham Constabulary,Durham Constabulary,-1.558111,54.522967,On or near Grange Road,E01033484,Darlington 008F,Vehicle crime,,
,2011-03,Durham Constabulary,Durham Constabulary,-1.557748,54.523648,On or near Blackwellgate,E01033484,Darlington 008F,Violent crime,,
,2011-03,Durham Constabulary,Durham Constabulary,-1.553656,54.524873,On or near Tubwell Row,E01033484,Darlington 008F,Violent crime,,
,2011-03,Durham Constabulary,Durham Constabulary,-1.553656,54.524873,On or near Tubwell Row,E01033484,Darlington 008F,Violent crime,,
,2011-03,Durham Constabulary,Durham Constabulary,-1.557748,54.523648,On or near Blackwellgate,E01033484,Darlington 008F,Violent crime,,
,2011-03,Durham Constabulary,Durham Constabulary,-1.553656,54.524873,On or near Tubwell Row,E01033484,Darlington 008F,Violent crime,,
,2011-03,Durham Constabulary,Durham Constabulary,-1.557290,54.526010,On or near Skinnergate,E01033484,Darlington 008F,Violent crime,,
,2011-03,Durham Constabulary,Durham Constabulary,-1.557290,54.526010,On or near Skinnergate,E01033484,Darlington 008F,Violent crime,,
,2011-03,Durham Constabulary,Durham Constabulary,-1.555571,54.523532,On or near Houndgate,E01033484,Darlington 008F,Violent crime,,
,2011-03,Durham Constabulary,Durham Constabulary,-1.554451,54.524175,On or near Horse Market,E01033484,Darlington 008F,Violent crime,,
,2011-03,Durham Constabulary,Durham Constabulary,-1.552732,54.526020,On or near Crown Street,E01033484,Darlington 008F,Violent crime,,
,2011-03,Durham Constabulary,Durham Constabulary,-1.555571,54.523532,On or near Houndgate,E01033484,Darlington 008F,Violent crime,,
,2011-03,Durham Constabulary,Durham Constabulary,-1.552732,54.526020,On or near Crown Street,E01033484,Darlington 008F,Violent crime,,
,2011-03,Durham Constabulary,Durham Constabulary,-1.557290,54.526010,On or near Skinnergate,E01033484,Darlington 008F,Violent crime,,
,2011-03,Durham Constabulary,Durham Constabulary,-1.557290,54.526010,On or near Skinnergate,E01033484,Darlington 008F,Violent crime,,
,2011-03,Durham Constabulary,Durham Constabulary,-1.559568,54.525380,On or near Duke Street,E01033484,Darlington 008F,Violent crime,,
,2011-03,Durham Constabulary,Durham Constabulary,-1.557748,54.523648,On or near Blackwellgate,E01033484,Darlington 008F,Violent crime,,
,2011-03,Durham Constabulary,Durham Constabulary,-1.557290,54.526010,On or near Skinnergate,E01033484,Darlington 008F,Violent crime,,
,2011-03,Durham Constabulary,Durham Constabulary,-1.555571,54.523532,On or near Houndgate,E01033484,Darlington 008F,Violent crime,,
,2011-03,Durham Constabulary,Durham Constabulary,-1.557224,54.526387,On or near Bondgate,E01033484,Darlington 008F,Violent crime,,
,2011-03,Durham Constabulary,Durham Constabulary,-1.557224,54.526387,On or near Bondgate,E01033484,Darlington 008F,Violent crime,,
,2011-03,Durham Constabulary,Durham Constabulary,-1.554451,54.524175,On or near Horse Market,E01033484,Darlington 008F,Violent crime,,
,2011-03,Durham Constabulary,Durham Constabulary,-1.554451,54.524175,On or near Horse Market,E01033484,Darlington 008F,Violent crime,,
,2011-03,Durham Constabulary,Durham Constabulary,-1.553656,54.524873,On or near Tubwell Row,E01033484,Darlington 008F,Violent crime,,
,2011-03,Durham Constabulary,Durham Constabulary,-1.555571,54.523532,On or near Houndgate,E01033484,Darlington 008F,Violent crime,,
,2011-03,Durham Constabulary,Durham Constabulary,-1.554451,54.524175,On or near Horse Market,E01033484,Darlington 008F,Violent crime,,
,2011-03,Durham Constabulary,Durham Constabulary,-1.552732,54.526020,On or near Crown Street,E01033484,Darlington 008F,Violent crime,,
,2011-03,Durham Constabulary,Durham Constabulary,-1.555571,54.523532,On or near Houndgate,E01033484,Darlington 008F,Violent crime,,
,2011-03,Durham Constabulary,Durham Constabulary,-1.561950,54.526566,On or near Outram Street,E01033484,Darlington 008F,Violent crime,,
,2011-03,Durham Constabulary,Durham Constabulary,-1.555571,54.523532,On or near Houndgate,E01033484,Darlington 008F,Violent crime,,
,2011-03,Durham Constabulary,Durham Constabulary,-1.561555,54.525963,On or near Napier Street,E01033484,Darlington 008F,Other crime,,
,2011-03,Durham Constabulary,Durham Constabulary,-1.557290,54.526010,On or near Skinnergate,E01033484,Darlington 008F,Other crime,,
,2011-03,Durham Constabulary,Durham Constabulary,-1.549305,54.522889,On or near Park Place,E01033484,Darlington 008F,Other crime,,
,2011-03,Durham Constabulary,Durham Constabulary,-1.552732,54.526020,On or near Crown Street,E01033484,Darlington 008F,Other crime,,
,2011-03,Durham Constabulary,Durham Constabulary,-1.561489,54.524884,On or near Raby Street,E01033484,Darlington 008F,Other crime,,
,2011-03,Durham Constabulary,Durham Constabulary,-1.561489,54.524884,On or near Raby Street,E01033484,Darlington 008F,Other crime,,
,2011-03,Durham Constabulary,Durham Constabulary,-1.562646,54.527962,On or near Woodland Road,E01033484,Darlington 008F,Other crime,,
,2011-03,Durham Constabulary,Durham Constabulary,-1.557290,54.526010,On or near Skinnergate,E01033484,Darlington 008F,Other crime,,
,2011-03,Durham Constabulary,Durham Constabulary,-1.557290,54.526010,On or near Skinnergate,E01033484,Darlington 008F,Other crime,,
,2011-03,Durham Constabulary,Durham Constabulary,-1.549305,54.522889,On or near Park Place,E01033484,Darlington 008F,Other crime,,
,2011-03,Durham Constabulary,Durham Constabulary,-1.553656,54.524873,On or near Tubwell Row,E01033484,Darlington 008F,Other crime,,
,2011-03,Durham Constabulary,Durham Constabulary,-1.562646,54.527962,On or near Woodland Road,E01033484,Darlington 008F,Other crime,,
,2011-03,Durham Constabulary,Durham Constabulary,-1.554451,54.524175,On or near Horse Market,E01033484,Darlington 008F,Other crime,,
,2011-03,Durham Constabulary,Durham Constabulary,-1.553656,54.524873,On or near Tubwell Row,E01033484,Darlington 008F,Other crime,,
,2011-03,Durham Constabulary,Durham Constabulary,-1.549305,54.522889,On or near Park Place,E01033484,Darlington 008F,Other crime,,
,2011-03,Durham Constabulary,Durham Constabulary,-1.557224,54.526387,On or near Bondgate,E01033484,Darlington 008F,Other crime,,
,2011-03,Durham Constabulary,Durham Constabulary,-1.557224,54.526387,On or near Bondgate,E01033484,Darlington 008F,Other crime,,
,2011-03,Durham Constabulary,Durham Constabulary,-1.553656,54.524873,On or near Tubwell Row,E01033484,Darlington 008F,Other crime,,
,2011-03,Durham Constabulary,Durham Constabulary,-1.552732,54.526020,On or near Crown Street,E01033484,Darlington 008F,Other crime,,
,2011-03,Durham Constabulary,Durham Constabulary,-1.557290,54.526010,On or near Skinnergate,E01033484,Darlington 008F,Other crime,,
,2011-03,Durham Constabulary,Durham Constabulary,-1.554451,54.524175,On or near Horse Market,E01033484,Darlington 008F,Other crime,,
,2011-03,Durham Constabulary,Durham Constabulary,-1.552732,54.526020,On or near Crown Street,E01033484,Darlington 008F,Other crime,,
,2011-03,Durham Constabulary,Durham Constabulary,-1.554451,54.524175,On or near Horse Market,E01033484,Darlington 008F,Other crime,,
,2011-03,Durham Constabulary,Durham Constabulary,-1.555571,54.523532,On or near Houndgate,E01033484,Darlington 008F,Other crime,,
,2011-03,Durham Constabulary,Durham Constabulary,-1.557290,54.526010,On or near Skinnergate,E01033484,Darlington 008F,Other crime,,
,2011-03,Durham Constabulary,Durham Constabulary,-1.557290,54.526010,On or near Skinnergate,E01033484,Darlington 008F,Other crime,,
,2011-03,Durham Constabulary,Durham Constabulary,-1.552732,54.526020,On or near Crown Street,E01033484,Darlington 008F,Other crime,,
,2011-03,Durham Constabulary,Durham Constabulary,-1.552732,54.526020,On or near Crown Street,E01033484,Darlington 008F,Other crime,,
,2011-03,Durham Constabulary,Durham Constabulary,-1.557748,54.523648,On or near Blackwellgate,E01033484,Darlington 008F,Other crime,,
,2011-03,Durham Constabulary,Durham Constabulary,-1.554451,54.524175,On or near Horse Market,E01033484,Darlington 008F,Other crime,,
,2011-03,Durham Constabulary,Durham Constabulary,-1.557224,54.526387,On or near Bondgate,E01033484,Darlington 008F,Other crime,,
,2011-03,Durham Constabulary,Durham Constabulary,-1.553656,54.524873,On or near Tubwell Row,E01033484,Darlington 008F,Other crime,,
,2011-03,Durham Constabulary,Durham Constabulary,-1.558111,54.522967,On or near Grange Road,E01033484,Darlington 008F,Other crime,,
,2011-03,Durham Constabulary,Durham Constabulary,-1.557224,54.526387,On or near Bondgate,E01033484,Darlington 008F,Other crime,,
,2011-03,Durham Constabulary,Durham Constabulary,-1.557224,54.526387,On or near Bondgate,E01033484,Darlington 008F,Other crime,,
,2011-03,Durham Constabulary,Durham Constabulary,-1.554451,54.524175,On or near Horse Market,E01033484,Darlington 008F,Other crime,,
,2011-03,Durham Constabulary,Durham Constabulary,-1.554451,54.524175,On or near Horse Market,E01033484,Darlington 008F,Other crime,,
,2011-03,Durham Constabulary,Durham Constabulary,-1.555571,54.523532,On or near Houndgate,E01033484,Darlington 008F,Other crime,,
,2011-03,Durham Constabulary,Durham Constabulary,-1.552732,54.526020,On or near Crown Street,E01033484,Darlington 008F,Other crime,,
,2011-03,Durham Constabulary,Durham Constabulary,-1.552732,54.526020,On or near Crown Street,E01033484,Darlington 008F,Other crime,,
,2011-03,Durham Constabulary,Durham Constabulary,-1.557290,54.526010,On or near Skinnergate,E01033484,Darlington 008F,Other crime,,
,2011-03,Durham Constabulary,Durham Constabulary,-1.552732,54.526020,On or near Crown Street,E01033484,Darlington 008F,Other crime,,
,2011-03,Durham Constabulary,Durham Constabulary,-1.553656,54.524873,On or near Tubwell Row,E01033484,Darlington 008F,Other crime,,
,2011-03,Durham Constabulary,Durham Constabulary,-1.552732,54.526020,On or near Crown Street,E01033484,Darlington 008F,Other crime,,
,2011-03,Durham Constabulary,Durham Constabulary,-1.553656,54.524873,On or near Tubwell Row,E01033484,Darlington 008F,Other crime,,
,2011-03,Durham Constabulary,Durham Constabulary,-1.553656,54.524873,On or near Tubwell Row,E01033484,Darlington 008F,Other crime,,
,2011-03,Durham Constabulary,Durham Constabulary,-1.552732,54.526020,On or near Crown Street,E01033484,Darlington 008F,Other crime,,
,2011-03,Durham Constabulary,Durham Constabulary,-1.562646,54.527962,On or near Woodland Road,E01033484,Darlington 008F,Other crime,,
,2011-03,Durham Constabulary,Durham Constabulary,-1.559568,54.525380,On or near Duke Street,E01033484,Darlington 008F,Other crime,,
,2011-03,Durham Constabulary,Durham Constabulary,-1.552732,54.526020,On or near Crown Street,E01033484,Darlington 008F,Other crime,,
,2011-03,Durham Constabulary,Durham Constabulary,-1.558111,54.522967,On or near Grange Road,E01033484,Darlington 008F,Other crime,,
,2011-03,Durham Constabulary,Durham Constabulary,-1.553656,54.524873,On or near Tubwell Row,E01033484,Darlington 008F,Other crime,,
,2011-03,Durham Constabulary,Durham Constabulary,-1.559635,54.524922,On or near East Raby Street,E01033484,Darlington 008F,Other crime,,
,2011-03,Durham Constabulary,Durham Constabulary,-1.555571,54.523532,On or near Houndgate,E01033484,Darlington 008F,Other crime,,
,2011-03,Durham Constabulary,Durham Constabulary,-1.560230,54.527072,On or near Portland Place,E01033484,Darlington 008F,Other crime,,
,2011-03,Durham Constabulary,Durham Constabulary,-1.553656,54.524873,On or near Tubwell Row,E01033484,Darlington 008F,Other crime,,
,2011-03,Durham Constabulary,Durham Constabulary,-1.552732,54.526020,On or near Crown Street,E01033484,Darlington 008F,Other crime,,
,2011-03,Durham Constabulary,Durham Constabulary,-1.560685,54.524917,On or near Larchfield Street,E01033484,Darlington 008F,Other crime,,
,2011-03,Durham Constabulary,Durham Constabulary,-1.559920,54.524258,On or near Primrose Street,E01033484,Darlington 008F,Other crime,,
,2011-03,Durham Constabulary,Durham Constabulary,-1.561555,54.525963,On or near Napier Street,E01033484,Darlington 008F,Other crime,,
,2011-03,Durham Constabulary,Durham Constabulary,-1.552732,54.526020,On or near Crown Street,E01033484,Darlington 008F,Other crime,,
,2011-03,Durham Constabulary,Durham Constabulary,-1.559635,54.524922,On or near East Raby Street,E01033484,Darlington 008F,Other crime,,
,2011-03,Durham Constabulary,Durham Constabulary,-1.561489,54.524884,On or near Raby Street,E01033484,Darlington 008F,Other crime,,
,2011-03,Durham Constabulary,Durham Constabulary,-1.552732,54.526020,On or near Crown Street,E01033484,Darlington 008F,Other crime,,
,2011-03,Durham Constabulary,Durham Constabulary,-1.557224,54.526387,On or near Bondgate,E01033484,Darlington 008F,Other crime,,
,2011-03,Durham Constabulary,Durham Constabulary,-1.555571,54.523532,On or near Houndgate,E01033484,Darlington 008F,Other crime,,
,2011-03,Durham Constabulary,Durham Constabulary,-1.560685,54.524917,On or near Larchfield Street,E01033484,Darlington 008F,Other crime,,
,2011-03,Durham Constabulary,Durham Constabulary,-1.552732,54.526020,On or near Crown Street,E01033484,Darlington 008F,Other crime,,
,2011-03,Durham Constabulary,Durham Constabulary,-1.555571,54.523532,On or near Houndgate,E01033484,Darlington 008F,Other crime,,
,2011-03,Durham Constabulary,Durham Constabulary,-1.559568,54.525380,On or near Duke Street,E01033484,Darlington 008F,Other crime,,
,2011-03,Durham Constabulary,Durham Constabulary,-1.557224,54.526387,On or near Bondgate,E01033484,Darlington 008F,Other crime,,
,2011-03,Durham Constabulary,Durham Constabulary,-1.545640,54.530200,On or near Dundee Street,E01012307,Darlington 009A,Anti-social behaviour,,
,2011-03,Durham Constabulary,Durham Constabulary,-1.545640,54.530200,On or near Dundee Street,E01012307,Darlington 009A,Anti-social behaviour,,
,2011-03,Durham Constabulary,Durham Constabulary,-1.545640,54.530200,On or near Dundee Street,E01012307,Darlington 009A,Anti-social behaviour,,
,2011-03,Durham Constabulary,Durham Constabulary,-1.534819,54.533268,On or near Alexander Street,E01012307,Darlington 009A,Anti-social behaviour,,
,2011-03,Durham Constabulary,Durham Constabulary,-1.541057,54.533732,On or near Killinghall Street,E01012307,Darlington 009A,Anti-social behaviour,,
,2011-03,Durham Constabulary,Durham Constabulary,-1.535195,54.532811,On or near Wolsingham Terrace,E01012307,Darlington 009A,Anti-social behaviour,,
,2011-03,Durham Constabulary,Durham Constabulary,-1.535923,54.532697,On or near Westgarth Terrace,E01012307,Darlington 009A,Anti-social behaviour,,
,2011-03,Durham Constabulary,Durham Constabulary,-1.535923,54.532697,On or near Westgarth Terrace,E01012307,Darlington 009A,Anti-social behaviour,,
,2011-03,Durham Constabulary,Durham Constabulary,-1.544336,54.536297,On or near Forge Way,E01012307,Darlington 009A,Anti-social behaviour,,
,2011-03,Durham Constabulary,Durham Constabulary,-1.534819,54.533268,On or near Alexander Street,E01012307,Darlington 009A,Anti-social behaviour,,
,2011-03,Durham Constabulary,Durham Constabulary,-1.541348,54.532619,On or near Bowes Court,E01012307,Darlington 009A,Burglary,,
,2011-03,Durham Constabulary,Durham Constabulary,-1.538247,54.533488,On or near Barton Street,E01012307,Darlington 009A,Vehicle crime,,
,2011-03,Durham Constabulary,Durham Constabulary,-1.534819,54.533268,On or near Alexander Street,E01012307,Darlington 009A,Vehicle crime,,
,2011-03,Durham Constabulary,Durham Constabulary,-1.545142,54.530548,On or near Montrose Street,E01012307,Darlington 009A,Violent crime,,
,2011-03,Durham Constabulary,Durham Constabulary,-1.538247,54.533488,On or near Barton Street,E01012307,Darlington 009A,Violent crime,,
,2011-03,Durham Constabulary,Durham Constabulary,-1.540174,54.535320,On or near Dodsworth Street,E01012307,Darlington 009A,Violent crime,,
,2011-03,Durham Constabulary,Durham Constabulary,-1.539575,54.533610,On or near Prescott Street,E01012307,Darlington 009A,Violent crime,,
,2011-03,Durham Constabulary,Durham Constabulary,-1.545142,54.530548,On or near Montrose Street,E01012307,Darlington 009A,Other crime,,
,2011-03,Durham Constabulary,Durham Constabulary,-1.538878,54.533715,On or near Grey Street,E01012307,Darlington 009A,Other crime,,
,2011-03,Durham Constabulary,Durham Constabulary,-1.539575,54.533610,On or near Prescott Street,E01012307,Darlington 009A,Other crime,,
,2011-03,Durham Constabulary,Durham Constabulary,-1.535195,54.532811,On or near Wolsingham Terrace,E01012307,Darlington 009A,Other crime,,
,2011-03,Durham Constabulary,Durham Constabulary,-1.544336,54.536297,On or near Forge Way,E01012307,Darlington 009A,Other crime,,
,2011-03,Durham Constabulary,Durham Constabulary,-1.534380,54.533887,On or near Haughton Road,E01012307,Darlington 009A,Other crime,,
,2011-03,Durham Constabulary,Durham Constabulary,-1.538247,54.533488,On or near Barton Street,E01012307,Darlington 009A,Other crime,,
,2011-03,Durham Constabulary,Durham Constabulary,-1.545142,54.530548,On or near Montrose Street,E01012307,Darlington 009A,Other crime,,
,2011-03,Durham Constabulary,Durham Constabulary,-1.540174,54.535320,On or near Dodsworth Street,E01012307,Darlington 009A,Other crime,,
,2011-03,Durham Constabulary,Durham Constabulary,-1.541057,54.533732,On or near Killinghall Street,E01012307,Darlington 009A,Other crime,,
,2011-03,Durham Constabulary,Durham Constabulary,-1.538878,54.533715,On or near Grey Street,E01012307,Darlington 009A,Other crime,,
,2011-03,Durham Constabulary,Durham Constabulary,-1.511709,54.533878,On or near Chepstow Court,E01012327,Darlington 009B,Anti-social behaviour,,
,2011-03,Durham Constabulary,Durham Constabulary,-1.515147,54.534557,On or near Mallory Court,E01012327,Darlington 009B,Anti-social behaviour,,
,2011-03,Durham Constabulary,Durham Constabulary,-1.521297,54.533287,On or near Harringay Crescent,E01012327,Darlington 009B,Anti-social behaviour,,
,2011-03,Durham Constabulary,Durham Constabulary,-1.511709,54.533878,On or near Chepstow Court,E01012327,Darlington 009B,Anti-social behaviour,,
,2011-03,Durham Constabulary,Durham Constabulary,-1.521826,54.533002,On or near Roker Close,E01012327,Darlington 009B,Anti-social behaviour,,
,2011-03,Durham Constabulary,Durham Constabulary,-1.515147,54.534557,On or near Mallory Court,E01012327,Darlington 009B,Anti-social behaviour,,
,2011-03,Durham Constabulary,Durham Constabulary,-1.515147,54.534557,On or near Mallory Court,E01012327,Darlington 009B,Anti-social behaviour,,
,2011-03,Durham Constabulary,Durham Constabulary,-1.511709,54.533878,On or near Chepstow Court,E01012327,Darlington 009B,Anti-social behaviour,,
,2011-03,Durham Constabulary,Durham Constabulary,-1.511709,54.533878,On or near Chepstow Court,E01012327,Darlington 009B,Anti-social behaviour,,
,2011-03,Durham Constabulary,Durham Constabulary,-1.515147,54.534557,On or near Mallory Court,E01012327,Darlington 009B,Anti-social behaviour,,
,2011-03,Durham Constabulary,Durham Constabulary,-1.518614,54.532818,On or near Goodison Way,E01012327,Darlington 009B,Anti-social behaviour,,
,2011-03,Durham Constabulary,Durham Constabulary,-1.511709,54.533878,On or near Chepstow Court,E01012327,Darlington 009B,Anti-social behaviour,,
,2011-03,Durham Constabulary,Durham Constabulary,-1.518614,54.532818,On or near Goodison Way,E01012327,Darlington 009B,Anti-social behaviour,,
,2011-03,Durham Constabulary,Durham Constabulary,-1.516820,54.532937,On or near White Hart Crescent,E01012327,Darlington 009B,Anti-social behaviour,,
,2011-03,Durham Constabulary,Durham Constabulary,-1.520764,54.532620,On or near Wimbledon Close,E01012327,Darlington 009B,Anti-social behaviour,,
,2011-03,Durham Constabulary,Durham Constabulary,-1.515147,54.534557,On or near Mallory Court,E01012327,Darlington 009B,Anti-social behaviour,,
,2011-03,Durham Constabulary,Durham Constabulary,-1.516530,54.532630,On or near Murrayfield Way,E01012327,Darlington 009B,Anti-social behaviour,,
,2011-03,Durham Constabulary,Durham Constabulary,-1.516820,54.532937,On or near White Hart Crescent,E01012327,Darlington 009B,Anti-social behaviour,,
,2011-03,Durham Constabulary,Durham Constabulary,-1.515147,54.534557,On or near Mallory Court,E01012327,Darlington 009B,Anti-social behaviour,,
,2011-03,Durham Constabulary,Durham Constabulary,-1.511709,54.533878,On or near Chepstow Court,E01012327,Darlington 009B,Anti-social behaviour,,
,2011-03,Durham Constabulary,Durham Constabulary,-1.511709,54.533878,On or near Chepstow Court,E01012327,Darlington 009B,Anti-social behaviour,,
,2011-03,Durham Constabulary,Durham Constabulary,-1.511709,54.533878,On or near Chepstow Court,E01012327,Darlington 009B,Burglary,,
,2011-03,Durham Constabulary,Durham Constabulary,-1.518898,54.533592,On or near Headingley Crescent,E01012327,Darlington 009B,Burglary,,
,2011-03,Durham Constabulary,Durham Constabulary,-1.516820,54.532937,On or near White Hart Crescent,E01012327,Darlington 009B,Vehicle crime,,
,2011-03,Durham Constabulary,Durham Constabulary,-1.513699,54.532880,On or near Deepdale Way,E01012327,Darlington 009B,Vehicle crime,,
,2011-03,Durham Constabulary,Durham Constabulary,-1.511709,54.533878,On or near Chepstow Court,E01012327,Darlington 009B,Violent crime,,
,2011-03,Durham Constabulary,Durham Constabulary,-1.518898,54.533592,On or near Headingley Crescent,E01012327,Darlington 009B,Other crime,,
,2011-03,Durham Constabulary,Durham Constabulary,-1.516530,54.532630,On or near Murrayfield Way,E01012327,Darlington 009B,Other crime,,
,2011-03,Durham Constabulary,Durham Constabulary,-1.514592,54.533189,On or near Bramall Lane,E01012327,Darlington 009B,Other crime,,
,2011-03,Durham Constabulary,Durham Constabulary,-1.516820,54.532937,On or near White Hart Crescent,E01012327,Darlington 009B,Other crime,,
,2011-03,Durham Constabulary,Durham Constabulary,-1.521297,54.533287,On or near Harringay Crescent,E01012327,Darlington 009B,Other crime,,
,2011-03,Durham Constabulary,Durham Constabulary,-1.521826,54.533002,On or near Roker Close,E01012327,Darlington 009B,Other crime,,
,2011-03,Durham Constabulary,Durham Constabulary,-1.518614,54.532818,On or near Goodison Way,E01012327,Darlington 009B,Other crime,,
,2011-03,Durham Constabulary,Durham Constabulary,-1.511709,54.533878,On or near Chepstow Court,E01012327,Darlington 009B,Other crime,,
,2011-03,Durham Constabulary,Durham Constabulary,-1.518614,54.532818,On or near Goodison Way,E01012327,Darlington 009B,Other crime,,
,2011-03,Durham Constabulary,Durham Constabulary,-1.518614,54.532818,On or near Goodison Way,E01012327,Darlington 009B,Other crime,,
,2011-03,Durham Constabulary,Durham Constabulary,-1.516820,54.532937,On or near White Hart Crescent,E01012327,Darlington 009B,Other crime,,
,2011-03,Durham Constabulary,Durham Constabulary,-1.518614,54.532818,On or near Goodison Way,E01012327,Darlington 009B,Other crime,,
,2011-03,Durham Constabulary,Durham Constabulary,-1.513699,54.532880,On or near Deepdale Way,E01012327,Darlington 009B,Other crime,,
,2011-03,Durham Constabulary,Durham Constabulary,-1.520764,54.532620,On or near Wimbledon Close,E01012327,Darlington 009B,Other crime,,
,2011-03,Durham Constabulary,Durham Constabulary,-1.520764,54.532620,On or near Wimbledon Close,E01012327,Darlington 009B,Other crime,,
,2011-03,Durham Constabulary,Durham Constabulary,-1.516820,54.532937,On or near White Hart Crescent,E01012327,Darlington 009B,Other crime,,
,2011-03,Durham Constabulary,Durham Constabulary,-1.516820,54.532937,On or near White Hart Crescent,E01012327,Darlington 009B,Other crime,,
,2011-03,Durham Constabulary,Durham Constabulary,-1.511709,54.533878,On or near Chepstow Court,E01012327,Darlington 009B,Other crime,,
,2011-03,Durham Constabulary,Durham Constabulary,-1.518898,54.533592,On or near Headingley Crescent,E01012327,Darlington 009B,Other crime,,
,2011-03,Durham Constabulary,Durham Constabulary,-1.518898,54.533592,On or near Headingley Crescent,E01012327,Darlington 009B,Other crime,,
,2011-03,Durham Constabulary,Durham Constabulary,-1.516530,54.532630,On or near Murrayfield Way,E01012327,Darlington 009B,Other crime,,
,2011-03,Durham Constabulary,Durham Constabulary,-1.518614,54.532818,On or near Goodison Way,E01012327,Darlington 009B,Other crime,,
,2011-03,Durham Constabulary,Durham Constabulary,-1.521297,54.533287,On or near Harringay Crescent,E01012327,Darlington 009B,Other crime,,
,2011-03,Durham Constabulary,Durham Constabulary,-1.519267,54.533738,On or near Trafford Close,E01012327,Darlington 009B,Other crime,,
,2011-03,Durham Constabulary,Durham Constabulary,-1.511709,54.533878,On or near Chepstow Court,E01012327,Darlington 009B,Other crime,,
,2011-03,Durham Constabulary,Durham Constabulary,-1.518614,54.532818,On or near Goodison Way,E01012327,Darlington 009B,Other crime,,
,2011-03,Durham Constabulary,Durham Constabulary,-1.518898,54.533592,On or near Headingley Crescent,E01012327,Darlington 009B,Other crime,,
,2011-03,Durham Constabulary,Durham Constabulary,-1.536977,54.531030,On or near Shelley Road,E01012342,Darlington 009C,Anti-social behaviour,,
,2011-03,Durham Constabulary,Durham Constabulary,-1.536833,54.527389,On or near Hundens Lane,E01012342,Darlington 009C,Anti-social behaviour,,
,2011-03,Durham Constabulary,Durham Constabulary,-1.536764,54.523956,On or near Dinsdale Crescent,E01012342,Darlington 009C,Anti-social behaviour,,
,2011-03,Durham Constabulary,Durham Constabulary,-1.535420,54.525227,On or near Violet Grove,E01012342,Darlington 009C,Anti-social behaviour,,
,2011-03,Durham Constabulary,Durham Constabulary,-1.535366,54.530071,On or near Arnold Road,E01012342,Darlington 009C,Anti-social behaviour,,
,2011-03,Durham Constabulary,Durham Constabulary,-1.535366,54.530071,On or near Arnold Road,E01012342,Darlington 009C,Anti-social behaviour,,
,2011-03,Durham Constabulary,Durham Constabulary,-1.524917,54.528988,On or near Banks Road,E01012342,Darlington 009C,Anti-social behaviour,,
,2011-03,Durham Constabulary,Durham Constabulary,-1.536977,54.531030,On or near Shelley Road,E01012342,Darlington 009C,Anti-social behaviour,,
,2011-03,Durham Constabulary,Durham Constabulary,-1.536977,54.531030,On or near Shelley Road,E01012342,Darlington 009C,Anti-social behaviour,,
,2011-03,Durham Constabulary,Durham Constabulary,-1.536416,54.523290,On or near Yarm Road,E01012342,Darlington 009C,Anti-social behaviour,,
,2011-03,Durham Constabulary,Durham Constabulary,-1.535366,54.530071,On or near Arnold Road,E01012342,Darlington 009C,Anti-social behaviour,,
,2011-03,Durham Constabulary,Durham Constabulary,-1.535366,54.530071,On or near Arnold Road,E01012342,Darlington 009C,Burglary,,
,2011-03,Durham Constabulary,Durham Constabulary,-1.536977,54.531030,On or near Shelley Road,E01012342,Darlington 009C,Burglary,,
,2011-03,Durham Constabulary,Durham Constabulary,-1.535366,54.530071,On or near Arnold Road,E01012342,Darlington 009C,Burglary,,
,2011-03,Durham Constabulary,Durham Constabulary,-1.535366,54.530071,On or near Arnold Road,E01012342,Darlington 009C,Vehicle crime,,
,2011-03,Durham Constabulary,Durham Constabulary,-1.536764,54.523956,On or near Dinsdale Crescent,E01012342,Darlington 009C,Violent crime,,
,2011-03,Durham Constabulary,Durham Constabulary,-1.539442,54.526249,On or near John Dixon Lane,E01012342,Darlington 009C,Violent crime,,
,2011-03,Durham Constabulary,Durham Constabulary,-1.535366,54.530071,On or near Arnold Road,E01012342,Darlington 009C,Violent crime,,
,2011-03,Durham Constabulary,Durham Constabulary,-1.536977,54.531030,On or near Shelley Road,E01012342,Darlington 009C,Violent crime,,
,2011-03,Durham Constabulary,Durham Constabulary,-1.536833,54.527389,On or near Hundens Lane,E01012342,Darlington 009C,Violent crime,,
,2011-03,Durham Constabulary,Durham Constabulary,-1.536416,54.523290,On or near Yarm Road,E01012342,Darlington 009C,Other crime,,
,2011-03,Durham Constabulary,Durham Constabulary,-1.536977,54.531030,On or near Shelley Road,E01012342,Darlington 009C,Other crime,,
,2011-03,Durham Constabulary,Durham Constabulary,-1.536977,54.531030,On or near Shelley Road,E01012342,Darlington 009C,Other crime,,
,2011-03,Durham Constabulary,Durham Constabulary,-1.536833,54.527389,On or near Hundens Lane,E01012342,Darlington 009C,Other crime,,
,2011-03,Durham Constabulary,Durham Constabulary,-1.539442,54.526249,On or near John Dixon Lane,E01012342,Darlington 009C,Other crime,,
,2011-03,Durham Constabulary,Durham Constabulary,-1.535366,54.530071,On or near Arnold Road,E01012342,Darlington 009C,Other crime,,
,2011-03,Durham Constabulary,Durham Constabulary,-1.524917,54.528988,On or near Banks Road,E01012342,Darlington 009C,Other crime,,
,2011-03,Durham Constabulary,Durham Constabulary,-1.536977,54.531030,On or near Shelley Road,E01012342,Darlington 009C,Other crime,,
,2011-03,Durham Constabulary,Durham Constabulary,-1.524917,54.528988,On or near Banks Road,E01012342,Darlington 009C,Other crime,,
,2011-03,Durham Constabulary,Durham Constabulary,-1.536977,54.531030,On or near Shelley Road,E01012342,Darlington 009C,Other crime,,
,2011-03,Durham Constabulary,Durham Constabulary,-1.536416,54.523290,On or near Yarm Road,E01012342,Darlington 009C,Other crime,,
,2011-03,Durham Constabulary,Durham Constabulary,-1.536977,54.531030,On or near Shelley Road,E01012342,Darlington 009C,Other crime,,
,2011-03,Durham Constabulary,Durham Constabulary,-1.536977,54.531030,On or near Shelley Road,E01012342,Darlington 009C,Other crime,,
,2011-03,Durham Constabulary,Durham Constabulary,-1.535366,54.530071,On or near Arnold Road,E01012342,Darlington 009C,Other crime,,
,2011-03,Durham Constabulary,Durham Constabulary,-1.536977,54.531030,On or near Shelley Road,E01012342,Darlington 009C,Other crime,,
,2011-03,Durham Constabulary,Durham Constabulary,-1.519357,54.522136,On or near Malim Road,E01012343,Darlington 009D,Anti-social behaviour,,
,2011-03,Durham Constabulary,Durham Constabulary,-1.523354,54.523832,On or near Heron Drive,E01012343,Darlington 009D,Anti-social behaviour,,
,2011-03,Durham Constabulary,Durham Constabulary,-1.529747,54.524136,On or near The Stray,E01012343,Darlington 009D,Anti-social behaviour,,
,2011-03,Durham Constabulary,Durham Constabulary,-1.519357,54.522136,On or near Malim Road,E01012343,Darlington 009D,Anti-social behaviour,,
,2011-03,Durham Constabulary,Durham Constabulary,-1.506854,54.523829,On or near Lingfield Way,E01012343,Darlington 009D,Anti-social behaviour,,
,2011-03,Durham Constabulary,Durham Constabulary,-1.519357,54.522136,On or near Malim Road,E01012343,Darlington 009D,Anti-social behaviour,,
,2011-03,Durham Constabulary,Durham Constabulary,-1.519357,54.522136,On or near Malim Road,E01012343,Darlington 009D,Anti-social behaviour,,
,2011-03,Durham Constabulary,Durham Constabulary,-1.522473,54.522571,On or near Albatross Way,E01012343,Darlington 009D,Anti-social behaviour,,
,2011-03,Durham Constabulary,Durham Constabulary,-1.520184,54.522822,On or near Widgeon Road,E01012343,Darlington 009D,Anti-social behaviour,,
,2011-03,Durham Constabulary,Durham Constabulary,-1.522473,54.522571,On or near Albatross Way,E01012343,Darlington 009D,Anti-social behaviour,,
,2011-03,Durham Constabulary,Durham Constabulary,-1.522473,54.522571,On or near Albatross Way,E01012343,Darlington 009D,Anti-social behaviour,,
,2011-03,Durham Constabulary,Durham Constabulary,-1.523742,54.525074,On or near Shearwater Avenue,E01012343,Darlington 009D,Anti-social behaviour,,
,2011-03,Durham Constabulary,Durham Constabulary,-1.529747,54.524136,On or near The Stray,E01012343,Darlington 009D,Anti-social behaviour,,
,2011-03,Durham Constabulary,Durham Constabulary,-1.522473,54.522571,On or near Albatross Way,E01012343,Darlington 009D,Anti-social behaviour,,
,2011-03,Durham Constabulary,Durham Constabulary,-1.523354,54.523832,On or near Heron Drive,E01012343,Darlington 009D,Anti-social behaviour,,
,2011-03,Durham Constabulary,Durham Constabulary,-1.522473,54.522571,On or near Albatross Way,E01012343,Darlington 009D,Anti-social behaviour,,
,2011-03,Durham Constabulary,Durham Constabulary,-1.522473,54.522571,On or near Albatross Way,E01012343,Darlington 009D,Anti-social behaviour,,
,2011-03,Durham Constabulary,Durham Constabulary,-1.526689,54.524070,On or near The Byway,E01012343,Darlington 009D,Anti-social behaviour,,
,2011-03,Durham Constabulary,Durham Constabulary,-1.509257,54.525681,On or near Henson Road,E01012343,Darlington 009D,Anti-social behaviour,,
,2011-03,Durham Constabulary,Durham Constabulary,-1.521787,54.525794,On or near Falcon Road,E01012343,Darlington 009D,Vehicle crime,,
,2011-03,Durham Constabulary,Durham Constabulary,-1.521787,54.525794,On or near Falcon Road,E01012343,Darlington 009D,Vehicle crime,,
,2011-03,Durham Constabulary,Durham Constabulary,-1.522473,54.522571,On or near Albatross Way,E01012343,Darlington 009D,Violent crime,,
,2011-03,Durham Constabulary,Durham Constabulary,-1.520786,54.525485,On or near The Broadway South,E01012343,Darlington 009D,Violent crime,,
,2011-03,Durham Constabulary,Durham Constabulary,-1.519357,54.522136,On or near Malim Road,E01012343,Darlington 009D,Other crime,,
,2011-03,Durham Constabulary,Durham Constabulary,-1.519357,54.522136,On or near Malim Road,E01012343,Darlington 009D,Other crime,,
,2011-03,Durham Constabulary,Durham Constabulary,-1.520786,54.525485,On or near The Broadway South,E01012343,Darlington 009D,Other crime,,
,2011-03,Durham Constabulary,Durham Constabulary,-1.513747,54.527497,On or near Lingfield Close,E01012343,Darlington 009D,Other crime,,
,2011-03,Durham Constabulary,Durham Constabulary,-1.529535,54.525160,On or near The Crossway,E01012343,Darlington 009D,Other crime,,
,2011-03,Durham Constabulary,Durham Constabulary,-1.522473,54.522571,On or near Albatross Way,E01012343,Darlington 009D,Other crime,,
,2011-03,Durham Constabulary,Durham Constabulary,-1.519357,54.522136,On or near Malim Road,E01012343,Darlington 009D,Other crime,,
,2011-03,Durham Constabulary,Durham Constabulary,-1.526689,54.524070,On or near The Byway,E01012343,Darlington 009D,Other crime,,
,2011-03,Durham Constabulary,Durham Constabulary,-1.506854,54.523829,On or near Lingfield Way,E01012343,Darlington 009D,Other crime,,
,2011-03,Durham Constabulary,Durham Constabulary,-1.506854,54.523829,On or near Lingfield Way,E01012343,Darlington 009D,Other crime,,
,2011-03,Durham Constabulary,Durham Constabulary,-1.526689,54.524070,On or near The Byway,E01012343,Darlington 009D,Other crime,,
,2011-03,Durham Constabulary,Durham Constabulary,-1.522473,54.522571,On or near Albatross Way,E01012343,Darlington 009D,Other crime,,
,2011-03,Durham Constabulary,Durham Constabulary,-1.526689,54.524070,On or near The Byway,E01012343,Darlington 009D,Other crime,,
,2011-03,Durham Constabulary,Durham Constabulary,-1.520570,54.526760,On or near Mcmullen Road,E01012343,Darlington 009D,Other crime,,
,2011-03,Durham Constabulary,Durham Constabulary,-1.574746,54.529272,On or near Woodland Terrace,E01012315,Darlington 010A,Anti-social behaviour,,
,2011-03,Durham Constabulary,Durham Constabulary,-1.577290,54.529802,On or near Highbury Road,E01012315,Darlington 010A,Burglary,,
,2011-03,Durham Constabulary,Durham Constabulary,-1.577578,54.524411,On or near Spruce Grove,E01012315,Darlington 010A,Burglary,,
,2011-03,Durham Constabulary,Durham Constabulary,-1.577578,54.524411,On or near Spruce Grove,E01012315,Darlington 010A,Burglary,,
,2011-03,Durham Constabulary,Durham Constabulary,-1.576094,54.526006,On or near Breck Road,E01012315,Darlington 010A,Burglary,,
,2011-03,Durham Constabulary,Durham Constabulary,-1.575260,54.524448,On or near Neville Road,E01012315,Darlington 010A,Burglary,,
,2011-03,Durham Constabulary,Durham Constabulary,-1.577207,54.527411,On or near Milbank Court,E01012315,Darlington 010A,Vehicle crime,,
,2011-03,Durham Constabulary,Durham Constabulary,-1.577207,54.527411,On or near Milbank Court,E01012315,Darlington 010A,Violent crime,,
,2011-03,Durham Constabulary,Durham Constabulary,-1.577578,54.524411,On or near Spruce Grove,E01012315,Darlington 010A,Other crime,,
,2011-03,Durham Constabulary,Durham Constabulary,-1.571591,54.522197,On or near Elton Grove,E01012315,Darlington 010A,Other crime,,
,2011-03,Durham Constabulary,Durham Constabulary,-1.565195,54.523621,On or near Swinburne Road,E01012316,Darlington 010B,Anti-social behaviour,,
,2011-03,Durham Constabulary,Durham Constabulary,-1.565732,54.526868,On or near Trinity Road,E01012316,Darlington 010B,Anti-social behaviour,,
,2011-03,Durham Constabulary,Durham Constabulary,-1.568893,54.527490,On or near Stonedale Crescent,E01012316,Darlington 010B,Anti-social behaviour,,
,2011-03,Durham Constabulary,Durham Constabulary,-1.565732,54.526868,On or near Trinity Road,E01012316,Darlington 010B,Anti-social behaviour,,
,2011-03,Durham Constabulary,Durham Constabulary,-1.565732,54.526868,On or near Trinity Road,E01012316,Darlington 010B,Anti-social behaviour,,
,2011-03,Durham Constabulary,Durham Constabulary,-1.565179,54.523648,On or near Uplands Road,E01012316,Darlington 010B,Anti-social behaviour,,
,2011-03,Durham Constabulary,Durham Constabulary,-1.570743,54.524980,On or near Abbey Road,E01012316,Darlington 010B,Anti-social behaviour,,
,2011-03,Durham Constabulary,Durham Constabulary,-1.565035,54.522668,On or near Langholm Crescent,E01012316,Darlington 010B,Anti-social behaviour,,
,2011-03,Durham Constabulary,Durham Constabulary,-1.565035,54.522668,On or near Langholm Crescent,E01012316,Darlington 010B,Anti-social behaviour,,
,2011-03,Durham Constabulary,Durham Constabulary,-1.571900,54.529523,On or near Pierremont Gardens,E01012316,Darlington 010B,Anti-social behaviour,,
,2011-03,Durham Constabulary,Durham Constabulary,-1.565195,54.523621,On or near Swinburne Road,E01012316,Darlington 010B,Anti-social behaviour,,
,2011-03,Durham Constabulary,Durham Constabulary,-1.565035,54.522668,On or near Langholm Crescent,E01012316,Darlington 010B,Anti-social behaviour,,
,2011-03,Durham Constabulary,Durham Constabulary,-1.566836,54.526206,On or near Scholars Park,E01012316,Darlington 010B,Anti-social behaviour,,
,2011-03,Durham Constabulary,Durham Constabulary,-1.574129,54.530654,On or near Heatherwood Grove,E01012316,Darlington 010B,Burglary,,
,2011-03,Durham Constabulary,Durham Constabulary,-1.565732,54.526868,On or near Trinity Road,E01012316,Darlington 010B,Burglary,,
,2011-03,Durham Constabulary,Durham Constabulary,-1.566547,54.527257,On or near Trinity Mews,E01012316,Darlington 010B,Burglary,,
,2011-03,Durham Constabulary,Durham Constabulary,-1.565179,54.523648,On or near Uplands Road,E01012316,Darlington 010B,Burglary,,
,2011-03,Durham Constabulary,Durham Constabulary,-1.568699,54.522493,On or near Leconfield,E01012316,Darlington 010B,Burglary,,
,2011-03,Durham Constabulary,Durham Constabulary,-1.566547,54.527257,On or near Trinity Mews,E01012316,Darlington 010B,Burglary,,
,2011-03,Durham Constabulary,Durham Constabulary,-1.570743,54.524980,On or near Abbey Road,E01012316,Darlington 010B,Burglary,,
,2011-03,Durham Constabulary,Durham Constabulary,-1.565732,54.526868,On or near Trinity Road,E01012316,Darlington 010B,Burglary,,
,2011-03,Durham Constabulary,Durham Constabulary,-1.565732,54.526868,On or near Trinity Road,E01012316,Darlington 010B,Burglary,,
,2011-03,Durham Constabulary,Durham Constabulary,-1.574129,54.530654,On or near Heatherwood Grove,E01012316,Darlington 010B,Vehicle crime,,
,2011-03,Durham Constabulary,Durham Constabulary,-1.574129,54.530654,On or near Heatherwood Grove,E01012316,Darlington 010B,Violent crime,,
,2011-03,Durham Constabulary,Durham Constabulary,-1.565035,54.522668,On or near Langholm Crescent,E01012316,Darlington 010B,Other crime,,
,2011-03,Durham Constabulary,Durham Constabulary,-1.569835,54.529039,On or near The Woodlands,E01012316,Darlington 010B,Other crime,,
,2011-03,Durham Constabulary,Durham Constabulary,-1.566138,54.523544,On or near Fife Road,E01012316,Darlington 010B,Other crime,,
,2011-03,Durham Constabulary,Durham Constabulary,-1.563849,54.523841,On or near Mayfield,E01012316,Darlington 010B,Other crime,,
,2011-03,Durham Constabulary,Durham Constabulary,-1.566138,54.523544,On or near Fife Road,E01012316,Darlington 010B,Other crime,,
,2011-03,Durham Constabulary,Durham Constabulary,-1.566836,54.526206,On or near Scholars Park,E01012316,Darlington 010B,Other crime,,
,2011-03,Durham Constabulary,Durham Constabulary,-1.569835,54.529039,On or near The Woodlands,E01012316,Darlington 010B,Other crime,,
,2011-03,Durham Constabulary,Durham Constabulary,-1.565732,54.526868,On or near Trinity Road,E01012316,Darlington 010B,Other crime,,
,2011-03,Durham Constabulary,Durham Constabulary,-1.566836,54.526206,On or near Scholars Park,E01012316,Darlington 010B,Other crime,,
,2011-03,Durham Constabulary,Durham Constabulary,-1.571900,54.529523,On or near Pierremont Gardens,E01012316,Darlington 010B,Other crime,,
,2011-03,Durham Constabulary,Durham Constabulary,-1.574129,54.530654,On or near Heatherwood Grove,E01012316,Darlington 010B,Other crime,,
,2011-03,Durham Constabulary,Durham Constabulary,-1.565732,54.526868,On or near Trinity Road,E01012316,Darlington 010B,Other crime,,
,2011-03,Durham Constabulary,Durham Constabulary,-1.565732,54.526868,On or near Trinity Road,E01012316,Darlington 010B,Other crime,,
,2011-03,Durham Constabulary,Durham Constabulary,-1.569035,54.518468,On or near Hillside Road,E01012360,Darlington 010C,Anti-social behaviour,,
,2011-03,Durham Constabulary,Durham Constabulary,-1.565440,54.516567,On or near Upsall Drive,E01012360,Darlington 010C,Anti-social behaviour,,
,2011-03,Durham Constabulary,Durham Constabulary,-1.563331,54.518798,On or near Harewood Grove,E01012360,Darlington 010C,Anti-social behaviour,,
,2011-03,Durham Constabulary,Durham Constabulary,-1.565440,54.516567,On or near Upsall Drive,E01012360,Darlington 010C,Anti-social behaviour,,
,2011-03,Durham Constabulary,Durham Constabulary,-1.563331,54.518798,On or near Harewood Grove,E01012360,Darlington 010C,Anti-social behaviour,,
,2011-03,Durham Constabulary,Durham Constabulary,-1.563331,54.518798,On or near Harewood Grove,E01012360,Darlington 010C,Anti-social behaviour,,
,2011-03,Durham Constabulary,Durham Constabulary,-1.563331,54.518798,On or near Harewood Grove,E01012360,Darlington 010C,Anti-social behaviour,,
,2011-03,Durham Constabulary,Durham Constabulary,-1.571084,54.520470,On or near Flora Avenue,E01012360,Darlington 010C,Anti-social behaviour,,
,2011-03,Durham Constabulary,Durham Constabulary,-1.568884,54.521046,On or near Greencroft Close,E01012360,Darlington 010C,Burglary,,
,2011-03,Durham Constabulary,Durham Constabulary,-1.563331,54.518798,On or near Harewood Grove,E01012360,Darlington 010C,Other crime,,
,2011-03,Durham Constabulary,Durham Constabulary,-1.577967,54.519667,On or near Carmel Road North,E01012360,Darlington 010C,Other crime,,
,2011-03,Durham Constabulary,Durham Constabulary,-1.568884,54.521046,On or near Greencroft Close,E01012360,Darlington 010C,Other crime,,
,2011-03,Durham Constabulary,Durham Constabulary,-1.563331,54.518798,On or near Harewood Grove,E01012360,Darlington 010C,Other crime,,
,2011-03,Durham Constabulary,Durham Constabulary,-1.601838,54.524098,On or near Craigmiller Park,E01012336,Darlington 011A,Anti-social behaviour,,
,2011-03,Durham Constabulary,Durham Constabulary,-1.593801,54.525878,On or near Fulthorpe Avenue,E01012336,Darlington 011A,Anti-social behaviour,,
,2011-03,Durham Constabulary,Durham Constabulary,-1.593268,54.522038,On or near Edinburgh Drive,E01012336,Darlington 011A,Anti-social behaviour,,
,2011-03,Durham Constabulary,Durham Constabulary,-1.593268,54.522038,On or near Edinburgh Drive,E01012336,Darlington 011A,Anti-social behaviour,,
,2011-03,Durham Constabulary,Durham Constabulary,-1.593801,54.525878,On or near Fulthorpe Avenue,E01012336,Darlington 011A,Anti-social behaviour,,
,2011-03,Durham Constabulary,Durham Constabulary,-1.593801,54.525878,On or near Fulthorpe Avenue,E01012336,Darlington 011A,Anti-social behaviour,,
,2011-03,Durham Constabulary,Durham Constabulary,-1.593971,54.518140,On or near Coniscliffe Road,E01012336,Darlington 011A,Anti-social behaviour,,
,2011-03,Durham Constabulary,Durham Constabulary,-1.593801,54.525878,On or near Fulthorpe Avenue,E01012336,Darlington 011A,Anti-social behaviour,,
,2011-03,Durham Constabulary,Durham Constabulary,-1.601838,54.524098,On or near Craigmiller Park,E01012336,Darlington 011A,Vehicle crime,,
,2011-03,Durham Constabulary,Durham Constabulary,-1.590065,54.525577,On or near Hillclose Avenue,E01012336,Darlington 011A,Other crime,,
,2011-03,Durham Constabulary,Durham Constabulary,-1.601838,54.524098,On or near Craigmiller Park,E01012336,Darlington 011A,Other crime,,
,2011-03,Durham Constabulary,Durham Constabulary,-1.593620,54.523891,On or near Hanover Close,E01012336,Darlington 011A,Other crime,,
,2011-03,Durham Constabulary,Durham Constabulary,-1.585101,54.526073,On or near Broadmeadows,E01012337,Darlington 011B,Anti-social behaviour,,
,2011-03,Durham Constabulary,Durham Constabulary,-1.587189,54.518117,On or near Salutation Road,E01012337,Darlington 011B,Anti-social behaviour,,
,2011-03,Durham Constabulary,Durham Constabulary,-1.587189,54.518117,On or near Salutation Road,E01012337,Darlington 011B,Anti-social behaviour,,
,2011-03,Durham Constabulary,Durham Constabulary,-1.589971,54.522620,On or near Carroll Road,E01012337,Darlington 011B,Anti-social behaviour,,
,2011-03,Durham Constabulary,Durham Constabulary,-1.587189,54.518117,On or near Salutation Road,E01012337,Darlington 011B,Anti-social behaviour,,
,2011-03,Durham Constabulary,Durham Constabulary,-1.587189,54.518117,On or near Salutation Road,E01012337,Darlington 011B,Anti-social behaviour,,
,2011-03,Durham Constabulary,Durham Constabulary,-1.587189,54.518117,On or near Salutation Road,E01012337,Darlington 011B,Anti-social behaviour,,
,2011-03,Durham Constabulary,Durham Constabulary,-1.578518,54.523156,On or near Rowan Court,E01012337,Darlington 011B,Other crime,,
,2011-03,Durham Constabulary,Durham Constabulary,-1.587189,54.518117,On or near Salutation Road,E01012337,Darlington 011B,Other crime,,
,2011-03,Durham Constabulary,Durham Constabulary,-1.591793,54.522761,On or near Pentland Grove,E01012337,Darlington 011B,Other crime,,
,2011-03,Durham Constabulary,Durham Constabulary,-1.581246,54.532845,On or near Waterside,E01012347,Darlington 011C,Anti-social behaviour,,
,2011-03,Durham Constabulary,Durham Constabulary,-1.581246,54.532845,On or near Waterside,E01012347,Darlington 011C,Anti-social behaviour,,
,2011-03,Durham Constabulary,Durham Constabulary,-1.576354,54.532198,On or near Woodland Road,E01012347,Darlington 011C,Anti-social behaviour,,
,2011-03,Durham Constabulary,Durham Constabulary,-1.581246,54.532845,On or near Waterside,E01012347,Darlington 011C,Anti-social behaviour,,
,2011-03,Durham Constabulary,Durham Constabulary,-1.576354,54.532198,On or near Woodland Road,E01012347,Darlington 011C,Anti-social behaviour,,
,2011-03,Durham Constabulary,Durham Constabulary,-1.592718,54.533818,On or near Edgecombe Grove,E01012347,Darlington 011C,Anti-social behaviour,,
,2011-03,Durham Constabulary,Durham Constabulary,-1.596308,54.527108,On or near Yiewsley Drive,E01012348,Darlington 011D,Anti-social behaviour,,
,2011-03,Durham Constabulary,Durham Constabulary,-1.595135,54.526960,On or near Carisbrooke Walk,E01012348,Darlington 011D,Anti-social behaviour,,
,2011-03,Durham Constabulary,Durham Constabulary,-1.589760,54.528254,On or near Carleton Drive,E01012348,Darlington 011D,Anti-social behaviour,,
,2011-03,Durham Constabulary,Durham Constabulary,-1.592235,54.529593,On or near Chester Grove,E01012348,Darlington 011D,Burglary,,
,2011-03,Durham Constabulary,Durham Constabulary,-1.589710,54.531696,On or near Barnes Road,E01012348,Darlington 011D,Vehicle crime,,
,2011-03,Durham Constabulary,Durham Constabulary,-1.595135,54.526960,On or near Carisbrooke Walk,E01012348,Darlington 011D,Violent crime,,
,2011-03,Durham Constabulary,Durham Constabulary,-1.590200,54.530602,On or near Conyers Avenue,E01012348,Darlington 011D,Other crime,,
,2011-03,Durham Constabulary,Durham Constabulary,-1.595135,54.526960,On or near Carisbrooke Walk,E01012348,Darlington 011D,Other crime,,
,2011-03,Durham Constabulary,Durham Constabulary,-1.586621,54.531542,On or near Lazenby Grove,E01012348,Darlington 011D,Other crime,,
,2011-03,Durham Constabulary,Durham Constabulary,-1.576607,54.509184,On or near Briar Walk,E01012361,Darlington 011E,Anti-social behaviour,,
,2011-03,Durham Constabulary,Durham Constabulary,-1.566338,54.517874,On or near Woodside Drive,E01012361,Darlington 011E,Burglary,,
,2011-03,Durham Constabulary,Durham Constabulary,-1.579905,54.517418,On or near Woodburn Drive,E01012361,Darlington 011E,Other crime,,
,2011-03,Durham Constabulary,Durham Constabulary,-1.571753,54.517003,On or near Ravensdale Walk,E01012361,Darlington 011E,Other crime,,
,2011-03,Durham Constabulary,Durham Constabulary,-1.573110,54.512820,On or near Grangeside,E01012361,Darlington 011E,Other crime,,
,2011-03,Durham Constabulary,Durham Constabulary,-1.542406,54.523654,On or near Peel Street,E01012304,Darlington 012A,Anti-social behaviour,,
,2011-03,Durham Constabulary,Durham Constabulary,-1.539814,54.524741,On or near Telford Drive,E01012304,Darlington 012A,Anti-social behaviour,,
,2011-03,Durham Constabulary,Durham Constabulary,-1.541949,54.521675,On or near Thomas Court,E01012304,Darlington 012A,Anti-social behaviour,,
,2011-03,Durham Constabulary,Durham Constabulary,-1.542821,54.522514,On or near St. Johns Crescent,E01012304,Darlington 012A,Anti-social behaviour,,
,2011-03,Durham Constabulary,Durham Constabulary,-1.542821,54.522514,On or near St. Johns Crescent,E01012304,Darlington 012A,Anti-social behaviour,,
,2011-03,Durham Constabulary,Durham Constabulary,-1.539280,54.522798,On or near Lawrence Street,E01012304,Darlington 012A,Anti-social behaviour,,
,2011-03,Durham Constabulary,Durham Constabulary,-1.542821,54.522514,On or near St. Johns Crescent,E01012304,Darlington 012A,Anti-social behaviour,,
,2011-03,Durham Constabulary,Durham Constabulary,-1.542406,54.523654,On or near Peel Street,E01012304,Darlington 012A,Anti-social behaviour,,
,2011-03,Durham Constabulary,Durham Constabulary,-1.541949,54.521675,On or near Thomas Court,E01012304,Darlington 012A,Anti-social behaviour,,
,2011-03,Durham Constabulary,Durham Constabulary,-1.542406,54.523654,On or near Peel Street,E01012304,Darlington 012A,Anti-social behaviour,,
,2011-03,Durham Constabulary,Durham Constabulary,-1.539280,54.522798,On or near Lawrence Street,E01012304,Darlington 012A,Anti-social behaviour,,
,2011-03,Durham Constabulary,Durham Constabulary,-1.542406,54.523654,On or near Peel Street,E01012304,Darlington 012A,Anti-social behaviour,,
,2011-03,Durham Constabulary,Durham Constabulary,-1.542821,54.522514,On or near St. Johns Crescent,E01012304,Darlington 012A,Anti-social behaviour,,
,2011-03,Durham Constabulary,Durham Constabulary,-1.542193,54.522018,On or near King William Street,E01012304,Darlington 012A,Anti-social behaviour,,
,2011-03,Durham Constabulary,Durham Constabulary,-1.542406,54.523654,On or near Peel Street,E01012304,Darlington 012A,Anti-social behaviour,,
,2011-03,Durham Constabulary,Durham Constabulary,-1.542406,54.523654,On or near Peel Street,E01012304,Darlington 012A,Anti-social behaviour,,
,2011-03,Durham Constabulary,Durham Constabulary,-1.541949,54.521675,On or near Thomas Court,E01012304,Darlington 012A,Anti-social behaviour,,
,2011-03,Durham Constabulary,Durham Constabulary,-1.542406,54.523654,On or near Peel Street,E01012304,Darlington 012A,Anti-social behaviour,,
,2011-03,Durham Constabulary,Durham Constabulary,-1.542193,54.522018,On or near King William Street,E01012304,Darlington 012A,Anti-social behaviour,,
,2011-03,Durham Constabulary,Durham Constabulary,-1.539255,54.522204,On or near Dickinson Street,E01012304,Darlington 012A,Anti-social behaviour,,
,2011-03,Durham Constabulary,Durham Constabulary,-1.539814,54.524741,On or near Telford Drive,E01012304,Darlington 012A,Burglary,,
,2011-03,Durham Constabulary,Durham Constabulary,-1.542821,54.522514,On or near St. Johns Crescent,E01012304,Darlington 012A,Vehicle crime,,
,2011-03,Durham Constabulary,Durham Constabulary,-1.541949,54.521675,On or near Thomas Court,E01012304,Darlington 012A,Vehicle crime,,
,2011-03,Durham Constabulary,Durham Constabulary,-1.542821,54.522514,On or near St. Johns Crescent,E01012304,Darlington 012A,Violent crime,,
,2011-03,Durham Constabulary,Durham Constabulary,-1.542821,54.522514,On or near St. Johns Crescent,E01012304,Darlington 012A,Violent crime,,
,2011-03,Durham Constabulary,Durham Constabulary,-1.540842,54.521276,On or near Brunton Street,E01012304,Darlington 012A,Violent crime,,
,2011-03,Durham Constabulary,Durham Constabulary,-1.542193,54.522018,On or near King William Street,E01012304,Darlington 012A,Violent crime,,
,2011-03,Durham Constabulary,Durham Constabulary,-1.542193,54.522018,On or near King William Street,E01012304,Darlington 012A,Violent crime,,
,2011-03,Durham Constabulary,Durham Constabulary,-1.542821,54.522514,On or near St. Johns Crescent,E01012304,Darlington 012A,Violent crime,,
,2011-03,Durham Constabulary,Durham Constabulary,-1.542821,54.522514,On or near St. Johns Crescent,E01012304,Darlington 012A,Other crime,,
,2011-03,Durham Constabulary,Durham Constabulary,-1.539280,54.522798,On or near Lawrence Street,E01012304,Darlington 012A,Other crime,,
,2011-03,Durham Constabulary,Durham Constabulary,-1.539255,54.522204,On or near Dickinson Street,E01012304,Darlington 012A,Other crime,,
,2011-03,Durham Constabulary,Durham Constabulary,-1.542406,54.523654,On or near Peel Street,E01012304,Darlington 012A,Other crime,,
,2011-03,Durham Constabulary,Durham Constabulary,-1.542821,54.522514,On or near St. Johns Crescent,E01012304,Darlington 012A,Other crime,,
,2011-03,Durham Constabulary,Durham Constabulary,-1.542406,54.523654,On or near Peel Street,E01012304,Darlington 012A,Other crime,,
,2011-03,Durham Constabulary,Durham Constabulary,-1.542821,54.522514,On or near St. Johns Crescent,E01012304,Darlington 012A,Other crime,,
,2011-03,Durham Constabulary,Durham Constabulary,-1.542821,54.522514,On or near St. Johns Crescent,E01012304,Darlington 012A,Other crime,,
,2011-03,Durham Constabulary,Durham Constabulary,-1.541949,54.521675,On or near Thomas Court,E01012304,Darlington 012A,Other crime,,
,2011-03,Durham Constabulary,Durham Constabulary,-1.542821,54.522514,On or near St. Johns Crescent,E01012304,Darlington 012A,Other crime,,
,2011-03,Durham Constabulary,Durham Constabulary,-1.540877,54.519460,On or near Lewes Road,E01012305,Darlington 012B,Anti-social behaviour,,
,2011-03,Durham Constabulary,Durham Constabulary,-1.540877,54.519460,On or near Lewes Road,E01012305,Darlington 012B,Anti-social behaviour,,
,2011-03,Durham Constabulary,Durham Constabulary,-1.539853,54.521245,On or near Louisa Street,E01012305,Darlington 012B,Anti-social behaviour,,
,2011-03,Durham Constabulary,Durham Constabulary,-1.540877,54.519460,On or near Lewes Road,E01012305,Darlington 012B,Anti-social behaviour,,
,2011-03,Durham Constabulary,Durham Constabulary,-1.540877,54.519460,On or near Lewes Road,E01012305,Darlington 012B,Anti-social behaviour,,
,2011-03,Durham Constabulary,Durham Constabulary,-1.540877,54.519460,On or near Lewes Road,E01012305,Darlington 012B,Anti-social behaviour,,
,2011-03,Durham Constabulary,Durham Constabulary,-1.539853,54.521245,On or near Louisa Street,E01012305,Darlington 012B,Anti-social behaviour,,
,2011-03,Durham Constabulary,Durham Constabulary,-1.540877,54.519460,On or near Lewes Road,E01012305,Darlington 012B,Anti-social behaviour,,
,2011-03,Durham Constabulary,Durham Constabulary,-1.543492,54.519102,On or near Leonard Street,E01012305,Darlington 012B,Anti-social behaviour,,
,2011-03,Durham Constabulary,Durham Constabulary,-1.543492,54.519102,On or near Leonard Street,E01012305,Darlington 012B,Anti-social behaviour,,
,2011-03,Durham Constabulary,Durham Constabulary,-1.541146,54.520333,On or near Belgrave Street,E01012305,Darlington 012B,Burglary,,
,2011-03,Durham Constabulary,Durham Constabulary,-1.544931,54.518865,On or near Bank Top Mews,E01012305,Darlington 012B,Other crime,,
,2011-03,Durham Constabulary,Durham Constabulary,-1.543492,54.519102,On or near Leonard Street,E01012305,Darlington 012B,Other crime,,
,2011-03,Durham Constabulary,Durham Constabulary,-1.543389,54.518679,On or near Walton Street,E01012305,Darlington 012B,Other crime,,
,2011-03,Durham Constabulary,Durham Constabulary,-1.540877,54.519460,On or near Lewes Road,E01012305,Darlington 012B,Other crime,,
,2011-03,Durham Constabulary,Durham Constabulary,-1.543492,54.519102,On or near Leonard Street,E01012305,Darlington 012B,Other crime,,
,2011-03,Durham Constabulary,Durham Constabulary,-1.543492,54.519102,On or near Leonard Street,E01012305,Darlington 012B,Other crime,,
,2011-03,Durham Constabulary,Durham Constabulary,-1.543492,54.519102,On or near Leonard Street,E01012305,Darlington 012B,Other crime,,
,2011-03,Durham Constabulary,Durham Constabulary,-1.540877,54.519460,On or near Lewes Road,E01012305,Darlington 012B,Other crime,,
,2011-03,Durham Constabulary,Durham Constabulary,-1.535918,54.522201,On or near Bright Street,E01012306,Darlington 012C,Anti-social behaviour,,
,2011-03,Durham Constabulary,Durham Constabulary,-1.529733,54.519966,On or near Maxwell Close,E01012306,Darlington 012C,Anti-social behaviour,,
,2011-03,Durham Constabulary,Durham Constabulary,-1.538499,54.522121,On or near Ridsdale Street,E01012306,Darlington 012C,Anti-social behaviour,,
,2011-03,Durham Constabulary,Durham Constabulary,-1.538499,54.522121,On or near Ridsdale Street,E01012306,Darlington 012C,Anti-social behaviour,,
,2011-03,Durham Constabulary,Durham Constabulary,-1.535918,54.522201,On or near Bright Street,E01012306,Darlington 012C,Anti-social behaviour,,
,2011-03,Durham Constabulary,Durham Constabulary,-1.538499,54.522121,On or near Ridsdale Street,E01012306,Darlington 012C,Anti-social behaviour,,
,2011-03,Durham Constabulary,Durham Constabulary,-1.537709,54.520985,On or near Eastbourne Road,E01012306,Darlington 012C,Anti-social behaviour,,
,2011-03,Durham Constabulary,Durham Constabulary,-1.533857,54.520018,On or near Milton Street,E01012306,Darlington 012C,Anti-social behaviour,,
,2011-03,Durham Constabulary,Durham Constabulary,-1.533857,54.520018,On or near Milton Street,E01012306,Darlington 012C,Anti-social behaviour,,
,2011-03,Durham Constabulary,Durham Constabulary,-1.532343,54.521387,On or near Cobden Street,E01012306,Darlington 012C,Anti-social behaviour,,
,2011-03,Durham Constabulary,Durham Constabulary,-1.532343,54.521387,On or near Cobden Street,E01012306,Darlington 012C,Anti-social behaviour,,
,2011-03,Durham Constabulary,Durham Constabulary,-1.529733,54.519966,On or near Maxwell Close,E01012306,Darlington 012C,Burglary,,
,2011-03,Durham Constabulary,Durham Constabulary,-1.529733,54.519966,On or near Maxwell Close,E01012306,Darlington 012C,Violent crime,,
,2011-03,Durham Constabulary,Durham Constabulary,-1.529826,54.521341,On or near Kensington Gardens,E01012306,Darlington 012C,Other crime,,
,2011-03,Durham Constabulary,Durham Constabulary,-1.538499,54.522121,On or near Ridsdale Street,E01012306,Darlington 012C,Other crime,,
,2011-03,Durham Constabulary,Durham Constabulary,-1.529826,54.521341,On or near Kensington Gardens,E01012306,Darlington 012C,Other crime,,
,2011-03,Durham Constabulary,Durham Constabulary,-1.529826,54.521341,On or near Kensington Gardens,E01012306,Darlington 012C,Other crime,,
,2011-03,Durham Constabulary,Durham Constabulary,-1.535918,54.522201,On or near Bright Street,E01012306,Darlington 012C,Other crime,,
,2011-03,Durham Constabulary,Durham Constabulary,-1.538499,54.522121,On or near Ridsdale Street,E01012306,Darlington 012C,Other crime,,
,2011-03,Durham Constabulary,Durham Constabulary,-1.545834,54.514096,On or near Railway View,E01012340,Darlington 012D,Anti-social behaviour,,
,2011-03,Durham Constabulary,Durham Constabulary,-1.541145,54.519021,On or near Falmer Road,E01012340,Darlington 012D,Anti-social behaviour,,
,2011-03,Durham Constabulary,Durham Constabulary,-1.540746,54.517384,On or near Aysgarth Road,E01012340,Darlington 012D,Anti-social behaviour,,
,2011-03,Durham Constabulary,Durham Constabulary,-1.539932,54.517003,On or near Ennerdale Road,E01012340,Darlington 012D,Anti-social behaviour,,
,2011-03,Durham Constabulary,Durham Constabulary,-1.545834,54.514096,On or near Railway View,E01012340,Darlington 012D,Anti-social behaviour,,
,2011-03,Durham Constabulary,Durham Constabulary,-1.539932,54.517003,On or near Ennerdale Road,E01012340,Darlington 012D,Anti-social behaviour,,
,2011-03,Durham Constabulary,Durham Constabulary,-1.537294,54.516697,On or near Headlam Road,E01012340,Darlington 012D,Anti-social behaviour,,
,2011-03,Durham Constabulary,Durham Constabulary,-1.539303,54.517945,On or near Rydal Road,E01012340,Darlington 012D,Anti-social behaviour,,
,2011-03,Durham Constabulary,Durham Constabulary,-1.541948,54.516301,On or near Neasham Road,E01012340,Darlington 012D,Anti-social behaviour,,
,2011-03,Durham Constabulary,Durham Constabulary,-1.539932,54.517003,On or near Ennerdale Road,E01012340,Darlington 012D,Anti-social behaviour,,
,2011-03,Durham Constabulary,Durham Constabulary,-1.540964,54.518616,On or near Grasmere Road,E01012340,Darlington 012D,Anti-social behaviour,,
,2011-03,Durham Constabulary,Durham Constabulary,-1.539932,54.517003,On or near Ennerdale Road,E01012340,Darlington 012D,Anti-social behaviour,,
,2011-03,Durham Constabulary,Durham Constabulary,-1.540803,54.517789,On or near Langdale Road,E01012340,Darlington 012D,Anti-social behaviour,,
,2011-03,Durham Constabulary,Durham Constabulary,-1.544519,54.517039,On or near Smithfield Road,E01012340,Darlington 012D,Anti-social behaviour,,
,2011-03,Durham Constabulary,Durham Constabulary,-1.537294,54.516697,On or near Headlam Road,E01012340,Darlington 012D,Anti-social behaviour,,
,2011-03,Durham Constabulary,Durham Constabulary,-1.537294,54.516697,On or near Headlam Road,E01012340,Darlington 012D,Anti-social behaviour,,
,2011-03,Durham Constabulary,Durham Constabulary,-1.540964,54.518616,On or near Grasmere Road,E01012340,Darlington 012D,Anti-social behaviour,,
,2011-03,Durham Constabulary,Durham Constabulary,-1.540746,54.517384,On or near Aysgarth Road,E01012340,Darlington 012D,Anti-social behaviour,,
,2011-03,Durham Constabulary,Durham Constabulary,-1.542973,54.514400,On or near Geneva Lane,E01012340,Darlington 012D,Anti-social behaviour,,
,2011-03,Durham Constabulary,Durham Constabulary,-1.544519,54.517039,On or near Smithfield Road,E01012340,Darlington 012D,Anti-social behaviour,,
,2011-03,Durham Constabulary,Durham Constabulary,-1.541948,54.516301,On or near Neasham Road,E01012340,Darlington 012D,Anti-social behaviour,,
,2011-03,Durham Constabulary,Durham Constabulary,-1.545834,54.514096,On or near Railway View,E01012340,Darlington 012D,Anti-social behaviour,,
,2011-03,Durham Constabulary,Durham Constabulary,-1.539932,54.517003,On or near Ennerdale Road,E01012340,Darlington 012D,Anti-social behaviour,,
,2011-03,Durham Constabulary,Durham Constabulary,-1.540062,54.515036,On or near Starmer Crescent,E01012340,Darlington 012D,Anti-social behaviour,,
,2011-03,Durham Constabulary,Durham Constabulary,-1.545834,54.514096,On or near Railway View,E01012340,Darlington 012D,Anti-social behaviour,,
,2011-03,Durham Constabulary,Durham Constabulary,-1.542973,54.514400,On or near Geneva Lane,E01012340,Darlington 012D,Burglary,,
,2011-03,Durham Constabulary,Durham Constabulary,-1.542950,54.515065,On or near Tebay Close,E01012340,Darlington 012D,Burglary,,
,2011-03,Durham Constabulary,Durham Constabulary,-1.539261,54.516219,On or near Skeeby Road,E01012340,Darlington 012D,Vehicle crime,,
,2011-03,Durham Constabulary,Durham Constabulary,-1.542950,54.515065,On or near Tebay Close,E01012340,Darlington 012D,Vehicle crime,,
,2011-03,Durham Constabulary,Durham Constabulary,-1.541948,54.516301,On or near Neasham Road,E01012340,Darlington 012D,Vehicle crime,,
,2011-03,Durham Constabulary,Durham Constabulary,-1.545538,54.515748,On or near Keswick Grove,E01012340,Darlington 012D,Vehicle crime,,
,2011-03,Durham Constabulary,Durham Constabulary,-1.539303,54.517945,On or near Rydal Road,E01012340,Darlington 012D,Vehicle crime,,
,2011-03,Durham Constabulary,Durham Constabulary,-1.544519,54.517039,On or near Smithfield Road,E01012340,Darlington 012D,Vehicle crime,,
,2011-03,Durham Constabulary,Durham Constabulary,-1.540964,54.518616,On or near Grasmere Road,E01012340,Darlington 012D,Violent crime,,
,2011-03,Durham Constabulary,Durham Constabulary,-1.540964,54.518616,On or near Grasmere Road,E01012340,Darlington 012D,Violent crime,,
,2011-03,Durham Constabulary,Durham Constabulary,-1.540746,54.517384,On or near Aysgarth Road,E01012340,Darlington 012D,Violent crime,,
,2011-03,Durham Constabulary,Durham Constabulary,-1.539303,54.517945,On or near Rydal Road,E01012340,Darlington 012D,Other crime,,
,2011-03,Durham Constabulary,Durham Constabulary,-1.537294,54.516697,On or near Headlam Road,E01012340,Darlington 012D,Other crime,,
,2011-03,Durham Constabulary,Durham Constabulary,-1.539303,54.517945,On or near Rydal Road,E01012340,Darlington 012D,Other crime,,
,2011-03,Durham Constabulary,Durham Constabulary,-1.536067,54.515928,On or near Scargill,E01012341,Darlington 012E,Anti-social behaviour,,
,2011-03,Durham Constabulary,Durham Constabulary,-1.532955,54.516536,On or near Fenby Avenue,E01012341,Darlington 012E,Anti-social behaviour,,
,2011-03,Durham Constabulary,Durham Constabulary,-1.531933,54.518069,On or near Melsonby Crescent,E01012341,Darlington 012E,Anti-social behaviour,,
,2011-03,Durham Constabulary,Durham Constabulary,-1.532955,54.516536,On or near Fenby Avenue,E01012341,Darlington 012E,Anti-social behaviour,,
,2011-03,Durham Constabulary,Durham Constabulary,-1.531180,54.517725,On or near Gilling Crescent,E01012341,Darlington 012E,Anti-social behaviour,,
,2011-03,Durham Constabulary,Durham Constabulary,-1.528177,54.516958,On or near Geneva Road,E01012341,Darlington 012E,Anti-social behaviour,,
,2011-03,Durham Constabulary,Durham Constabulary,-1.532955,54.516536,On or near Fenby Avenue,E01012341,Darlington 012E,Anti-social behaviour,,
,2011-03,Durham Constabulary,Durham Constabulary,-1.531180,54.517725,On or near Gilling Crescent,E01012341,Darlington 012E,Anti-social behaviour,,
,2011-03,Durham Constabulary,Durham Constabulary,-1.531180,54.517725,On or near Gilling Crescent,E01012341,Darlington 012E,Anti-social behaviour,,
,2011-03,Durham Constabulary,Durham Constabulary,-1.531180,54.517725,On or near Gilling Crescent,E01012341,Darlington 012E,Anti-social behaviour,,
,2011-03,Durham Constabulary,Durham Constabulary,-1.531180,54.517725,On or near Gilling Crescent,E01012341,Darlington 012E,Anti-social behaviour,,
,2011-03,Durham Constabulary,Durham Constabulary,-1.531933,54.518069,On or near Melsonby Crescent,E01012341,Darlington 012E,Anti-social behaviour,,
,2011-03,Durham Constabulary,Durham Constabulary,-1.531180,54.517725,On or near Gilling Crescent,E01012341,Darlington 012E,Anti-social behaviour,,
,2011-03,Durham Constabulary,Durham Constabulary,-1.531180,54.517725,On or near Gilling Crescent,E01012341,Darlington 012E,Anti-social behaviour,,
,2011-03,Durham Constabulary,Durham Constabulary,-1.531933,54.518069,On or near Melsonby Crescent,E01012341,Darlington 012E,Anti-social behaviour,,
,2011-03,Durham Constabulary,Durham Constabulary,-1.532955,54.516536,On or near Fenby Avenue,E01012341,Darlington 012E,Anti-social behaviour,,
,2011-03,Durham Constabulary,Durham Constabulary,-1.531933,54.518069,On or near Melsonby Crescent,E01012341,Darlington 012E,Anti-social behaviour,,
,2011-03,Durham Constabulary,Durham Constabulary,-1.531180,54.517725,On or near Gilling Crescent,E01012341,Darlington 012E,Anti-social behaviour,,
,2011-03,Durham Constabulary,Durham Constabulary,-1.531933,54.518069,On or near Melsonby Crescent,E01012341,Darlington 012E,Burglary,,
,2011-03,Durham Constabulary,Durham Constabulary,-1.531933,54.518069,On or near Melsonby Crescent,E01012341,Darlington 012E,Burglary,,
,2011-03,Durham Constabulary,Durham Constabulary,-1.531180,54.517725,On or near Gilling Crescent,E01012341,Darlington 012E,Violent crime,,
,2011-03,Durham Constabulary,Durham Constabulary,-1.537583,54.515736,On or near Ramsgill,E01012341,Darlington 012E,Other crime,,
,2011-03,Durham Constabulary,Durham Constabulary,-1.531180,54.517725,On or near Gilling Crescent,E01012341,Darlington 012E,Other crime,,
,2011-03,Durham Constabulary,Durham Constabulary,-1.531933,54.518069,On or near Melsonby Crescent,E01012341,Darlington 012E,Other crime,,
,2011-03,Durham Constabulary,Durham Constabulary,-1.531933,54.518069,On or near Melsonby Crescent,E01012341,Darlington 012E,Other crime,,
,2011-03,Durham Constabulary,Durham Constabulary,-1.542129,54.512554,On or near Ripon Drive,E01012317,Darlington 013A,Anti-social behaviour,,
,2011-03,Durham Constabulary,Durham Constabulary,-1.536584,54.512533,On or near Brankin Drive,E01012317,Darlington 013A,Anti-social behaviour,,
,2011-03,Durham Constabulary,Durham Constabulary,-1.541062,54.512604,On or near Geneva Drive,E01012317,Darlington 013A,Anti-social behaviour,,
,2011-03,Durham Constabulary,Durham Constabulary,-1.542724,54.511757,On or near Geneva Crescent,E01012317,Darlington 013A,Anti-social behaviour,,
,2011-03,Durham Constabulary,Durham Constabulary,-1.537306,54.511484,On or near Brankin Road,E01012317,Darlington 013A,Anti-social behaviour,,
,2011-03,Durham Constabulary,Durham Constabulary,-1.537306,54.511484,On or near Brankin Road,E01012317,Darlington 013A,Anti-social behaviour,,
,2011-03,Durham Constabulary,Durham Constabulary,-1.536584,54.512533,On or near Brankin Drive,E01012317,Darlington 013A,Anti-social behaviour,,
,2011-03,Durham Constabulary,Durham Constabulary,-1.537306,54.511484,On or near Brankin Road,E01012317,Darlington 013A,Anti-social behaviour,,
,2011-03,Durham Constabulary,Durham Constabulary,-1.536584,54.512533,On or near Brankin Drive,E01012317,Darlington 013A,Anti-social behaviour,,
,2011-03,Durham Constabulary,Durham Constabulary,-1.537128,54.513551,On or near Claremont Road,E01012317,Darlington 013A,Vehicle crime,,
,2011-03,Durham Constabulary,Durham Constabulary,-1.533857,54.513251,On or near Pilmoor Green,E01012317,Darlington 013A,Vehicle crime,,
,2011-03,Durham Constabulary,Durham Constabulary,-1.541062,54.512604,On or near Geneva Drive,E01012317,Darlington 013A,Other crime,,
,2011-03,Durham Constabulary,Durham Constabulary,-1.533857,54.513251,On or near Pilmoor Green,E01012317,Darlington 013A,Other crime,,
,2011-03,Durham Constabulary,Durham Constabulary,-1.533797,54.511794,On or near West Moor Road,E01012318,Darlington 013B,Anti-social behaviour,,
,2011-03,Durham Constabulary,Durham Constabulary,-1.525577,54.512032,On or near Kexwith Moor Close,E01012318,Darlington 013B,Anti-social behaviour,,
,2011-03,Durham Constabulary,Durham Constabulary,-1.528593,54.514309,On or near Holgate Moor Green,E01012318,Darlington 013B,Anti-social behaviour,,
,2011-03,Durham Constabulary,Durham Constabulary,-1.522126,54.512621,On or near Redwood Close,E01012318,Darlington 013B,Anti-social behaviour,,
,2011-03,Durham Constabulary,Durham Constabulary,-1.526769,54.513106,On or near Helmsley Moor Way,E01012318,Darlington 013B,Anti-social behaviour,,
,2011-03,Durham Constabulary,Durham Constabulary,-1.528593,54.514309,On or near Holgate Moor Green,E01012318,Darlington 013B,Anti-social behaviour,,
,2011-03,Durham Constabulary,Durham Constabulary,-1.525577,54.512032,On or near Kexwith Moor Close,E01012318,Darlington 013B,Anti-social behaviour,,
,2011-03,Durham Constabulary,Durham Constabulary,-1.533797,54.511794,On or near West Moor Road,E01012318,Darlington 013B,Anti-social behaviour,,
,2011-03,Durham Constabulary,Durham Constabulary,-1.530862,54.513140,On or near Stocksmoor Close,E01012318,Darlington 013B,Anti-social behaviour,,
,2011-03,Durham Constabulary,Durham Constabulary,-1.533797,54.511794,On or near West Moor Road,E01012318,Darlington 013B,Anti-social behaviour,,
,2011-03,Durham Constabulary,Durham Constabulary,-1.526207,54.516339,On or near Alston Moor Close,E01012318,Darlington 013B,Anti-social behaviour,,
,2011-03,Durham Constabulary,Durham Constabulary,-1.522126,54.512621,On or near Redwood Close,E01012318,Darlington 013B,Anti-social behaviour,,
,2011-03,Durham Constabulary,Durham Constabulary,-1.527517,54.515257,On or near Burnside Road,E01012318,Darlington 013B,Anti-social behaviour,,
,2011-03,Durham Constabulary,Durham Constabulary,-1.522126,54.512621,On or near Redwood Close,E01012318,Darlington 013B,Anti-social behaviour,,
,2011-03,Durham Constabulary,Durham Constabulary,-1.523214,54.513371,On or near Oakmoor Close,E01012318,Darlington 013B,Anti-social behaviour,,
,2011-03,Durham Constabulary,Durham Constabulary,-1.523173,54.511555,On or near Pinewood Close,E01012318,Darlington 013B,Anti-social behaviour,,
,2011-03,Durham Constabulary,Durham Constabulary,-1.533797,54.511794,On or near West Moor Road,E01012318,Darlington 013B,Anti-social behaviour,,
,2011-03,Durham Constabulary,Durham Constabulary,-1.522181,54.511830,On or near Ridgewood Close,E01012318,Darlington 013B,Anti-social behaviour,,
,2011-03,Durham Constabulary,Durham Constabulary,-1.533797,54.511794,On or near West Moor Road,E01012318,Darlington 013B,Anti-social behaviour,,
,2011-03,Durham Constabulary,Durham Constabulary,-1.533797,54.511794,On or near West Moor Road,E01012318,Darlington 013B,Anti-social behaviour,,
,2011-03,Durham Constabulary,Durham Constabulary,-1.522126,54.512621,On or near Redwood Close,E01012318,Darlington 013B,Anti-social behaviour,,
,2011-03,Durham Constabulary,Durham Constabulary,-1.531167,54.512099,On or near Barden Moor Road,E01012318,Darlington 013B,Anti-social behaviour,,
,2011-03,Durham Constabulary,Durham Constabulary,-1.527517,54.515257,On or near Burnside Road,E01012318,Darlington 013B,Anti-social behaviour,,
,2011-03,Durham Constabulary,Durham Constabulary,-1.531167,54.512099,On or near Barden Moor Road,E01012318,Darlington 013B,Anti-social behaviour,,
,2011-03,Durham Constabulary,Durham Constabulary,-1.533797,54.511794,On or near West Moor Road,E01012318,Darlington 013B,Anti-social behaviour,,
,2011-03,Durham Constabulary,Durham Constabulary,-1.530862,54.513140,On or near Stocksmoor Close,E01012318,Darlington 013B,Anti-social behaviour,,
,2011-03,Durham Constabulary,Durham Constabulary,-1.533797,54.511794,On or near West Moor Road,E01012318,Darlington 013B,Burglary,,
,2011-03,Durham Constabulary,Durham Constabulary,-1.525577,54.512032,On or near Kexwith Moor Close,E01012318,Darlington 013B,Burglary,,
,2011-03,Durham Constabulary,Durham Constabulary,-1.525577,54.512032,On or near Kexwith Moor Close,E01012318,Darlington 013B,Violent crime,,
,2011-03,Durham Constabulary,Durham Constabulary,-1.527517,54.515257,On or near Burnside Road,E01012318,Darlington 013B,Violent crime,,
,2011-03,Durham Constabulary,Durham Constabulary,-1.526227,54.515944,On or near Cotherstone Moor Drive,E01012318,Darlington 013B,Violent crime,,
,2011-03,Durham Constabulary,Durham Constabulary,-1.525577,54.512032,On or near Kexwith Moor Close,E01012318,Darlington 013B,Violent crime,,
,2011-03,Durham Constabulary,Durham Constabulary,-1.527517,54.515257,On or near Burnside Road,E01012318,Darlington 013B,Violent crime,,
,2011-03,Durham Constabulary,Durham Constabulary,-1.533797,54.511794,On or near West Moor Road,E01012318,Darlington 013B,Violent crime,,
,2011-03,Durham Constabulary,Durham Constabulary,-1.526227,54.515944,On or near Cotherstone Moor Drive,E01012318,Darlington 013B,Violent crime,,
,2011-03,Durham Constabulary,Durham Constabulary,-1.531159,54.511443,On or near Pateley Moor Crescent,E01012318,Darlington 013B,Other crime,,
,2011-03,Durham Constabulary,Durham Constabulary,-1.527066,54.511445,On or near Edgemoor Road,E01012318,Darlington 013B,Other crime,,
,2011-03,Durham Constabulary,Durham Constabulary,-1.522181,54.511830,On or near Ridgewood Close,E01012318,Darlington 013B,Other crime,,
,2011-03,Durham Constabulary,Durham Constabulary,-1.531159,54.511443,On or near Pateley Moor Crescent,E01012318,Darlington 013B,Other crime,,
,2011-03,Durham Constabulary,Durham Constabulary,-1.527719,54.512490,On or near Buxton Moor Crescent,E01012318,Darlington 013B,Other crime,,
,2011-03,Durham Constabulary,Durham Constabulary,-1.531159,54.511443,On or near Pateley Moor Crescent,E01012318,Darlington 013B,Other crime,,
,2011-03,Durham Constabulary,Durham Constabulary,-1.531159,54.511443,On or near Pateley Moor Crescent,E01012318,Darlington 013B,Other crime,,
,2011-03,Durham Constabulary,Durham Constabulary,-1.533797,54.511794,On or near West Moor Road,E01012318,Darlington 013B,Other crime,,
,2011-03,Durham Constabulary,Durham Constabulary,-1.527195,54.516370,On or near Westminster Road,E01012318,Darlington 013B,Other crime,,
,2011-03,Durham Constabulary,Durham Constabulary,-1.526227,54.515944,On or near Cotherstone Moor Drive,E01012318,Darlington 013B,Other crime,,
,2011-03,Durham Constabulary,Durham Constabulary,-1.527195,54.516370,On or near Westminster Road,E01012318,Darlington 013B,Other crime,,
,2011-03,Durham Constabulary,Durham Constabulary,-1.526168,54.514317,On or near Lowmoor Road,E01012319,Darlington 013C,Anti-social behaviour,,
,2011-03,Durham Constabulary,Durham Constabulary,-1.526369,54.520995,On or near Lynton Gardens,E01012319,Darlington 013C,Anti-social behaviour,,
,2011-03,Durham Constabulary,Durham Constabulary,-1.524112,54.519800,On or near Harris Street,E01012319,Darlington 013C,Anti-social behaviour,,
,2011-03,Durham Constabulary,Durham Constabulary,-1.523604,54.518297,On or near Hewitson Road South,E01012319,Darlington 013C,Anti-social behaviour,,
,2011-03,Durham Constabulary,Durham Constabulary,-1.526168,54.514317,On or near Lowmoor Road,E01012319,Darlington 013C,Anti-social behaviour,,
,2011-03,Durham Constabulary,Durham Constabulary,-1.522557,54.520711,On or near Carnaby Road,E01012319,Darlington 013C,Anti-social behaviour,,
,2011-03,Durham Constabulary,Durham Constabulary,-1.521588,54.513715,On or near Holly Close,E01012319,Darlington 013C,Anti-social behaviour,,
,2011-03,Durham Constabulary,Durham Constabulary,-1.526168,54.514317,On or near Lowmoor Road,E01012319,Darlington 013C,Anti-social behaviour,,
,2011-03,Durham Constabulary,Durham Constabulary,-1.525201,54.517809,On or near Brignall Moor Crescent,E01012319,Darlington 013C,Anti-social behaviour,,
,2011-03,Durham Constabulary,Durham Constabulary,-1.523647,54.514604,On or near Ingleby Moor Crescent,E01012319,Darlington 013C,Anti-social behaviour,,
,2011-03,Durham Constabulary,Durham Constabulary,-1.521324,54.517785,On or near Estoril Road South,E01012319,Darlington 013C,Anti-social behaviour,,
,2011-03,Durham Constabulary,Durham Constabulary,-1.520829,54.515159,On or near Richmond Way,E01012319,Darlington 013C,Anti-social behaviour,,
,2011-03,Durham Constabulary,Durham Constabulary,-1.520829,54.515159,On or near Richmond Way,E01012319,Darlington 013C,Anti-social behaviour,,
,2011-03,Durham Constabulary,Durham Constabulary,-1.520829,54.515159,On or near Richmond Way,E01012319,Darlington 013C,Anti-social behaviour,,
,2011-03,Durham Constabulary,Durham Constabulary,-1.522274,54.515830,On or near Firthmoor Crescent,E01012319,Darlington 013C,Burglary,,
,2011-03,Durham Constabulary,Durham Constabulary,-1.521588,54.513715,On or near Holly Close,E01012319,Darlington 013C,Violent crime,,
,2011-03,Durham Constabulary,Durham Constabulary,-1.526150,54.517229,On or near Lanethorpe Road,E01012319,Darlington 013C,Other crime,,
,2011-03,Durham Constabulary,Durham Constabulary,-1.525201,54.517809,On or near Brignall Moor Crescent,E01012319,Darlington 013C,Other crime,,
,2011-03,Durham Constabulary,Durham Constabulary,-1.520829,54.515159,On or near Richmond Way,E01012319,Darlington 013C,Other crime,,
,2011-03,Durham Constabulary,Durham Constabulary,-1.525201,54.517809,On or near Brignall Moor Crescent,E01012319,Darlington 013C,Other crime,,
,2011-03,Durham Constabulary,Durham Constabulary,-1.521582,54.520833,On or near Estoril Road,E01012319,Darlington 013C,Other crime,,
,2011-03,Durham Constabulary,Durham Constabulary,-1.551493,54.520633,On or near George Street,E01012356,Darlington 014A,Anti-social behaviour,,
,2011-03,Durham Constabulary,Durham Constabulary,-1.563391,54.520389,On or near Oakdene Avenue,E01012356,Darlington 014A,Anti-social behaviour,,
,2011-03,Durham Constabulary,Durham Constabulary,-1.563391,54.520389,On or near Oakdene Avenue,E01012356,Darlington 014A,Anti-social behaviour,,
,2011-03,Durham Constabulary,Durham Constabulary,-1.558125,54.520217,On or near Quaker Lane,E01012356,Darlington 014A,Anti-social behaviour,,
,2011-03,Durham Constabulary,Durham Constabulary,-1.554591,54.521264,On or near South Terrace,E01012356,Darlington 014A,Anti-social behaviour,,
,2011-03,Durham Constabulary,Durham Constabulary,-1.558125,54.520217,On or near Quaker Lane,E01012356,Darlington 014A,Anti-social behaviour,,
,2011-03,Durham Constabulary,Durham Constabulary,-1.551493,54.520633,On or near George Street,E01012356,Darlington 014A,Anti-social behaviour,,
,2011-03,Durham Constabulary,Durham Constabulary,-1.563391,54.520389,On or near Oakdene Avenue,E01012356,Darlington 014A,Anti-social behaviour,,
,2011-03,Durham Constabulary,Durham Constabulary,-1.554591,54.521264,On or near South Terrace,E01012356,Darlington 014A,Anti-social behaviour,,
,2011-03,Durham Constabulary,Durham Constabulary,-1.563391,54.520389,On or near Oakdene Avenue,E01012356,Darlington 014A,Anti-social behaviour,,
,2011-03,Durham Constabulary,Durham Constabulary,-1.561090,54.520326,On or near Southend Avenue,E01012356,Darlington 014A,Anti-social behaviour,,
,2011-03,Durham Constabulary,Durham Constabulary,-1.551493,54.520633,On or near George Street,E01012356,Darlington 014A,Anti-social behaviour,,
,2011-03,Durham Constabulary,Durham Constabulary,-1.563391,54.520389,On or near Oakdene Avenue,E01012356,Darlington 014A,Anti-social behaviour,,
,2011-03,Durham Constabulary,Durham Constabulary,-1.551211,54.521018,On or near Herbert Street,E01012356,Darlington 014A,Anti-social behaviour,,
,2011-03,Durham Constabulary,Durham Constabulary,-1.551211,54.521018,On or near Herbert Street,E01012356,Darlington 014A,Anti-social behaviour,,
,2011-03,Durham Constabulary,Durham Constabulary,-1.551211,54.521018,On or near Herbert Street,E01012356,Darlington 014A,Anti-social behaviour,,
,2011-03,Durham Constabulary,Durham Constabulary,-1.559672,54.520052,On or near Polam Road,E01012356,Darlington 014A,Anti-social behaviour,,
,2011-03,Durham Constabulary,Durham Constabulary,-1.551493,54.520633,On or near George Street,E01012356,Darlington 014A,Anti-social behaviour,,
,2011-03,Durham Constabulary,Durham Constabulary,-1.558125,54.520217,On or near Quaker Lane,E01012356,Darlington 014A,Anti-social behaviour,,
,2011-03,Durham Constabulary,Durham Constabulary,-1.563391,54.520389,On or near Oakdene Avenue,E01012356,Darlington 014A,Anti-social behaviour,,
,2011-03,Durham Constabulary,Durham Constabulary,-1.554591,54.521264,On or near South Terrace,E01012356,Darlington 014A,Anti-social behaviour,,
,2011-03,Durham Constabulary,Durham Constabulary,-1.561090,54.520326,On or near Southend Avenue,E01012356,Darlington 014A,Anti-social behaviour,,
,2011-03,Durham Constabulary,Durham Constabulary,-1.551994,54.518639,On or near Chatsworth Terrace,E01012356,Darlington 014A,Anti-social behaviour,,
,2011-03,Durham Constabulary,Durham Constabulary,-1.563391,54.520389,On or near Oakdene Avenue,E01012356,Darlington 014A,Anti-social behaviour,,
,2011-03,Durham Constabulary,Durham Constabulary,-1.551493,54.520633,On or near George Street,E01012356,Darlington 014A,Anti-social behaviour,,
,2011-03,Durham Constabulary,Durham Constabulary,-1.552058,54.519835,On or near Greenwell Street,E01012356,Darlington 014A,Violent crime,,
,2011-03,Durham Constabulary,Durham Constabulary,-1.551211,54.521018,On or near Herbert Street,E01012356,Darlington 014A,Violent crime,,
,2011-03,Durham Constabulary,Durham Constabulary,-1.558125,54.520217,On or near Quaker Lane,E01012356,Darlington 014A,Other crime,,
,2011-03,Durham Constabulary,Durham Constabulary,-1.558125,54.520217,On or near Quaker Lane,E01012356,Darlington 014A,Other crime,,
,2011-03,Durham Constabulary,Durham Constabulary,-1.551211,54.521018,On or near Herbert Street,E01012356,Darlington 014A,Other crime,,
,2011-03,Durham Constabulary,Durham Constabulary,-1.558125,54.520217,On or near Quaker Lane,E01012356,Darlington 014A,Other crime,,
,2011-03,Durham Constabulary,Durham Constabulary,-1.563391,54.520389,On or near Oakdene Avenue,E01012356,Darlington 014A,Other crime,,
,2011-03,Durham Constabulary,Durham Constabulary,-1.558125,54.520217,On or near Quaker Lane,E01012356,Darlington 014A,Other crime,,
,2011-03,Durham Constabulary,Durham Constabulary,-1.563391,54.520389,On or near Oakdene Avenue,E01012356,Darlington 014A,Other crime,,
,2011-03,Durham Constabulary,Durham Constabulary,-1.558125,54.520217,On or near Quaker Lane,E01012356,Darlington 014A,Other crime,,
,2011-03,Durham Constabulary,Durham Constabulary,-1.558125,54.520217,On or near Quaker Lane,E01012356,Darlington 014A,Other crime,,
,2011-03,Durham Constabulary,Durham Constabulary,-1.558125,54.520217,On or near Quaker Lane,E01012356,Darlington 014A,Other crime,,
,2011-03,Durham Constabulary,Durham Constabulary,-1.551211,54.521018,On or near Herbert Street,E01012356,Darlington 014A,Other crime,,
,2011-03,Durham Constabulary,Durham Constabulary,-1.558125,54.520217,On or near Quaker Lane,E01012356,Darlington 014A,Other crime,,
,2011-03,Durham Constabulary,Durham Constabulary,-1.551775,54.520238,On or near Rockingham Street,E01012356,Darlington 014A,Other crime,,
,2011-03,Durham Constabulary,Durham Constabulary,-1.551211,54.521018,On or near Herbert Street,E01012356,Darlington 014A,Other crime,,
,2011-03,Durham Constabulary,Durham Constabulary,-1.549037,54.520605,On or near Waverley Terrace,E01012357,Darlington 014B,Anti-social behaviour,,
,2011-03,Durham Constabulary,Durham Constabulary,-1.551697,54.517533,On or near Clifton Road,E01012357,Darlington 014B,Anti-social behaviour,,
,2011-03,Durham Constabulary,Durham Constabulary,-1.549547,54.517803,On or near Grainger Street,E01012357,Darlington 014B,Anti-social behaviour,,
,2011-03,Durham Constabulary,Durham Constabulary,-1.550623,54.518212,On or near Belvedere Road,E01012357,Darlington 014B,Anti-social behaviour,,
,2011-03,Durham Constabulary,Durham Constabulary,-1.549718,54.519062,On or near Nelson Terrace,E01012357,Darlington 014B,Anti-social behaviour,,
,2011-03,Durham Constabulary,Durham Constabulary,-1.549037,54.520605,On or near Waverley Terrace,E01012357,Darlington 014B,Anti-social behaviour,,
,2011-03,Durham Constabulary,Durham Constabulary,-1.549037,54.520605,On or near Waverley Terrace,E01012357,Darlington 014B,Anti-social behaviour,,
,2011-03,Durham Constabulary,Durham Constabulary,-1.549037,54.520605,On or near Waverley Terrace,E01012357,Darlington 014B,Anti-social behaviour,,
,2011-03,Durham Constabulary,Durham Constabulary,-1.549037,54.520605,On or near Waverley Terrace,E01012357,Darlington 014B,Anti-social behaviour,,
,2011-03,Durham Constabulary,Durham Constabulary,-1.549037,54.520605,On or near Waverley Terrace,E01012357,Darlington 014B,Anti-social behaviour,,
,2011-03,Durham Constabulary,Durham Constabulary,-1.549037,54.520605,On or near Waverley Terrace,E01012357,Darlington 014B,Anti-social behaviour,,
,2011-03,Durham Constabulary,Durham Constabulary,-1.550454,54.516764,On or near Hawthorn Street,E01012357,Darlington 014B,Burglary,,
,2011-03,Durham Constabulary,Durham Constabulary,-1.549547,54.517803,On or near Grainger Street,E01012357,Darlington 014B,Burglary,,
,2011-03,Durham Constabulary,Durham Constabulary,-1.550613,54.517771,On or near Milner Road,E01012357,Darlington 014B,Burglary,,
,2011-03,Durham Constabulary,Durham Constabulary,-1.550454,54.516764,On or near Hawthorn Street,E01012357,Darlington 014B,Burglary,,
,2011-03,Durham Constabulary,Durham Constabulary,-1.550623,54.518212,On or near Belvedere Road,E01012357,Darlington 014B,Burglary,,
,2011-03,Durham Constabulary,Durham Constabulary,-1.548843,54.517217,On or near Park Lane,E01012357,Darlington 014B,Violent crime,,
,2011-03,Durham Constabulary,Durham Constabulary,-1.552682,54.519226,On or near Roslyn Street,E01012357,Darlington 014B,Violent crime,,
,2011-03,Durham Constabulary,Durham Constabulary,-1.549718,54.519062,On or near Nelson Terrace,E01012357,Darlington 014B,Violent crime,,
,2011-03,Durham Constabulary,Durham Constabulary,-1.549547,54.517803,On or near Grainger Street,E01012357,Darlington 014B,Violent crime,,
,2011-03,Durham Constabulary,Durham Constabulary,-1.549547,54.517803,On or near Grainger Street,E01012357,Darlington 014B,Other crime,,
,2011-03,Durham Constabulary,Durham Constabulary,-1.550037,54.518138,On or near Grosvenor Street,E01012357,Darlington 014B,Other crime,,
,2011-03,Durham Constabulary,Durham Constabulary,-1.549037,54.520605,On or near Waverley Terrace,E01012357,Darlington 014B,Other crime,,
,2011-03,Durham Constabulary,Durham Constabulary,-1.549718,54.519062,On or near Nelson Terrace,E01012357,Darlington 014B,Other crime,,
,2011-03,Durham Constabulary,Durham Constabulary,-1.548843,54.517217,On or near Park Lane,E01012357,Darlington 014B,Other crime,,
,2011-03,Durham Constabulary,Durham Constabulary,-1.552682,54.519226,On or near Roslyn Street,E01012357,Darlington 014B,Other crime,,
,2011-03,Durham Constabulary,Durham Constabulary,-1.550037,54.518138,On or near Grosvenor Street,E01012357,Darlington 014B,Other crime,,
,2011-03,Durham Constabulary,Durham Constabulary,-1.550454,54.516764,On or near Hawthorn Street,E01012357,Darlington 014B,Other crime,,
,2011-03,Durham Constabulary,Durham Constabulary,-1.549547,54.517803,On or near Grainger Street,E01012357,Darlington 014B,Other crime,,
,2011-03,Durham Constabulary,Durham Constabulary,-1.551697,54.517533,On or near Clifton Road,E01012357,Darlington 014B,Other crime,,
,2011-03,Durham Constabulary,Durham Constabulary,-1.549037,54.520605,On or near Waverley Terrace,E01012357,Darlington 014B,Other crime,,
,2011-03,Durham Constabulary,Durham Constabulary,-1.548843,54.517217,On or near Park Lane,E01012357,Darlington 014B,Other crime,,
,2011-03,Durham Constabulary,Durham Constabulary,-1.556668,54.512060,On or near Eden Crescent,E01012358,Darlington 014C,Anti-social behaviour,,
,2011-03,Durham Constabulary,Durham Constabulary,-1.551293,54.514880,On or near Berkeley Road,E01012358,Darlington 014C,Anti-social behaviour,,
,2011-03,Durham Constabulary,Durham Constabulary,-1.558813,54.513749,On or near Heslop Drive,E01012358,Darlington 014C,Anti-social behaviour,,
,2011-03,Durham Constabulary,Durham Constabulary,-1.551293,54.514880,On or near Berkeley Road,E01012358,Darlington 014C,Anti-social behaviour,,
,2011-03,Durham Constabulary,Durham Constabulary,-1.551293,54.514880,On or near Berkeley Road,E01012358,Darlington 014C,Anti-social behaviour,,
,2011-03,Durham Constabulary,Durham Constabulary,-1.549591,54.515215,On or near Park Crescent,E01012358,Darlington 014C,Anti-social behaviour,,
,2011-03,Durham Constabulary,Durham Constabulary,-1.561847,54.517417,On or near Marlborough Drive,E01012358,Darlington 014C,Anti-social behaviour,,
,2011-03,Durham Constabulary,Durham Constabulary,-1.551293,54.514880,On or near Berkeley Road,E01012358,Darlington 014C,Anti-social behaviour,,
,2011-03,Durham Constabulary,Durham Constabulary,-1.552677,54.514068,On or near Kingsbury Mews,E01012358,Darlington 014C,Anti-social behaviour,,
,2011-03,Durham Constabulary,Durham Constabulary,-1.551242,54.516722,On or near Geneva Terrace,E01012358,Darlington 014C,Anti-social behaviour,,
,2011-03,Durham Constabulary,Durham Constabulary,-1.551293,54.514880,On or near Berkeley Road,E01012358,Darlington 014C,Anti-social behaviour,,
,2011-03,Durham Constabulary,Durham Constabulary,-1.558017,54.513045,On or near Loraine Crescent,E01012358,Darlington 014C,Anti-social behaviour,,
,2011-03,Durham Constabulary,Durham Constabulary,-1.552677,54.514068,On or near Kingsbury Mews,E01012358,Darlington 014C,Anti-social behaviour,,
,2011-03,Durham Constabulary,Durham Constabulary,-1.552677,54.514068,On or near Kingsbury Mews,E01012358,Darlington 014C,Anti-social behaviour,,
,2011-03,Durham Constabulary,Durham Constabulary,-1.552677,54.514068,On or near Kingsbury Mews,E01012358,Darlington 014C,Anti-social behaviour,,
,2011-03,Durham Constabulary,Durham Constabulary,-1.551293,54.514880,On or near Berkeley Road,E01012358,Darlington 014C,Anti-social behaviour,,
,2011-03,Durham Constabulary,Durham Constabulary,-1.551242,54.516722,On or near Geneva Terrace,E01012358,Darlington 014C,Burglary,,
,2011-03,Durham Constabulary,Durham Constabulary,-1.558813,54.513749,On or near Heslop Drive,E01012358,Darlington 014C,Vehicle crime,,
,2011-03,Durham Constabulary,Durham Constabulary,-1.561153,54.512957,On or near Lakeside,E01012358,Darlington 014C,Violent crime,,
,2011-03,Durham Constabulary,Durham Constabulary,-1.557618,54.511336,On or near Humber Place,E01012358,Darlington 014C,Other crime,,
,2011-03,Durham Constabulary,Durham Constabulary,-1.561847,54.517417,On or near Marlborough Drive,E01012358,Darlington 014C,Other crime,,
,2011-03,Durham Constabulary,Durham Constabulary,-1.558813,54.513749,On or near Heslop Drive,E01012358,Darlington 014C,Other crime,,
,2011-03,Durham Constabulary,Durham Constabulary,-1.551293,54.514880,On or near Berkeley Road,E01012358,Darlington 014C,Other crime,,
,2011-03,Durham Constabulary,Durham Constabulary,-1.551293,54.514880,On or near Berkeley Road,E01012358,Darlington 014C,Other crime,,
,2011-03,Durham Constabulary,Durham Constabulary,-1.549591,54.515215,On or near Park Crescent,E01012358,Darlington 014C,Other crime,,
,2011-03,Durham Constabulary,Durham Constabulary,-1.561153,54.512957,On or near Lakeside,E01012358,Darlington 014C,Other crime,,
,2011-03,Durham Constabulary,Durham Constabulary,-1.558017,54.513045,On or near Loraine Crescent,E01012358,Darlington 014C,Other crime,,
,2011-03,Durham Constabulary,Durham Constabulary,-1.551242,54.516722,On or near Geneva Terrace,E01012358,Darlington 014C,Other crime,,
,2011-03,Durham Constabulary,Durham Constabulary,-1.554722,54.509276,On or near Thames Way,E01012359,Darlington 014D,Anti-social behaviour,,
,2011-03,Durham Constabulary,Durham Constabulary,-1.554722,54.509276,On or near Thames Way,E01012359,Darlington 014D,Anti-social behaviour,,
,2011-03,Durham Constabulary,Durham Constabulary,-1.550112,54.511299,On or near Ruskin Road,E01012359,Darlington 014D,Anti-social behaviour,,
,2011-03,Durham Constabulary,Durham Constabulary,-1.550966,54.512309,On or near Wordsworth Road,E01012359,Darlington 014D,Anti-social behaviour,,
,2011-03,Durham Constabulary,Durham Constabulary,-1.554722,54.509276,On or near Thames Way,E01012359,Darlington 014D,Anti-social behaviour,,
,2011-03,Durham Constabulary,Durham Constabulary,-1.550147,54.512342,On or near Tennyson Gardens,E01012359,Darlington 014D,Anti-social behaviour,,
,2011-03,Durham Constabulary,Durham Constabulary,-1.551676,54.509588,On or near Tyne Crescent,E01012359,Darlington 014D,Anti-social behaviour,,
,2011-03,Durham Constabulary,Durham Constabulary,-1.552941,54.511148,On or near Coleridge Gardens,E01012359,Darlington 014D,Anti-social behaviour,,
,2011-03,Durham Constabulary,Durham Constabulary,-1.550990,54.510143,On or near Tees Drive,E01012359,Darlington 014D,Anti-social behaviour,,
,2011-03,Durham Constabulary,Durham Constabulary,-1.550147,54.512342,On or near Tennyson Gardens,E01012359,Darlington 014D,Anti-social behaviour,,
,2011-03,Durham Constabulary,Durham Constabulary,-1.550552,54.510663,On or near Severn Way,E01012359,Darlington 014D,Anti-social behaviour,,
,2011-03,Durham Constabulary,Durham Constabulary,-1.552941,54.511148,On or near Coleridge Gardens,E01012359,Darlington 014D,Anti-social behaviour,,
,2011-03,Durham Constabulary,Durham Constabulary,-1.554666,54.508719,On or near Arkle Crescent,E01012359,Darlington 014D,Anti-social behaviour,,
,2011-03,Durham Constabulary,Durham Constabulary,-1.550147,54.512342,On or near Tennyson Gardens,E01012359,Darlington 014D,Anti-social behaviour,,
,2011-03,Durham Constabulary,Durham Constabulary,-1.552941,54.511148,On or near Coleridge Gardens,E01012359,Darlington 014D,Anti-social behaviour,,
,2011-03,Durham Constabulary,Durham Constabulary,-1.552941,54.511148,On or near Coleridge Gardens,E01012359,Darlington 014D,Anti-social behaviour,,
,2011-03,Durham Constabulary,Durham Constabulary,-1.550147,54.512342,On or near Tennyson Gardens,E01012359,Darlington 014D,Anti-social behaviour,,
,2011-03,Durham Constabulary,Durham Constabulary,-1.554666,54.508719,On or near Arkle Crescent,E01012359,Darlington 014D,Anti-social behaviour,,
,2011-03,Durham Constabulary,Durham Constabulary,-1.550966,54.512309,On or near Wordsworth Road,E01012359,Darlington 014D,Anti-social behaviour,,
,2011-03,Durham Constabulary,Durham Constabulary,-1.550147,54.512342,On or near Tennyson Gardens,E01012359,Darlington 014D,Anti-social behaviour,,
,2011-03,Durham Constabulary,Durham Constabulary,-1.550453,54.509808,On or near Tweed Place,E01012359,Darlington 014D,Anti-social behaviour,,
,2011-03,Durham Constabulary,Durham Constabulary,-1.550966,54.512309,On or near Wordsworth Road,E01012359,Darlington 014D,Anti-social behaviour,,
,2011-03,Durham Constabulary,Durham Constabulary,-1.550966,54.512309,On or near Wordsworth Road,E01012359,Darlington 014D,Anti-social behaviour,,
,2011-03,Durham Constabulary,Durham Constabulary,-1.552941,54.511148,On or near Coleridge Gardens,E01012359,Darlington 014D,Anti-social behaviour,,
,2011-03,Durham Constabulary,Durham Constabulary,-1.555683,54.510340,On or near Shannon Way,E01012359,Darlington 014D,Anti-social behaviour,,
,2011-03,Durham Constabulary,Durham Constabulary,-1.550112,54.511299,On or near Ruskin Road,E01012359,Darlington 014D,Anti-social behaviour,,
,2011-03,Durham Constabulary,Durham Constabulary,-1.554666,54.508719,On or near Arkle Crescent,E01012359,Darlington 014D,Anti-social behaviour,,
,2011-03,Durham Constabulary,Durham Constabulary,-1.551676,54.509588,On or near Tyne Crescent,E01012359,Darlington 014D,Anti-social behaviour,,
,2011-03,Durham Constabulary,Durham Constabulary,-1.548822,54.512022,On or near Shakespeare Road,E01012359,Darlington 014D,Anti-social behaviour,,
,2011-03,Durham Constabulary,Durham Constabulary,-1.550966,54.512309,On or near Wordsworth Road,E01012359,Darlington 014D,Anti-social behaviour,,
,2011-03,Durham Constabulary,Durham Constabulary,-1.550112,54.511299,On or near Ruskin Road,E01012359,Darlington 014D,Anti-social behaviour,,
,2011-03,Durham Constabulary,Durham Constabulary,-1.554666,54.508719,On or near Arkle Crescent,E01012359,Darlington 014D,Anti-social behaviour,,
,2011-03,Durham Constabulary,Durham Constabulary,-1.550453,54.509808,On or near Tweed Place,E01012359,Darlington 014D,Anti-social behaviour,,
,2011-03,Durham Constabulary,Durham Constabulary,-1.554666,54.508719,On or near Arkle Crescent,E01012359,Darlington 014D,Anti-social behaviour,,
,2011-03,Durham Constabulary,Durham Constabulary,-1.548822,54.512022,On or near Shakespeare Road,E01012359,Darlington 014D,Burglary,,
,2011-03,Durham Constabulary,Durham Constabulary,-1.548822,54.512022,On or near Shakespeare Road,E01012359,Darlington 014D,Burglary,,
,2011-03,Durham Constabulary,Durham Constabulary,-1.548822,54.512022,On or near Shakespeare Road,E01012359,Darlington 014D,Burglary,,
,2011-03,Durham Constabulary,Durham Constabulary,-1.554666,54.508719,On or near Arkle Crescent,E01012359,Darlington 014D,Burglary,,
,2011-03,Durham Constabulary,Durham Constabulary,-1.554666,54.508719,On or near Arkle Crescent,E01012359,Darlington 014D,Burglary,,
,2011-03,Durham Constabulary,Durham Constabulary,-1.555018,54.510454,On or near Trent Place,E01012359,Darlington 014D,Vehicle crime,,
,2011-03,Durham Constabulary,Durham Constabulary,-1.548822,54.512022,On or near Shakespeare Road,E01012359,Darlington 014D,Violent crime,,
,2011-03,Durham Constabulary,Durham Constabulary,-1.554666,54.508719,On or near Arkle Crescent,E01012359,Darlington 014D,Violent crime,,
,2011-03,Durham Constabulary,Durham Constabulary,-1.550990,54.510143,On or near Tees Drive,E01012359,Darlington 014D,Violent crime,,
,2011-03,Durham Constabulary,Durham Constabulary,-1.550552,54.510663,On or near Severn Way,E01012359,Darlington 014D,Other crime,,
,2011-03,Durham Constabulary,Durham Constabulary,-1.554666,54.508719,On or near Arkle Crescent,E01012359,Darlington 014D,Other crime,,
,2011-03,Durham Constabulary,Durham Constabulary,-1.555018,54.510454,On or near Trent Place,E01012359,Darlington 014D,Other crime,,
,2011-03,Durham Constabulary,Durham Constabulary,-1.550112,54.511299,On or near Ruskin Road,E01012359,Darlington 014D,Other crime,,
,2011-03,Durham Constabulary,Durham Constabulary,-1.551676,54.509588,On or near Tyne Crescent,E01012359,Darlington 014D,Other crime,,
,2011-03,Durham Constabulary,Durham Constabulary,-1.550552,54.510663,On or near Severn Way,E01012359,Darlington 014D,Other crime,,
,2011-03,Durham Constabulary,Durham Constabulary,-1.551676,54.509588,On or near Tyne Crescent,E01012359,Darlington 014D,Other crime,,
,2011-03,Durham Constabulary,Durham Constabulary,-1.550990,54.510143,On or near Tees Drive,E01012359,Darlington 014D,Other crime,,
,2011-03,Durham Constabulary,Durham Constabulary,-1.550966,54.512309,On or near Wordsworth Road,E01012359,Darlington 014D,Other crime,,
,2011-03,Durham Constabulary,Durham Constabulary,-1.549295,54.509750,On or near Esk Road,E01012359,Darlington 014D,Other crime,,
,2011-03,Durham Constabulary,Durham Constabulary,-1.554666,54.508719,On or near Arkle Crescent,E01012359,Darlington 014D,Other crime,,
,2011-03,Durham Constabulary,Durham Constabulary,-1.504724,54.485338,On or near Hurworth Road,E01012338,Darlington 015A,Anti-social behaviour,,
,2011-03,Durham Constabulary,Durham Constabulary,-1.523342,54.487687,On or near Sanderson Road,E01012338,Darlington 015A,Anti-social behaviour,,
,2011-03,Durham Constabulary,Durham Constabulary,-1.525115,54.486561,On or near Lychgate,E01012338,Darlington 015A,Anti-social behaviour,,
,2011-03,Durham Constabulary,Durham Constabulary,-1.499286,54.486933,On or near New Lane,E01012338,Darlington 015A,Anti-social behaviour,,
,2011-03,Durham Constabulary,Durham Constabulary,-1.523342,54.487687,On or near Sanderson Road,E01012338,Darlington 015A,Anti-social behaviour,,
,2011-03,Durham Constabulary,Durham Constabulary,-1.523342,54.487687,On or near Sanderson Road,E01012338,Darlington 015A,Anti-social behaviour,,
,2011-03,Durham Constabulary,Durham Constabulary,-1.486801,54.489191,On or near Neasham Hill,E01012338,Darlington 015A,Burglary,,
,2011-03,Durham Constabulary,Durham Constabulary,-1.497177,54.486466,On or near Teesway,E01012338,Darlington 015A,Vehicle crime,,
,2011-03,Durham Constabulary,Durham Constabulary,-1.523012,54.485555,On or near Church Row,E01012338,Darlington 015A,Other crime,,
,2011-03,Durham Constabulary,Durham Constabulary,-1.504724,54.485338,On or near Hurworth Road,E01012338,Darlington 015A,Other crime,,
,2011-03,Durham Constabulary,Durham Constabulary,-1.538851,54.484053,On or near Elmfield Road,E01012339,Darlington 015B,Anti-social behaviour,,
,2011-03,Durham Constabulary,Durham Constabulary,-1.542223,54.479258,On or near Pilmore Mews,E01012339,Darlington 015B,Anti-social behaviour,,
,2011-03,Durham Constabulary,Durham Constabulary,-1.547849,54.485453,On or near Eden Close,E01012339,Darlington 015B,Anti-social behaviour,,
,2011-03,Durham Constabulary,Durham Constabulary,-1.547627,54.483223,On or near Hurworth Road,E01012339,Darlington 015B,Anti-social behaviour,,
,2011-03,Durham Constabulary,Durham Constabulary,-1.534040,54.486317,On or near West End,E01012339,Darlington 015B,Burglary,,
,2011-03,Durham Constabulary,Durham Constabulary,-1.538851,54.484053,On or near Elmfield Road,E01012339,Darlington 015B,Violent crime,,
,2011-03,Durham Constabulary,Durham Constabulary,-1.542223,54.479258,On or near Pilmore Mews,E01012339,Darlington 015B,Other crime,,
,2011-03,Durham Constabulary,Durham Constabulary,-1.534040,54.486317,On or near West End,E01012339,Darlington 015B,Other crime,,
,2011-03,Durham Constabulary,Durham Constabulary,-1.466373,54.514473,On or near The Meadows,E01012344,Darlington 015C,Anti-social behaviour,,
,2011-03,Durham Constabulary,Durham Constabulary,-1.466571,54.513539,On or near Chapel Street,E01012344,Darlington 015C,Vehicle crime,,
,2011-03,Durham Constabulary,Durham Constabulary,-1.466571,54.513539,On or near Chapel Street,E01012344,Darlington 015C,Other crime,,
,2011-03,Durham Constabulary,Durham Constabulary,-1.460136,54.516566,On or near Swain Court,E01012344,Darlington 015C,Other crime,,
,2011-03,Durham Constabulary,Durham Constabulary,-1.466571,54.513539,On or near Chapel Street,E01012344,Darlington 015C,Other crime,,
,2011-03,Durham Constabulary,Durham Constabulary,-1.470207,54.513052,On or near Cedarwood,E01012344,Darlington 015C,Other crime,,
,2011-03,Durham Constabulary,Durham Constabulary,-1.466571,54.513539,On or near Chapel Street,E01012344,Darlington 015C,Other crime,,
,2011-03,Durham Constabulary,Durham Constabulary,-1.470207,54.513052,On or near Cedarwood,E01012344,Darlington 015C,Other crime,,
,2011-03,Durham Constabulary,Durham Constabulary,-1.442203,54.515352,On or near Oaktree Close,E01012345,Darlington 015D,Anti-social behaviour,,
,2011-03,Durham Constabulary,Durham Constabulary,-1.463063,54.506549,On or near Ropner Gardens,E01012345,Darlington 015D,Anti-social behaviour,,
,2011-03,Durham Constabulary,Durham Constabulary,-1.448298,54.515811,On or near Fairfax Road,E01012345,Darlington 015D,Anti-social behaviour,,
,2011-03,Durham Constabulary,Durham Constabulary,-1.442203,54.515352,On or near Oaktree Close,E01012345,Darlington 015D,Anti-social behaviour,,
,2011-03,Durham Constabulary,Durham Constabulary,-1.465593,54.506821,On or near Castle Close,E01012345,Darlington 015D,Anti-social behaviour,,
,2011-03,Durham Constabulary,Durham Constabulary,-1.454931,54.504913,On or near The Oaklands,E01012345,Darlington 015D,Anti-social behaviour,,
,2011-03,Durham Constabulary,Durham Constabulary,-1.468622,54.505433,On or near Church Close,E01012345,Darlington 015D,Burglary,,
,2011-03,Durham Constabulary,Durham Constabulary,-1.442203,54.515352,On or near Oaktree Close,E01012345,Darlington 015D,Violent crime,,
,2011-03,Durham Constabulary,Durham Constabulary,-1.442203,54.515352,On or near Oaktree Close,E01012345,Darlington 015D,Violent crime,,
,2011-03,Durham Constabulary,Durham Constabulary,-1.448151,54.516440,On or near Alexandria Drive,E01012345,Darlington 015D,Other crime,,
,2011-03,Durham Constabulary,Durham Constabulary,-1.442203,54.515352,On or near Oaktree Close,E01012345,Darlington 015D,Other crime,,
,2011-03,Durham Constabulary,Durham Constabulary,-1.442712,54.514231,On or near The Crescent,E01012345,Darlington 015D,Other crime,,
,2011-03,Durham Constabulary,Durham Constabulary,-1.469697,54.515422,On or near The Greenway,E01012346,Darlington 015E,Anti-social behaviour,,
,2011-03,Durham Constabulary,Durham Constabulary,-1.472086,54.513437,On or near Thorntree Gardens,E01012346,Darlington 015E,Anti-social behaviour,,
,2011-03,Durham Constabulary,Durham Constabulary,-1.466274,54.517312,On or near Woodlands Green,E01012346,Darlington 015E,Anti-social behaviour,,
,2011-03,Durham Constabulary,Durham Constabulary,-1.470460,54.517402,On or near High Stell,E01012346,Darlington 015E,Anti-social behaviour,,
,2011-03,Durham Constabulary,Durham Constabulary,-1.465977,54.518803,On or near Farnborough Court,E01012346,Darlington 015E,Anti-social behaviour,,
,2011-03,Durham Constabulary,Durham Constabulary,-1.476196,54.523053,On or near St. Georges Gate,E01012346,Darlington 015E,Anti-social behaviour,,
,2011-03,Durham Constabulary,Durham Constabulary,-1.470261,54.516044,On or near Grendon Gardens,E01012346,Darlington 015E,Anti-social behaviour,,
,2011-03,Durham Constabulary,Durham Constabulary,-1.458906,54.517279,On or near Stansted Grove,E01012346,Darlington 015E,Anti-social behaviour,,
,2011-03,Durham Constabulary,Durham Constabulary,-1.469697,54.515422,On or near The Greenway,E01012346,Darlington 015E,Anti-social behaviour,,
,2011-03,Durham Constabulary,Durham Constabulary,-1.476196,54.523053,On or near St. Georges Gate,E01012346,Darlington 015E,Anti-social behaviour,,
,2011-03,Durham Constabulary,Durham Constabulary,-1.469697,54.515422,On or near The Greenway,E01012346,Darlington 015E,Anti-social behaviour,,
,2011-03,Durham Constabulary,Durham Constabulary,-1.470460,54.517402,On or near High Stell,E01012346,Darlington 015E,Anti-social behaviour,,
,2011-03,Durham Constabulary,Durham Constabulary,-1.469697,54.515422,On or near The Greenway,E01012346,Darlington 015E,Violent crime,,
,2011-03,Durham Constabulary,Durham Constabulary,-1.472086,54.513437,On or near Thorntree Gardens,E01012346,Darlington 015E,Other crime,,
,2011-03,Durham Constabulary,Durham Constabulary,-1.472086,54.513437,On or near Thorntree Gardens,E01012346,Darlington 015E,Other crime,,
,2011-03,Durham Constabulary,Durham Constabulary,-1.470261,54.516044,On or near Grendon Gardens,E01012346,Darlington 015E,Other crime,,
,2011-03,Durham Constabulary,Durham Constabulary,-1.462889,54.516282,On or near The Beeches,E01012346,Darlington 015E,Other crime,,
,2011-03,Durham Constabulary,Durham Constabulary,-1.676743,54.921952,On or near Fell Close,E01008274,Gateshead 019G,Anti-social behaviour,,
,2011-03,Durham Constabulary,Durham Constabulary,-1.757700,54.914511,On or near Holmewood Drive,E01008184,Gateshead 022A,Violent crime,,
,2011-03,Durham Constabulary,Durham Constabulary,-1.587341,54.922176,On or near Ivanhoe View,E01008190,Gateshead 023B,Anti-social behaviour,,
,2011-03,Durham Constabulary,Durham Constabulary,-1.769116,54.923106,On or near Woodlea Road,E01008183,Gateshead 024A,Anti-social behaviour,,
,2011-03,Durham Constabulary,Durham Constabulary,-1.818055,54.914014,On or near Moorland View,E01008187,Gateshead 024C,Anti-social behaviour,,
,2011-03,Durham Constabulary,Durham Constabulary,-1.575842,54.901440,On or near Sanders Gardens,E01008222,Gateshead 025A,Anti-social behaviour,,
,2011-03,Durham Constabulary,Durham Constabulary,-1.573153,54.881382,On or near Cambridge Place,E01008173,Gateshead 026B,Anti-social behaviour,,
,2011-03,Durham Constabulary,Durham Constabulary,-1.578637,54.898053,On or near Craig Street,E01008175,Gateshead 026D,Anti-social behaviour,,
,2011-03,Durham Constabulary,Durham Constabulary,-1.576130,54.896301,On or near The Avenue,E01008175,Gateshead 026D,Anti-social behaviour,,
,2011-03,Durham Constabulary,Durham Constabulary,-1.834328,53.597553,On or near Bent Ley Road,E01011178,Kirklees 055E,Anti-social behaviour,,
,2011-03,Durham Constabulary,Durham Constabulary,-1.835500,54.486186,On or near Hallgarth Court,E01027762,Richmondshire 001F,Anti-social behaviour,,
,2011-03,Durham Constabulary,Durham Constabulary,-1.835500,54.486186,On or near Hallgarth Court,E01027762,Richmondshire 001F,Burglary,,
,2011-03,Durham Constabulary,Durham Constabulary,-1.365784,54.642150,On or near Black Wood,E01033476,Stockton-on-Tees 005F,Vehicle crime,,
,2011-03,Durham Constabulary,Durham Constabulary,-1.486508,54.877686,On or near Bonaventure,E01032484,Sunderland 032G,Anti-social behaviour,,
,2011-03,Durham Constabulary,Durham Constabulary,-1.465047,54.837694,On or near Waller Terrace,E01008717,Sunderland 034D,Anti-social behaviour,,
